X(mm)  p(Pa)  T(K)  X_H2_  X_H_  X_O2_  X_OH_  X_H2O_  X_CH_  X_CH4_  X_CO_  X_CO2_  X_CH2O_  X_C2H6_  X_N2_  X_C3H8_
0.000000e+00  1.013250e+05  5.000000e+02  2.658276e-08  1.356215e-22  1.900452e-01  2.746784e-21  3.146738e-11  2.225487e-47  9.502262e-02  1.531203e-12  4.204333e-14  2.618048e-14  5.046639e-15  7.149321e-01  2.919377e-18
2.465000e+01  1.013250e+05  5.000000e+02  3.230949e-06  1.016467e-20  1.900446e-01  8.103478e-19  1.193970e-08  6.010763e-45  9.502230e-02  6.921425e-10  2.408367e-11  1.466045e-11  3.083099e-12  7.149298e-01  2.296730e-15
4.831400e+01  1.013250e+05  5.000198e+02  3.696243e-04  5.162242e-16  1.899747e-01  7.309684e-14  4.261928e-06  1.840007e-35  9.498384e-02  2.943168e-07  1.297687e-08  7.719382e-09  1.771515e-09  7.146672e-01  1.699444e-12
4.880700e+01  1.013250e+05  5.001034e+02  8.279314e-04  1.430132e-14  1.898842e-01  2.592572e-12  2.076051e-05  1.066506e-31  9.493074e-02  1.651776e-06  8.882078e-08  4.960592e-08  1.255694e-08  7.143345e-01  1.533967e-11
4.930000e+01  1.013250e+05  5.008867e+02  2.388831e-03  1.539765e-12  1.895493e-01  1.777932e-10  1.618730e-04  6.034064e-27  9.471114e-02  1.523046e-05  1.030172e-06  5.545690e-07  1.543109e-07  7.131711e-01  2.428068e-10
4.941667e+01  1.013250e+05  5.020233e+02  3.306624e-03  1.317209e-11  1.893154e-01  1.003259e-09  3.509643e-04  6.544443e-25  9.453267e-02  3.631239e-05  2.823031e-06  1.460469e-06  4.368078e-07  7.124514e-01  8.178867e-10
4.947500e+01  1.013250e+05  5.034254e+02  3.960182e-03  5.220065e-11  1.891152e-01  3.033669e-09  5.716539e-04  1.321140e-23  9.436478e-02  6.364097e-05  5.528933e-06  2.773372e-06  8.797338e-07  7.119119e-01  1.903014e-09
4.953333e+01  1.013250e+05  5.061889e+02  4.796896e-03  2.227405e-10  1.888021e-01  9.946599e-09  9.874204e-04  3.326537e-22  9.408570e-02  1.198485e-04  1.185890e-05  5.734347e-06  1.950799e-06  7.111818e-01  4.985903e-09
4.959167e+01  1.013250e+05  5.115992e+02  5.864422e-03  1.040842e-09  1.882884e-01  3.358346e-08  1.766496e-03  9.836391e-21  9.360817e-02  2.349357e-04  2.659230e-05  1.230739e-05  4.523700e-06  7.101804e-01  1.369767e-08
4.962083e+01  1.013250e+05  5.162190e+02  6.506512e-03  2.772053e-09  1.878936e-01  6.528240e-08  2.407856e-03  7.228896e-20  9.323514e-02  3.372345e-04  4.122021e-05  1.847918e-05  7.143415e-06  7.095326e-01  2.396330e-08
4.965000e+01  1.013250e+05  5.229787e+02  7.232848e-03  7.721643e-09  1.873472e-01  1.276029e-07  3.320441e-03  5.733233e-19  9.271869e-02  4.918396e-04  6.533013e-05  2.820411e-05  1.154981e-05  7.087536e-01  4.339972e-08
4.967917e+01  1.013250e+05  5.327950e+02  8.051013e-03  2.331867e-08  1.865840e-01  2.505553e-07  4.609590e-03  5.101552e-18  9.200292e-02  7.240606e-04  1.047878e-04  4.329865e-05  1.889878e-05  7.078154e-01  7.990999e-08
4.969375e+01  1.013250e+05  5.393307e+02  8.497497e-03  4.477602e-08  1.860861e-01  3.571888e-07  5.448952e-03  1.757857e-17  9.154139e-02  8.831323e-04  1.337755e-04  5.382380e-05  2.437410e-05  7.072738e-01  1.100010e-07
4.970833e+01  1.013250e+05  5.472771e+02  8.969967e-03  8.515004e-08  1.854862e-01  5.110946e-07  6.453098e-03  6.120069e-17  9.099148e-02  1.080711e-03  1.716707e-04  6.706173e-05  3.160705e-05  7.066770e-01  1.528888e-07
4.972292e+01  1.013250e+05  5.568962e+02  9.468764e-03  1.622067e-07  1.847637e-01  7.342449e-07  7.649204e-03  2.183727e-16  9.033773e-02  1.325191e-03  2.209906e-04  8.358163e-05  4.111097e-05  7.060207e-01  2.136905e-07
4.973750e+01  1.013250e+05  5.684811e+02  9.993941e-03  3.085322e-07  1.838952e-01  1.058537e-06  9.066875e-03  7.958661e-16  8.956284e-02  1.626378e-03  2.848483e-04  1.040110e-04  5.352035e-05  7.053011e-01  2.993484e-07
4.975208e+01  1.013250e+05  5.823529e+02  1.054522e-02  5.823637e-07  1.828540e-01  1.529580e-06  1.073761e-02  2.931718e-15  8.864780e-02  1.995559e-03  3.670404e-04  1.290147e-04  6.960396e-05  7.045153e-01  4.191390e-07
4.975937e+01  1.013250e+05  5.902866e+02  1.083061e-02  8.053119e-07  1.822569e-01  1.844364e-06  1.168139e-02  5.739119e-15  8.812946e-02  2.210707e-03  4.167956e-04  1.435033e-04  7.937950e-05  7.040962e-01  4.965392e-07
4.976667e+01  1.013250e+05  5.989609e+02  1.112234e-02  1.105313e-06  1.816021e-01  2.223889e-06  1.270448e-02  1.117204e-14  8.756606e-02  2.449116e-03  4.734062e-04  1.594877e-04  9.053087e-05  7.036596e-01  5.887486e-07
4.977396e+01  1.013250e+05  6.084254e+02  1.142027e-02  1.507058e-06  1.808851e-01  2.679747e-06  1.381135e-02  2.163036e-14  8.695459e-02  2.712820e-03  5.376770e-04  1.770609e-04  1.032154e-04  7.032053e-01  6.982770e-07
4.978125e+01  1.013250e+05  6.187296e+02  1.172421e-02  2.041569e-06  1.801010e-01  3.224707e-06  1.500636e-02  4.159349e-14  8.629201e-02  3.003947e-03  6.104789e-04  1.963102e-04  1.175996e-04  7.027336e-01  8.279658e-07
4.978854e+01  1.013250e+05  6.299226e+02  1.203394e-02  2.747399e-06  1.792452e-01  3.872471e-06  1.629374e-02  7.929272e-14  8.557527e-02  3.324706e-03  6.927483e-04  2.173146e-04  1.338574e-04  7.022448e-01  9.810058e-07
4.979583e+01  1.013250e+05  6.420522e+02  1.234925e-02  3.671869e-06  1.783128e-01  4.637317e-06  1.767751e-02  1.495770e-13  8.480130e-02  3.677377e-03  7.854868e-04  2.401423e-04  1.521683e-04  7.017394e-01  1.160948e-06
4.980313e+01  1.013250e+05  6.551645e+02  1.266986e-02  4.872313e-06  1.772989e-01  5.533647e-06  1.916145e-02  2.786965e-13  8.396708e-02  4.064300e-03  8.897594e-04  2.648478e-04  1.727134e-04  7.012182e-01  1.371704e-06
4.981042e+01  1.013250e+05  6.693036e+02  1.299551e-02  6.417262e-06  1.761984e-01  6.575502e-06  2.074905e-02  5.120711e-13  8.306963e-02  4.487857e-03  1.006692e-03  2.914693e-04  1.956724e-04  7.006819e-01  1.617533e-06
4.981771e+01  1.013250e+05  6.845101e+02  1.332590e-02  8.387506e-06  1.750066e-01  7.776127e-06  2.244346e-02  9.266168e-13  8.210605e-02  4.950457e-03  1.137469e-03  3.200249e-04  2.212179e-04  7.001315e-01  1.903015e-06
4.982500e+01  1.013250e+05  7.008216e+02  1.366071e-02  1.087699e-05  1.737186e-01  9.147716e-06  2.424743e-02  1.651078e-12  8.107355e-02  5.454520e-03  1.283329e-03  3.505096e-04  2.495098e-04  6.995683e-01  2.233001e-06
4.983958e+01  1.013250e+05  7.367875e+02  1.434204e-02  1.771542e-05  1.708450e-01  1.243027e-05  2.818438e-02  4.897734e-12  7.879723e-02  6.592298e-03  1.623449e-03  4.170609e-04  3.146212e-04  6.984090e-01  3.039603e-06
4.985417e+01  1.013250e+05  7.772966e+02  1.503691e-02  2.803214e-05  1.675542e-01  1.655315e-05  3.256376e-02  1.365691e-11  7.622832e-02  7.914371e-03  2.034921e-03  4.900961e-04  3.911670e-04  6.972155e-01  4.064207e-06
4.986875e+01  1.013250e+05  8.224675e+02  1.574257e-02  4.306231e-05  1.638164e-01  2.173332e-05  3.739185e-02  3.608700e-11  7.335078e-02  9.436923e-03  2.527747e-03  5.683449e-04  4.789747e-04  6.960004e-01  5.336067e-06
4.988333e+01  1.013250e+05  8.723373e+02  1.645603e-02  6.432465e-05  1.596045e-01  2.840299e-05  4.266855e-02  9.188512e-11  7.015114e-02  1.117464e-02  3.112225e-03  6.499040e-04  5.767034e-04  6.947774e-01  6.871684e-06
4.989062e+01  1.013250e+05  8.990591e+02  1.681462e-02  7.805401e-05  1.573087e-01  3.261833e-05  4.547649e-02  1.470064e-10  6.842446e-02  1.213031e-02  3.443365e-03  6.910451e-04  6.282067e-04  6.941676e-01  7.736464e-06
4.989792e+01  1.013250e+05  9.269733e+02  1.717382e-02  9.414110e-05  1.548805e-01  3.759038e-05  4.839740e-02  2.349702e-10  6.661047e-02  1.314687e-02  3.802879e-03  7.320658e-04  6.809025e-04  6.935618e-01  8.664197e-06
4.990521e+01  1.013250e+05  9.560551e+02  1.753304e-02  1.129389e-04  1.523176e-01  4.352859e-05  5.142920e-02  3.764784e-10  6.470861e-02  1.422547e-02  4.192212e-03  7.725973e-04  7.339770e-04  6.929617e-01  9.645471e-06
4.991250e+01  1.013250e+05  9.862710e+02  1.789166e-02  1.348617e-04  1.496184e-01  5.069867e-05  5.456928e-02  6.058222e-10  6.271880e-02  1.536694e-02  4.612788e-03  8.122694e-04  7.864166e-04  6.923693e-01  1.066562e-05
4.991979e+01  1.013250e+05  1.017578e+03  1.824892e-02  1.603974e-04  1.467819e-01  5.942977e-05  5.781440e-02  9.800224e-10  6.064155e-02  1.657176e-02  5.065997e-03  8.507149e-04  8.369998e-04  6.917863e-01  1.170360e-05
4.992708e+01  1.013250e+05  1.049924e+03  1.860396e-02  1.901201e-04  1.438078e-01  7.012205e-05  6.116068e-02  1.593713e-09  5.847811e-02  1.783994e-02  5.553181e-03  8.875707e-04  8.843026e-04  6.912144e-01  1.273109e-05
4.993437e+01  1.013250e+05  1.083242e+03  1.895577e-02  2.247011e-04  1.406969e-01  8.325454e-05  6.460344e-02  2.603116e-09  5.623059e-02  1.917098e-02  6.075615e-03  9.224735e-04  9.267226e-04  6.906553e-01  1.371191e-05
4.994167e+01  1.013250e+05  1.117456e+03  1.930318e-02  2.649183e-04  1.374508e-01  9.939318e-05  6.813712e-02  4.263916e-09  5.390213e-02  2.056375e-02  6.634483e-03  9.550532e-04  9.625274e-04  6.901105e-01  1.460226e-05
4.994896e+01  1.013250e+05  1.152479e+03  1.964478e-02  3.116620e-04  1.340725e-01  1.191991e-04  7.175517e-02  6.989726e-09  5.149710e-02  2.201637e-02  7.230860e-03  9.849245e-04  9.899302e-04  6.895817e-01  1.535211e-05
4.995625e+01  1.013250e+05  1.188209e+03  1.997895e-02  3.659361e-04  1.305664e-01  1.434365e-04  7.544990e-02  1.143979e-08  4.902127e-02  2.352614e-02  7.865674e-03  1.011680e-03  1.007195e-03  6.890704e-01  1.590809e-05
4.996354e+01  1.013250e+05  1.224533e+03  2.030378e-02  4.288526e-04  1.269384e-01  1.729803e-04  7.921240e-02  1.864611e-08  4.648196e-02  2.508933e-02  8.539684e-03  1.034887e-03  1.012766e-03  6.885781e-01  1.621800e-05
4.997083e+01  1.013250e+05  1.261324e+03  2.061707e-02  5.016183e-04  1.231963e-01  2.088228e-04  8.303239e-02  3.019011e-08  4.388819e-02  2.670111e-02  9.253439e-03  1.054091e-03  1.005414e-03  6.881065e-01  1.623679e-05
4.997813e+01  1.013250e+05  1.298446e+03  2.091629e-02  5.855111e-04  1.193497e-01  2.520778e-04  8.689816e-02  4.843559e-08  4.125079e-02  2.835539e-02  1.000725e-02  1.068826e-03  9.843882e-04  6.876571e-01  1.593337e-05
4.998542e+01  1.013250e+05  1.335749e+03  2.119859e-02  6.818461e-04  1.154101e-01  3.039826e-04  9.079652e-02  7.681589e-08  3.858244e-02  3.004469e-02  1.080115e-02  1.078634e-03  9.495428e-04  6.872317e-01  1.529699e-05
4.999271e+01  1.013250e+05  1.373073e+03  2.146079e-02  7.919298e-04  1.113913e-01  3.658966e-04  9.471281e-02  1.201558e-07  3.589764e-02  3.176007e-02  1.163488e-02  1.083086e-03  9.014339e-04  6.868321e-01  1.434192e-05
5.000000e+01  1.013250e+05  1.410250e+03  2.169944e-02  9.170044e-04  1.073088e-01  4.392929e-04  9.863099e-02  1.849820e-07  3.321261e-02  3.349105e-02  1.250785e-02  1.081812e-03  8.413512e-04  6.864600e-01  1.310885e-05
5.000729e+01  1.013250e+05  1.447105e+03  2.191084e-02  1.058182e-03  1.031803e-01  5.257437e-04  1.025338e-01  2.797399e-07  3.054500e-02  3.522558e-02  1.341915e-02  1.074530e-03  7.712785e-04  6.861174e-01  1.166234e-05
5.001458e+01  1.013250e+05  1.483460e+03  2.209115e-02  1.216376e-03  9.902475e-02  6.268940e-04  1.064028e-01  4.147951e-07  2.791360e-02  3.695017e-02  1.436752e-02  1.061074e-03  6.937760e-04  6.858059e-01  1.008414e-05
5.002187e+01  1.013250e+05  1.519131e+03  2.223650e-02  1.392226e-03  9.486285e-02  7.444226e-04  1.102190e-01  6.020561e-07  2.533787e-02  3.864996e-02  1.535139e-02  1.041407e-03  6.117921e-04  6.855272e-01  8.463473e-06
5.002917e+01  1.013250e+05  1.553938e+03  2.234312e-02  1.586030e-03  9.071609e-02  8.799856e-04  1.139631e-01  8.539370e-07  2.283736e-02  4.030895e-02  1.636886e-02  1.015635e-03  5.284259e-04  6.852827e-01  6.886101e-06
5.003281e+01  1.013250e+05  1.570947e+03  2.238055e-02  1.689643e-03  8.865692e-02  9.551352e-04  1.158005e-01  1.007935e-06  2.162268e-02  4.111668e-02  1.688938e-02  1.000544e-03  4.873525e-04  6.851738e-01  6.141017e-06
5.003646e+01  1.013250e+05  1.587671e+03  2.240700e-02  1.797678e-03  8.660996e-02  1.035419e-03  1.176125e-01  1.182218e-06  2.043417e-02  4.190763e-02  1.741761e-02  9.840036e-04  4.470443e-04  6.850739e-01  5.433045e-06
5.004010e+01  1.013250e+05  1.604087e+03  2.242210e-02  1.910049e-03  8.457798e-02  1.121013e-03  1.193965e-01  1.377806e-06  1.927405e-02  4.267960e-02  1.795325e-02  9.660660e-04  4.078289e-04  6.849831e-01  4.768256e-06
5.004375e+01  1.013250e+05  1.620176e+03  2.242555e-02  2.026646e-03  8.256375e-02  1.212075e-03  1.211505e-01  1.595365e-06  1.814441e-02  4.343041e-02  1.849597e-02  9.467882e-04  3.700001e-04  6.849014e-01  4.151229e-06
5.005104e+01  1.013250e+05  1.651321e+03  2.239677e-02  2.272077e-03  7.859590e-02  1.410986e-03  1.245622e-01  2.097348e-06  1.598187e-02  4.486247e-02  1.960172e-02  9.044103e-04  2.992421e-04  6.847651e-01  3.069061e-06
5.005469e+01  1.013250e+05  1.666322e+03  2.236395e-02  2.400351e-03  7.665029e-02  1.519071e-03  1.262136e-01  2.379407e-06  1.495396e-02  4.553763e-02  2.016344e-02  8.815503e-04  2.668489e-04  6.847106e-01  2.605513e-06
5.005833e+01  1.013250e+05  1.680923e+03  2.231873e-02  2.532112e-03  7.473275e-02  1.633008e-03  1.278268e-01  2.680698e-06  1.396331e-02  4.618331e-02  2.073082e-02  8.576370e-04  2.365971e-04  6.846651e-01  2.193741e-06
5.006198e+01  1.013250e+05  1.695110e+03  2.226108e-02  2.667106e-03  7.284562e-02  1.752818e-03  1.294000e-01  2.998903e-06  1.301113e-02  4.679762e-02  2.130350e-02  8.327525e-04  2.085661e-04  6.846285e-01  1.831813e-06
5.006563e+01  1.013250e+05  1.708868e+03  2.219104e-02  2.805058e-03  7.099109e-02  1.878483e-03  1.309317e-01  3.331002e-06  1.209843e-02  4.737881e-02  2.188108e-02  8.069828e-04  1.827938e-04  6.846007e-01  1.517001e-06
5.006927e+01  1.013250e+05  1.722187e+03  2.210872e-02  2.945668e-03  6.917123e-02  2.009947e-03  1.324204e-01  3.673293e-06  1.122598e-02  4.792524e-02  2.246319e-02  7.804174e-04  1.592797e-04  6.845814e-01  1.245977e-06
5.007292e+01  1.013250e+05  1.735056e+03  2.201432e-02  3.088621e-03  6.738794e-02  2.147108e-03  1.338649e-01  4.021441e-06  1.039433e-02  4.843542e-02  2.304941e-02  7.531494e-04  1.379884e-04  6.845705e-01  1.015007e-06
5.007656e+01  1.013250e+05  1.747466e+03  2.190809e-02  3.233583e-03  6.564298e-02  2.289823e-03  1.352641e-01  4.370562e-06  9.603811e-03  4.890806e-02  2.363936e-02  7.252752e-04  1.188539e-04  6.845678e-01  8.201302e-07
5.008021e+01  1.013250e+05  1.759411e+03  2.179038e-02  3.380209e-03  6.393792e-02  2.437900e-03  1.366172e-01  4.715339e-06  8.854509e-03  4.934203e-02  2.423261e-02  6.968947e-04  1.017849e-04  6.845731e-01  6.573191e-07
5.008385e+01  1.013250e+05  1.770886e+03  2.166159e-02  3.528145e-03  6.227417e-02  2.591101e-03  1.379235e-01  5.050165e-06  8.146297e-03  4.973642e-02  2.482875e-02  6.681109e-04  8.666954e-05  6.845860e-01  5.226093e-07
5.008750e+01  1.013250e+05  1.781889e+03  2.152220e-02  3.677030e-03  6.065295e-02  2.749143e-03  1.391824e-01  5.369312e-06  7.478832e-03  5.009051e-02  2.542737e-02  6.390297e-04  7.338058e-05  6.846063e-01  4.122069e-07
5.009115e+01  1.013250e+05  1.792419e+03  2.137277e-02  3.826502e-03  5.907532e-02  2.911696e-03  1.403936e-01  5.667112e-06  6.851567e-03  5.040381e-02  2.602802e-02  6.097599e-04  6.178006e-05  6.846337e-01  3.225665e-07
5.009479e+01  1.013250e+05  1.802478e+03  2.121392e-02  3.976199e-03  5.754212e-02  3.078387e-03  1.415569e-01  5.938151e-06  6.263765e-03  5.067606e-02  2.663029e-02  5.804123e-04  5.172392e-05  6.846679e-01  2.504445e-07
5.009844e+01  1.013250e+05  1.812067e+03  2.104630e-02  4.125763e-03  5.605406e-02  3.248803e-03  1.426725e-01  6.177443e-06  5.714515e-03  5.090722e-02  2.723374e-02  5.510995e-04  4.306597e-05  6.847085e-01  1.929294e-07
5.010208e+01  1.013250e+05  1.821193e+03  2.087065e-02  4.274844e-03  5.461162e-02  3.422492e-03  1.437404e-01  6.380599e-06  5.202748e-03  5.109748e-02  2.783791e-02  5.219347e-04  3.566144e-05  6.847553e-01  1.474521e-07
5.010573e+01  1.013250e+05  1.829863e+03  2.068774e-02  4.423102e-03  5.321514e-02  3.598971e-03  1.447611e-01  6.543941e-06  4.727254e-03  5.124725e-02  2.844238e-02  4.930307e-04  2.936978e-05  6.848079e-01  1.117810e-07
5.010938e+01  1.013250e+05  1.838084e+03  2.049837e-02  4.570210e-03  5.186479e-02  3.777731e-03  1.457351e-01  6.664553e-06  4.286706e-03  5.135717e-02  2.904670e-02  4.644987e-04  2.405696e-05  6.848660e-01  8.400433e-08
5.011667e+01  1.013250e+05  1.853220e+03  2.010272e-02  4.860084e-03  4.930191e-02  4.140537e-03  1.475454e-01  6.771091e-06  3.505929e-03  5.146017e-02  3.025368e-02  4.088654e-04  1.598558e-05  6.849974e-01  4.724636e-08
5.012396e+01  1.013250e+05  1.866727e+03  1.969153e-02  5.141852e-03  4.691932e-02  4.505950e-03  1.491802e-01  6.699098e-06  2.845513e-03  5.141828e-02  3.145482e-02  3.559308e-04  1.042116e-05  6.851470e-01  2.589061e-08
5.013125e+01  1.013250e+05  1.878722e+03  1.927170e-02  5.413560e-03  4.471302e-02  4.869598e-03  1.506480e-01  6.461713e-06  2.292653e-03  5.124319e-02  3.264664e-02  3.063926e-04  6.672368e-06  6.853120e-01  1.384340e-08
5.013854e+01  1.013250e+05  1.889339e+03  1.884992e-02  5.673596e-03  4.267724e-02  5.227274e-03  1.519588e-01  6.084213e-06  1.834399e-03  5.094855e-02  3.382580e-02  2.608039e-04  4.200741e-06  6.854900e-01  7.232869e-09
5.014583e+01  1.013250e+05  1.898717e+03  1.843240e-02  5.920692e-03  4.080472e-02  5.575133e-03  1.531233e-01  5.600037e-06  1.458131e-03  5.054933e-02  3.498909e-02  2.195479e-04  2.603635e-06  6.856786e-01  3.698285e-09
5.015313e+01  1.013250e+05  1.906999e+03  1.802470e-02  6.153920e-03  3.908710e-02  5.909846e-03  1.541529e-01  5.046055e-06  1.151927e-03  5.006111e-02  3.613352e-02  1.828263e-04  1.590666e-06  6.858757e-01  1.853406e-09
5.016042e+01  1.013250e+05  1.914323e+03  1.763156e-02  6.372657e-03  3.751526e-02  6.228698e-03  1.550591e-01  4.458183e-06  9.048157e-04  4.949943e-02  3.725636e-02  1.506641e-04  9.590929e-07  6.860793e-01  9.117498e-10
5.016771e+01  1.013250e+05  1.920822e+03  1.725684e-02  6.576563e-03  3.607959e-02  6.529640e-03  1.558532e-01  3.868019e-06  7.069414e-04  4.887927e-02  3.835515e-02  1.229293e-04  5.714196e-07  6.862875e-01  4.409180e-10
5.017500e+01  1.013250e+05  1.926617e+03  1.690346e-02  6.765540e-03  3.477028e-02  6.811290e-03  1.565463e-01  3.300799e-06  5.496300e-04  4.821461e-02  3.942776e-02  9.936238e-05  3.368024e-07  6.864989e-01  2.099130e-10
5.018229e+01  1.013250e+05  1.931818e+03  1.657349e-02  6.939696e-03  3.357754e-02  7.072889e-03  1.571488e-01  2.774621e-06  4.253886e-04  4.751812e-02  4.047238e-02  7.961184e-05  1.966094e-07  6.867118e-01  9.851777e-11
5.018958e+01  1.013250e+05  1.936522e+03  1.626815e-02  7.099314e-03  3.249183e-02  7.314233e-03  1.576705e-01  2.300715e-06  3.278501e-04  4.680101e-02  4.148752e-02  6.326995e-05  1.137813e-07  6.869252e-01  4.563841e-11
5.019687e+01  1.013250e+05  1.940813e+03  1.598795e-02  7.244810e-03  3.150391e-02  7.535578e-03  1.581206e-01  1.884378e-06  2.516832e-04  4.607296e-02  4.247200e-02  4.990554e-05  6.532472e-08  6.871379e-01  2.088867e-11
5.020417e+01  1.013250e+05  1.944761e+03  1.573277e-02  7.376710e-03  3.060505e-02  7.737545e-03  1.585074e-01  1.526274e-06  1.924807e-04  4.534211e-02  4.342496e-02  3.909065e-05  3.720117e-08  6.873489e-01  9.444062e-12
5.021146e+01  1.013250e+05  1.948427e+03  1.550200e-02  7.495623e-03  2.978702e-02  7.921025e-03  1.588387e-01  1.223816e-06  1.466405e-04  4.461522e-02  4.434579e-02  3.042052e-05  2.094996e-08  6.875575e-01  4.190423e-12
5.021875e+01  1.013250e+05  1.951858e+03  1.529466e-02  7.602213e-03  2.904220e-02  8.087091e-03  1.591213e-01  9.725312e-07  1.112456e-04  4.389773e-02  4.523415e-02  2.352673e-05  1.150675e-08  6.877631e-01  1.747437e-12
5.023333e+01  1.013250e+05  1.958142e+03  1.494632e-02  7.780558e-03  2.775087e-02  8.370544e-03  1.595593e-01  6.086777e-07  6.474564e-05  4.250379e-02  4.691315e-02  1.409136e-05  3.851787e-09  6.881636e-01  3.897580e-13
5.024792e+01  1.013250e+05  1.963890e+03  1.467358e-02  7.918368e-03  2.666982e-02  8.599960e-03  1.598721e-01  3.732238e-07  3.741527e-05  4.118480e-02  4.846737e-02  8.329019e-06  1.269936e-09  6.885476e-01  8.515657e-14
5.026250e+01  1.013250e+05  1.969245e+03  1.446338e-02  8.021257e-03  2.575939e-02  8.784726e-03  1.600924e-01  2.251085e-07  2.149902e-05  3.995165e-02  4.990073e-02  4.873209e-06  4.140775e-10  6.889133e-01  1.830847e-14
5.027708e+01  1.013250e+05  1.974298e+03  1.430337e-02  8.094451e-03  2.498728e-02  8.933150e-03  1.602461e-01  1.339856e-07  1.229353e-05  3.880825e-02  5.121861e-02  2.828277e-06  1.339342e-10  6.892600e-01  3.888005e-15
5.029167e+01  1.013250e+05  1.979106e+03  1.418253e-02  8.142649e-03  2.432740e-02  9.052263e-03  1.603533e-01  7.880918e-08  6.992014e-06  3.775413e-02  5.242729e-02  1.628988e-06  4.303685e-11  6.895877e-01  8.178737e-16
5.030625e+01  1.013250e+05  1.983708e+03  1.409148e-02  8.169975e-03  2.375875e-02  9.147860e-03  1.604293e-01  4.567541e-08  3.937928e-06  3.678625e-02  5.353347e-02  9.278147e-07  1.365181e-11  6.898968e-01  1.698994e-16
5.032083e+01  1.013250e+05  1.988129e+03  1.402247e-02  8.179990e-03  2.326447e-02  9.224628e-03  1.604860e-01  2.568067e-08  2.157141e-06  3.590016e-02  5.454396e-02  5.141250e-07  3.906545e-12  6.901880e-01  2.964250e-17
5.035000e+01  1.013250e+05  1.996484e+03  1.393175e-02  8.157241e-03  2.245814e-02  9.332954e-03  1.605685e-01  8.334287e-09  6.729508e-07  3.435805e-02  5.629792e-02  1.637463e-07  4.371036e-13  6.907200e-01  1.855377e-18
5.040833e+01  1.013250e+05  2.011599e+03  1.383489e-02  7.997520e-03  2.132046e-02  9.434948e-03  1.607420e-01  1.399659e-09  1.069670e-07  3.202645e-02  5.894419e-02  2.687145e-08  1.969232e-14  6.916118e-01  4.988393e-20
5.046667e+01  1.013250e+05  2.025136e+03  1.374242e-02  7.768308e-03  2.049589e-02  9.466598e-03  1.610137e-01  1.988254e-10  1.448029e-08  3.034614e-02  6.085395e-02  3.881601e-09  7.070109e-16  6.923419e-01  1.096888e-21
5.058333e+01  1.013250e+05  2.048316e+03  1.348161e-02  7.226846e-03  1.937495e-02  9.423504e-03  1.618464e-01  1.353523e-11  9.305949e-10  2.831686e-02  6.316139e-02  3.852047e-10  1.206891e-17  6.934529e-01  1.100625e-23
5.070000e+01  1.013250e+05  2.068106e+03  1.315367e-02  6.692421e-03  1.854585e-02  9.328631e-03  1.628247e-01  8.394322e-13  5.485195e-11  2.706575e-02  6.459326e-02  1.400731e-10  2.260511e-19  6.943224e-01  1.027912e-25
5.089258e+01  1.013250e+05  2.095013e+03  1.256451e-02  5.908116e-03  1.752122e-02  9.125444e-03  1.644604e-01  3.142942e-14  1.940856e-12  2.581759e-02  6.603229e-02  1.135269e-10  3.151850e-21  6.954466e-01  5.761774e-28
5.108516e+01  1.013250e+05  2.117385e+03  1.200082e-02  5.257793e-03  1.669241e-02  8.906542e-03  1.659504e-01  1.458113e-15  7.355262e-14  2.491454e-02  6.707806e-02  1.041502e-10  5.649450e-23  6.963682e-01  3.413869e-30
5.127773e+01  1.013250e+05  2.136338e+03  1.148645e-02  4.722756e-03  1.598720e-02  8.688386e-03  1.672645e-01  2.446413e-16  3.215803e-15  2.416562e-02  6.794404e-02  9.693961e-11  1.205433e-24  6.971547e-01  2.128100e-32
5.147031e+01  1.013250e+05  2.152582e+03  1.102440e-02  4.280618e-03  1.537301e-02  8.478055e-03  1.684127e-01  1.736323e-16  3.421845e-16  2.350349e-02  6.870679e-02  9.085702e-11  2.539117e-26  6.978404e-01  1.247080e-34
5.185547e+01  1.013250e+05  2.178208e+03  1.025209e-02  3.614591e-03  1.437529e-02  8.098919e-03  1.702505e-01  1.442217e-16  1.814482e-16  2.236965e-02  7.000372e-02  8.116516e-11  2.708171e-28  6.989708e-01  3.728116e-37
5.224062e+01  1.013250e+05  2.198560e+03  9.617913e-03  3.123686e-03  1.355553e-02  7.761580e-03  1.717189e-01  1.243552e-16  1.463987e-16  2.139175e-02  7.111511e-02  7.350790e-11  3.453044e-30  6.998899e-01  1.165346e-39
5.301094e+01  1.013250e+05  2.227163e+03  8.685359e-03  2.487448e-03  1.235561e-02  7.227299e-03  1.737880e-01  9.782592e-17  1.117819e-16  1.986269e-02  7.283797e-02  6.266431e-11  3.027964e-31  7.012451e-01  2.197043e-40
5.378125e+01  1.013250e+05  2.247942e+03  7.992734e-03  2.071912e-03  1.144981e-02  6.800124e-03  1.752916e-01  7.999662e-17  9.382409e-17  1.865761e-02  7.418745e-02  5.495611e-11  1.730183e-31  7.022480e-01  7.848714e-40
5.532187e+01  1.013250e+05  2.273564e+03  7.114523e-03  1.610975e-03  1.028776e-02  6.224582e-03  1.771394e-01  5.971844e-17  7.783322e-17  1.703644e-02  7.598997e-02  4.564228e-11  7.631739e-32  7.035277e-01  6.006104e-39
5.686250e+01  1.013250e+05  2.290234e+03  6.538117e-03  1.344663e-03  9.505163e-03  5.825181e-03  1.783373e-01  4.799970e-17  7.044970e-17  1.591567e-02  7.723008e-02  3.985913e-11  6.176748e-32  7.043668e-01  3.690744e-38
5.840312e+01  1.013250e+05  2.301538e+03  6.145588e-03  1.178979e-03  8.960862e-03  5.543459e-03  1.791470e-01  4.078674e-17  6.653110e-17  1.512476e-02  7.810253e-02  3.608791e-11  -3.913338e-30  7.049378e-01  4.392797e-37
5.994375e+01  1.013250e+05  2.309414e+03  5.871381e-03  1.070517e-03  8.573840e-03  5.341858e-03  1.797100e-01  3.612835e-17  6.424561e-17  1.455838e-02  7.872606e-02  3.354044e-11  1.602690e-30  7.053358e-01  -2.216348e-37
6.148438e+01  1.013250e+05  2.315004e+03  5.676406e-03  9.969261e-04  8.294212e-03  5.195906e-03  1.801092e-01  3.300834e-17  6.282613e-17  1.414846e-02  7.917672e-02  3.177509e-11  -1.176908e-30  7.056177e-01  3.904350e-37
6.302500e+01  1.013250e+05  2.319020e+03  5.536137e-03  9.457296e-04  8.089823e-03  5.089324e-03  1.803962e-01  3.086213e-17  6.190805e-17  1.384973e-02  7.950488e-02  3.052973e-11  3.547465e-30  7.058190e-01  2.636273e-37
6.610625e+01  1.013250e+05  2.323616e+03  5.373891e-03  8.882565e-04  7.848198e-03  4.963675e-03  1.807257e-01  2.847431e-17  6.094893e-17  1.350019e-02  7.988825e-02  2.911554e-11  2.637215e-30  7.060484e-01  4.399592e-37
6.918750e+01  1.013250e+05  2.326258e+03  5.280258e-03  8.557313e-04  7.702677e-03  4.888986e-03  1.809167e-01  2.713940e-17  6.047098e-17  1.329618e-02  8.011191e-02  2.831285e-11  7.577061e-30  7.061760e-01  2.489190e-37
7.226875e+01  1.013250e+05  2.327780e+03  5.225887e-03  8.368882e-04  7.612810e-03  4.843817e-03  1.810286e-01  2.637284e-17  6.024047e-17  1.317685e-02  8.024275e-02  2.785173e-11  8.420830e-30  7.062452e-01  2.192256e-37
7.535000e+01  1.013250e+05  2.328654e+03  5.193892e-03  8.256811e-04  7.555416e-03  4.815708e-03  1.810946e-01  2.591856e-17  6.013584e-17  1.310626e-02  8.032007e-02  2.758229e-11  9.179171e-30  7.062817e-01  1.374661e-37
1.000000e+02  1.013250e+05  2.328654e+03  5.193892e-03  8.256811e-04  7.555416e-03  4.815708e-03  1.810946e-01  2.591856e-17  6.013584e-17  1.310626e-02  8.032007e-02  2.758229e-11  9.179171e-30  7.062817e-01  1.374661e-37
