X(mm)  p(Pa)  T(K)  X_H2_  X_H_  X_O2_  X_OH_  X_H2O_  X_CH_  X_CH4_  X_CO_  X_CO2_  X_CH2O_  X_C2H6_  X_N2_  X_C3H8_
0.000000e+00  1.013250e+05  7.000000e+02  7.602072e-09  1.922651e-21  1.900452e-01  5.349214e-20  3.575190e-12  1.409985e-42  9.502262e-02  1.027829e-13  1.807880e-15  3.517474e-15  5.664272e-16  7.149321e-01  1.994471e-19
2.455000e+01  1.013250e+05  7.000000e+02  1.021288e-06  1.559879e-19  1.900451e-01  1.734626e-17  1.421929e-09  4.184838e-40  9.502252e-02  5.096057e-11  1.117648e-12  2.088494e-12  3.732746e-13  7.149314e-01  1.689127e-16
4.811800e+01  1.013250e+05  7.000014e+02  1.291516e-04  4.413541e-15  1.900209e-01  7.157616e-15  5.320638e-07  8.631427e-36  9.500950e-02  2.377265e-08  6.500547e-10  1.084701e-09  2.314062e-10  7.148399e-01  1.345804e-13
4.860900e+01  1.013250e+05  7.000080e+02  3.062108e-04  8.960307e-14  1.899871e-01  9.876075e-14  2.691652e-06  1.129360e-32  9.499093e-02  1.440730e-07  4.751682e-09  7.309317e-09  1.766068e-09  7.147129e-01  1.297847e-12
4.910000e+01  1.013250e+05  7.000760e+02  9.552109e-04  4.140912e-12  1.898605e-01  6.241218e-12  2.197784e-05  2.431598e-28  9.491814e-02  1.454255e-06  5.945395e-08  8.706647e-08  2.345592e-08  7.142424e-01  2.212742e-11
4.925000e+01  1.013250e+05  7.002228e+02  1.498349e-03  5.309159e-11  1.897487e-01  5.681996e-11  5.836590e-05  8.113693e-26  9.484842e-02  4.438566e-06  2.107310e-07  2.972621e-07  8.648291e-08  7.138406e-01  9.871110e-11
4.940000e+01  1.013250e+05  7.007856e+02  2.483137e-03  7.012761e-10  1.895272e-01  6.895774e-10  1.828266e-04  4.401250e-23  9.469544e-02  1.643326e-05  9.316498e-07  1.255721e-06  4.006653e-07  7.130903e-01  5.704753e-10
4.947500e+01  1.013250e+05  7.016618e+02  3.275350e-03  4.362280e-09  1.893222e-01  3.238508e-09  3.578813e-04  2.740876e-21  9.453699e-02  3.600047e-05  2.309285e-06  2.981936e-06  1.022096e-06  7.124608e-01  1.718582e-09
4.955000e+01  1.013250e+05  7.037655e+02  4.387785e-03  2.394850e-08  1.889784e-01  1.657440e-08  7.438663e-04  1.775543e-19  9.424583e-02  8.501515e-05  6.272521e-06  7.658325e-06  2.862992e-06  7.115316e-01  5.820033e-09
4.962500e+01  1.013250e+05  7.087809e+02  5.945788e-03  1.320081e-07  1.883624e-01  8.648845e-08  1.591554e-03  1.238211e-17  9.368261e-02  2.074009e-04  1.763405e-05  1.993962e-05  8.248544e-06  7.101384e-01  2.041724e-08
4.966250e+01  1.013250e+05  7.138506e+02  6.955966e-03  3.697294e-07  1.878422e-01  2.165430e-07  2.391784e-03  1.464940e-16  9.318632e-02  3.368384e-04  3.121537e-05  3.291588e-05  1.469894e-05  7.091662e-01  4.163389e-08
4.970000e+01  1.013250e+05  7.223121e+02  8.161484e-03  9.703156e-07  1.870570e-01  5.404656e-07  3.658550e-03  1.651628e-15  9.242563e-02  5.614504e-04  5.725346e-05  5.526936e-05  2.707028e-05  7.079277e-01  8.953669e-08
4.971875e+01  1.013250e+05  7.286235e+02  8.849819e-03  1.628704e-06  1.865054e-01  8.700727e-07  4.564364e-03  5.992343e-15  9.189011e-02  7.350034e-04  7.913077e-05  7.203284e-05  3.736981e-05  7.071783e-01  1.358007e-07
4.973750e+01  1.013250e+05  7.369653e+02  9.601367e-03  2.697239e-06  1.857994e-01  1.392470e-06  5.725188e-03  2.137576e-14  9.120778e-02  9.708214e-04  1.108071e-04  9.430761e-05  5.218127e-05  7.063234e-01  2.104243e-07
4.974688e+01  1.013250e+05  7.421251e+02  1.000245e-02  3.485563e-06  1.853711e-01  1.762770e-06  6.426224e-03  4.078315e-14  9.079645e-02  1.120109e-03  1.319097e-04  1.080584e-04  6.195820e-05  7.058509e-01  2.646591e-07
4.975625e+01  1.013250e+05  7.480888e+02  1.042108e-02  4.494107e-06  1.848811e-01  2.226681e-06  7.222955e-03  7.750313e-14  9.032886e-02  1.295600e-03  1.576418e-04  1.239456e-04  7.380400e-05  7.053456e-01  3.351258e-07
4.976563e+01  1.013250e+05  7.549669e+02  1.085760e-02  5.784570e-06  1.843205e-01  2.804195e-06  8.126806e-03  1.467194e-13  8.979773e-02  1.501557e-03  1.889607e-04  1.422271e-04  8.810903e-05  7.048055e-01  4.264182e-07
4.977500e+01  1.013250e+05  7.628810e+02  1.131228e-02  7.434480e-06  1.836793e-01  3.518279e-06  9.150102e-03  2.764637e-13  8.919509e-02  1.742827e-03  2.269991e-04  1.631709e-04  1.053186e-04  7.042292e-01  5.442950e-07
4.978438e+01  1.013250e+05  7.719631e+02  1.178529e-02  9.540858e-06  1.829464e-01  4.395105e-06  1.030601e-02  5.181086e-13  8.851219e-02  2.024880e-03  2.730898e-04  1.870494e-04  1.259336e-04  7.036150e-01  6.959073e-07
4.979375e+01  1.013250e+05  7.823557e+02  1.227671e-02  1.222451e-05  1.821093e-01  5.464460e-06  1.160843e-02  9.650525e-13  8.773960e-02  2.353847e-03  3.287909e-04  2.141323e-04  1.505072e-04  7.029618e-01  8.900373e-07
4.980313e+01  1.013250e+05  7.942102e+02  1.278651e-02  1.563503e-05  1.811545e-01  6.760542e-06  1.307189e-02  1.785913e-12  8.686714e-02  2.736549e-03  3.959106e-04  2.446772e-04  1.796371e-04  7.022686e-01  1.137329e-06
4.981250e+01  1.013250e+05  8.076853e+02  1.331449e-02  1.995653e-05  1.800673e-01  8.323527e-06  1.471134e-02  3.283555e-12  8.588400e-02  3.180497e-03  4.765313e-04  2.789184e-04  2.139502e-04  7.015347e-01  1.450476e-06
4.982188e+01  1.013250e+05  8.229452e+02  1.386033e-02  2.541443e-05  1.788317e-01  1.020240e-05  1.654194e-02  6.000805e-12  8.477879e-02  3.693894e-03  5.730312e-04  3.170535e-04  2.540785e-04  7.007604e-01  1.844328e-06
4.983125e+01  1.013250e+05  8.401563e+02  1.442355e-02  3.228340e-05  1.774307e-01  1.245982e-05  1.857878e-02  1.091236e-11  8.353962e-02  4.285589e-03  6.881025e-04  3.592284e-04  3.006211e-04  6.999459e-01  2.335827e-06
4.984063e+01  1.013250e+05  8.594837e+02  1.500346e-02  4.089718e-05  1.758464e-01  1.517978e-05  2.083659e-02  1.977986e-11  8.215430e-02  4.965025e-03  8.247638e-04  4.055206e-04  3.540921e-04  6.990926e-01  2.943681e-06
4.985000e+01  1.013250e+05  8.810876e+02  1.559922e-02  5.166103e-05  1.740602e-01  1.847921e-05  2.332940e-02  3.582375e-11  8.061046e-02  5.742135e-03  9.863664e-04  4.559221e-04  4.148469e-04  6.982023e-01  3.687619e-06
4.985938e+01  1.013250e+05  9.051176e+02  1.620976e-02  6.506807e-05  1.720529e-01  2.252434e-05  2.607017e-02  6.502289e-11  7.889577e-02  6.627219e-03  1.176592e-03  5.103228e-04  4.829867e-04  6.972776e-01  4.587030e-06
4.986875e+01  1.013250e+05  9.317078e+02  1.683379e-02  8.172110e-05  1.698051e-01  2.755286e-05  2.907042e-02  1.186764e-10  7.699827e-02  7.630762e-03  1.399443e-03  5.684947e-04  5.582376e-04  6.963219e-01  5.658714e-06
4.987812e+01  1.013250e+05  9.609708e+02  1.746976e-02  1.023617e-04  1.672979e-01  3.390235e-05  3.233983e-02  2.185208e-10  7.490664e-02  8.763220e-03  1.659214e-03  6.300781e-04  6.398055e-04  6.953393e-01  6.913451e-06
4.988750e+01  1.013250e+05  9.929906e+02  1.811583e-02  1.279081e-04  1.645127e-01  4.204551e-05  3.588581e-02  4.070196e-10  7.261070e-02  1.003474e-02  1.960460e-03  6.945690e-04  7.262155e-04  6.943344e-01  8.351093e-06
4.989687e+01  1.013250e+05  1.027816e+03  1.876981e-02  1.595024e-04  1.614326e-01  5.263175e-05  3.971301e-02  7.680396e-10  7.010188e-02  1.145480e-02  2.307944e-03  7.613051e-04  8.151519e-04  6.933126e-01  9.954068e-06
4.990625e+01  1.013250e+05  1.065451e+03  1.942908e-02  1.985676e-04  1.580425e-01  6.653446e-05  4.382285e-02  1.468095e-09  6.737397e-02  1.303184e-02  2.706563e-03  8.294478e-04  9.033313e-04  6.922798e-01  1.167961e-05
4.991562e+01  1.013250e+05  1.105848e+03  2.009047e-02  2.468700e-04  1.543305e-01  8.490206e-05  4.821293e-02  2.837235e-09  6.442388e-02  1.477268e-02  3.161256e-03  8.979572e-04  9.864570e-04  6.912423e-01  1.345192e-05
4.992500e+01  1.013250e+05  1.148902e+03  2.075014e-02  3.065836e-04  1.502885e-01  1.092094e-04  5.287636e-02  5.522891e-09  6.125263e-02  1.668194e-02  3.676883e-03  9.655598e-04  1.059317e-03  6.902068e-01  1.515683e-05
4.993437e+01  1.013250e+05  1.194449e+03  2.140341e-02  3.803452e-04  1.459137e-01  1.413036e-04  5.780108e-02  1.075856e-08  5.786647e-02  1.876127e-02  4.258084e-03  1.030717e-03  1.116089e-03  6.891802e-01  1.664299e-05
4.993906e+01  1.013250e+05  1.218082e+03  2.172552e-02  4.237234e-04  1.436013e-01  1.611448e-04  6.035595e-02  1.507016e-08  5.609670e-02  1.986458e-02  4.575112e-03  1.061693e-03  1.136188e-03  6.886730e-01  1.723709e-05
4.994375e+01  1.013250e+05  1.242261e+03  2.204372e-02  4.718630e-04  1.412051e-01  1.838921e-04  6.297029e-02  2.105904e-08  5.427719e-02  2.101058e-02  4.910819e-03  1.091303e-03  1.149856e-03  6.881713e-01  1.770361e-05
4.994844e+01  1.013250e+05  1.266943e+03  2.235710e-02  5.252345e-04  1.387267e-01  2.099205e-04  6.564068e-02  2.936051e-08  5.241080e-02  2.219823e-02  5.265685e-03  1.119267e-03  1.156451e-03  6.876762e-01  1.801984e-05
4.995312e+01  1.013250e+05  1.292083e+03  2.266461e-02  5.843334e-04  1.361684e-01  2.396383e-04  6.836322e-02  4.081312e-08  5.050092e-02  2.342613e-02  5.640137e-03  1.145292e-03  1.155440e-03  6.871887e-01  1.816574e-05
4.995781e+01  1.013250e+05  1.317631e+03  2.296516e-02  6.496765e-04  1.335331e-01  2.734882e-04  7.113352e-02  5.652147e-08  4.855155e-02  2.469245e-02  6.034541e-03  1.169071e-03  1.146429e-03  6.867101e-01  1.812542e-05
4.996250e+01  1.013250e+05  1.343533e+03  2.325751e-02  7.217950e-04  1.308245e-01  3.119474e-04  7.394668e-02  7.792353e-08  4.656728e-02  2.599489e-02  6.449197e-03  1.190296e-03  1.129199e-03  6.862413e-01  1.788867e-05
4.996719e+01  1.013250e+05  1.369730e+03  2.354037e-02  8.012278e-04  1.280466e-01  3.555275e-04  7.679729e-02  1.068650e-07  4.455330e-02  2.733074e-02  6.884326e-03  1.208657e-03  1.103722e-03  6.857837e-01  1.745220e-05
4.997187e+01  1.013250e+05  1.396159e+03  2.381231e-02  8.885120e-04  1.252045e-01  4.047741e-04  7.967948e-02  1.456783e-07  4.251541e-02  2.869673e-02  7.340072e-03  1.223859e-03  1.070190e-03  6.853383e-01  1.682057e-05
4.997656e+01  1.013250e+05  1.422757e+03  2.407185e-02  9.841724e-04  1.223038e-01  4.602654e-04  8.258684e-02  1.972596e-07  4.045998e-02  3.008913e-02  7.816491e-03  1.235622e-03  1.029013e-03  6.849063e-01  1.600651e-05
4.998125e+01  1.013250e+05  1.449453e+03  2.431739e-02  1.088710e-03  1.193507e-01  5.226103e-04  8.551254e-02  2.651365e-07  3.839391e-02  3.150366e-02  8.313551e-03  1.243694e-03  9.808237e-04  6.844891e-01  1.503070e-05
4.998594e+01  1.013250e+05  1.476177e+03  2.454730e-02  1.202587e-03  1.163521e-01  5.924453e-04  8.844933e-02  3.535133e-07  3.632460e-02  3.293552e-02  8.831128e-03  1.247863e-03  9.264583e-04  6.840876e-01  1.392086e-05
4.999063e+01  1.013250e+05  1.502855e+03  2.475985e-02  1.326217e-03  1.133155e-01  6.704309e-04  9.138958e-02  4.672791e-07  3.425986e-02  3.437941e-02  9.369005e-03  1.247959e-03  8.669342e-04  6.837032e-01  1.271019e-05
4.999531e+01  1.013250e+05  1.529412e+03  2.495333e-02  1.459945e-03  1.102488e-01  7.572452e-04  9.432536e-02  6.119612e-07  3.220784e-02  3.582954e-02  9.926874e-03  1.243862e-03  8.034114e-04  6.833369e-01  1.143538e-05
5.000000e+01  1.013250e+05  1.555771e+03  2.512599e-02  1.604039e-03  1.071606e-01  8.535772e-04  9.724849e-02  7.936037e-07  3.017691e-02  3.727965e-02  1.050434e-02  1.235511e-03  7.371476e-04  6.829896e-01  1.013433e-05
5.000469e+01  1.013250e+05  1.581855e+03  2.527613e-02  1.758671e-03  1.040595e-01  9.601171e-04  1.001507e-01  1.018554e-06  2.817554e-02  3.872307e-02  1.110091e-02  1.222902e-03  6.694470e-04  6.826625e-01  8.843798e-06
5.000937e+01  1.013250e+05  1.607586e+03  2.540211e-02  1.923908e-03  1.009547e-01  1.077545e-03  1.030234e-01  1.293143e-06  2.621218e-02  4.015280e-02  1.171604e-02  1.206088e-03  6.016058e-04  6.823563e-01  7.597215e-06
5.001406e+01  1.013250e+05  1.632890e+03  2.550237e-02  2.099701e-03  9.785543e-02  1.206516e-03  1.058585e-01  1.623250e-06  2.429510e-02  4.156155e-02  1.234907e-02  1.185180e-03  5.348601e-04  6.820717e-01  6.422956e-06
5.001875e+01  1.013250e+05  1.657690e+03  2.557553e-02  2.285874e-03  9.477086e-02  1.347646e-03  1.086476e-01  2.013770e-06  2.243225e-02  4.294184e-02  1.299932e-02  1.160339e-03  4.703371e-04  6.818093e-01  5.343101e-06
5.002344e+01  1.013250e+05  1.681914e+03  2.562033e-02  2.482120e-03  9.171023e-02  1.501489e-03  1.113827e-01  2.467986e-06  2.063115e-02  4.428610e-02  1.366600e-02  1.131772e-03  4.090145e-04  6.815696e-01  4.372832e-06
5.002813e+01  1.013250e+05  1.705492e+03  2.563579e-02  2.688001e-03  8.868257e-02  1.668521e-03  1.140561e-01  2.986912e-06  1.889868e-02  4.558680e-02  1.434830e-02  1.099724e-03  3.516905e-04  6.813528e-01  3.520435e-06
5.003281e+01  1.013250e+05  1.728360e+03  2.562113e-02  2.902945e-03  8.569662e-02  1.849114e-03  1.166607e-01  3.568648e-06  1.724100e-02  4.683652e-02  1.504537e-02  1.064472e-03  2.989651e-04  6.811591e-01  2.787839e-06
5.003750e+01  1.013250e+05  1.750456e+03  2.557588e-02  3.126255e-03  8.276073e-02  2.043517e-03  1.191896e-01  4.207831e-06  1.566343e-02  4.802811e-02  1.575628e-02  1.026318e-03  2.512338e-04  6.809883e-01  2.171556e-06
5.004219e+01  1.013250e+05  1.771725e+03  2.549989e-02  3.357113e-03  7.988276e-02  2.251830e-03  1.216369e-01  4.895263e-06  1.417031e-02  4.915478e-02  1.648010e-02  9.855808e-04  2.086935e-04  6.808402e-01  1.663876e-06
5.004688e+01  1.013250e+05  1.792119e+03  2.539333e-02  3.594598e-03  7.707000e-02  2.473986e-03  1.239970e-01  5.617795e-06  1.276501e-02  5.021029e-02  1.721585e-02  9.425961e-04  1.713582e-04  6.807145e-01  1.254158e-06
5.005156e+01  1.013250e+05  1.811596e+03  2.525674e-02  3.837699e-03  7.432911e-02  2.709731e-03  1.262652e-01  6.358527e-06  1.144981e-02  5.118897e-02  1.796254e-02  8.977090e-04  1.390833e-04  6.806107e-01  9.300797e-07
5.005625e+01  1.013250e+05  1.830123e+03  2.509100e-02  4.085331e-03  7.166600e-02  2.958608e-03  1.284378e-01  7.097366e-06  1.022595e-02  5.208594e-02  1.871911e-02  8.512736e-04  1.115953e-04  6.805279e-01  6.787339e-07
5.006094e+01  1.013250e+05  1.847673e+03  2.489734e-02  4.336359e-03  6.908586e-02  3.219951e-03  1.305115e-01  7.811931e-06  9.093597e-03  5.289712e-02  1.948452e-02  8.036514e-04  8.852428e-05  6.804656e-01  4.875106e-07
5.006563e+01  1.013250e+05  1.864230e+03  2.467734e-02  4.589616e-03  6.659308e-02  3.492882e-03  1.324842e-01  8.478751e-06  8.051917e-03  5.361936e-02  2.025768e-02  7.552104e-04  6.943634e-05  6.804227e-01  3.447353e-07
5.007031e+01  1.013250e+05  1.879786e+03  2.443291e-02  4.843929e-03  6.419125e-02  3.776308e-03  1.343545e-01  9.074681e-06  7.099138e-03  5.425051e-02  2.103747e-02  7.063234e-04  5.386410e-05  6.803983e-01  2.400677e-07
5.007500e+01  1.013250e+05  1.894342e+03  2.416622e-02  5.098133e-03  6.188315e-02  4.068944e-03  1.361218e-01  9.578379e-06  6.232643e-03  5.478941e-02  2.182276e-02  6.573658e-04  4.133305e-05  6.803914e-01  1.646923e-07
5.007969e+01  1.013250e+05  1.907908e+03  2.387972e-02  5.351099e-03  5.967079e-02  4.369322e-03  1.377863e-01  9.971736e-06  5.449074e-03  5.523598e-02  2.261238e-02  6.087128e-04  3.138296e-05  6.804009e-01  1.113434e-07
5.008438e+01  1.013250e+05  1.920501e+03  2.357605e-02  5.601748e-03  5.755539e-02  4.675824e-03  1.393490e-01  1.024108e-05  4.744459e-03  5.559112e-02  2.340516e-02  5.607341e-04  2.358399e-05  6.804257e-01  7.421315e-08
5.008906e+01  1.013250e+05  1.932148e+03  2.325800e-02  5.849066e-03  5.553745e-02  4.986715e-03  1.408114e-01  1.037803e-05  4.114331e-03  5.585677e-02  2.419990e-02  5.137884e-04  1.754724e-05  6.804645e-01  4.878743e-08
5.009375e+01  1.013250e+05  1.942882e+03  2.292846e-02  6.092122e-03  5.361678e-02  5.300180e-03  1.421759e-01  1.038000e-05  3.553867e-03  5.603577e-02  2.499540e-02  4.682158e-04  1.293072e-05  6.805164e-01  3.164768e-08
5.009844e+01  1.013250e+05  1.952742e+03  2.259036e-02  6.330069e-03  5.179256e-02  5.614368e-03  1.434452e-01  1.025012e-05  3.058002e-03  5.613179e-02  2.579044e-02  4.243305e-04  9.441089e-06  6.805802e-01  2.026692e-08
5.010313e+01  1.013250e+05  1.961772e+03  2.224663e-02  6.562161e-03  5.006341e-02  5.927435e-03  1.446226e-01  9.996889e-06  2.621554e-03  5.614924e-02  2.658382e-02  3.824132e-04  6.832503e-06  6.806547e-01  1.281911e-08
5.010781e+01  1.013250e+05  1.970022e+03  2.190010e-02  6.787746e-03  4.842743e-02  6.237584e-03  1.457117e-01  9.633292e-06  2.239331e-03  5.609316e-02  2.737436e-02  3.427037e-04  4.903144e-06  6.807390e-01  8.012548e-09
5.011250e+01  1.013250e+05  1.977544e+03  2.155350e-02  7.006276e-03  4.688229e-02  6.543114e-03  1.467163e-01  9.175777e-06  1.906219e-03  5.596903e-02  2.816089e-02  3.053960e-04  3.490521e-06  6.808320e-01  4.951631e-09
5.011719e+01  1.013250e+05  1.984391e+03  2.120939e-02  7.217299e-03  4.542527e-02  6.842443e-03  1.476408e-01  8.643024e-06  1.617269e-03  5.578270e-02  2.894228e-02  2.706334e-04  2.466114e-06  6.809327e-01  3.027023e-09
5.012188e+01  1.013250e+05  1.990618e+03  2.087013e-02  7.420459e-03  4.405337e-02  7.134150e-03  1.484893e-01  8.054712e-06  1.367755e-03  5.554019e-02  2.971743e-02  2.385078e-04  1.729942e-06  6.810402e-01  1.831468e-09
5.012656e+01  1.013250e+05  1.996279e+03  2.053785e-02  7.615485e-03  4.276332e-02  7.416988e-03  1.492662e-01  7.430370e-06  1.153225e-03  5.524762e-02  3.048532e-02  2.090594e-04  1.205404e-06  6.811537e-01  1.097297e-09
5.013125e+01  1.013250e+05  2.001428e+03  2.021441e-02  7.802194e-03  4.155167e-02  7.689901e-03  1.499758e-01  6.788403e-06  9.695329e-04  5.491107e-02  3.124495e-02  1.822797e-04  8.346470e-07  6.812723e-01  6.513510e-10
5.013594e+01  1.013250e+05  2.006116e+03  1.990143e-02  7.980473e-03  4.041485e-02  7.952036e-03  1.506225e-01  6.145335e-06  8.128642e-04  5.453644e-02  3.199541e-02  1.581158e-04  5.745450e-07  6.813953e-01  3.832593e-10
5.014063e+01  1.013250e+05  2.010393e+03  1.960025e-02  8.150280e-03  3.934922e-02  8.202737e-03  1.512106e-01  5.515305e-06  6.797405e-04  5.412942e-02  3.273584e-02  1.364763e-04  3.933453e-07  6.815220e-01  2.236525e-10
5.014531e+01  1.013250e+05  2.014303e+03  1.931194e-02  8.311630e-03  3.835109e-02  8.441540e-03  1.517441e-01  4.909804e-06  5.670214e-04  5.369538e-02  3.346548e-02  1.172382e-04  2.679313e-07  6.816517e-01  1.294998e-10
5.015000e+01  1.013250e+05  2.017890e+03  1.903733e-02  8.464593e-03  3.741679e-02  8.668164e-03  1.522270e-01  4.337613e-06  4.718958e-04  5.323934e-02  3.418362e-02  1.002542e-04  1.816489e-07  6.817838e-01  7.443571e-11
5.015469e+01  1.013250e+05  2.021192e+03  1.877699e-02  8.609283e-03  3.654270e-02  8.882492e-03  1.526631e-01  3.804927e-06  3.918671e-04  5.276591e-02  3.488963e-02  8.535969e-05  1.226155e-07  6.819177e-01  4.249090e-11
5.015938e+01  1.013250e+05  2.024245e+03  1.853127e-02  8.745853e-03  3.572527e-02  9.084556e-03  1.530562e-01  3.315594e-06  3.247347e-04  5.227931e-02  3.558295e-02  7.238005e-05  8.242723e-08  6.820530e-01  2.409677e-11
5.016406e+01  1.013250e+05  2.027080e+03  1.830034e-02  8.874488e-03  3.496105e-02  9.274514e-03  1.534095e-01  2.871443e-06  2.685719e-04  5.178332e-02  3.626311e-02  6.113653e-05  5.518801e-08  6.821892e-01  1.357671e-11
5.016875e+01  1.013250e+05  2.029727e+03  1.808418e-02  8.995400e-03  3.424671e-02  9.452632e-03  1.537263e-01  2.472653e-06  2.217021e-04  5.128131e-02  3.692969e-02  5.145163e-05  3.678945e-08  6.823259e-01  7.593146e-12
5.017344e+01  1.013250e+05  2.032210e+03  1.788260e-02  9.108824e-03  3.357906e-02  9.619260e-03  1.540097e-01  2.118142e-06  1.826748e-04  5.077626e-02  3.758234e-02  4.315344e-05  2.438417e-08  6.824626e-01  4.197870e-12
5.017813e+01  1.013250e+05  2.034550e+03  1.769530e-02  9.215010e-03  3.295502e-02  9.774817e-03  1.542625e-01  1.805954e-06  1.502415e-04  5.027075e-02  3.822079e-02  3.607900e-05  1.600311e-08  6.825991e-01  2.256828e-12
5.018750e+01  1.013250e+05  2.038862e+03  1.736229e-02  9.406478e-03  3.182907e-02  1.005414e-02  1.546843e-01  1.301268e-06  1.019411e-04  4.926506e-02  3.945445e-02  2.514536e-05  7.207684e-09  6.828706e-01  7.345944e-13
5.019688e+01  1.013250e+05  2.042809e+03  1.708010e-02  9.572351e-03  3.084159e-02  1.029578e-02  1.550150e-01  9.247766e-07  6.883801e-05  4.827988e-02  4.063103e-02  1.736076e-05  3.216401e-09  6.831382e-01  2.357370e-13
5.020625e+01  1.013250e+05  2.046478e+03  1.684369e-02  9.714864e-03  2.997396e-02  1.050400e-02  1.552706e-01  6.494200e-07  4.628852e-05  4.732470e-02  4.175036e-02  1.189012e-05  1.424451e-09  6.834006e-01  7.473716e-14
5.021563e+01  1.013250e+05  2.049932e+03  1.664770e-02  9.836217e-03  2.920983e-02  1.068298e-02  1.554650e-01  4.513619e-07  3.100432e-05  4.640580e-02  4.281283e-02  8.086529e-06  6.268462e-10  6.836565e-01  2.345015e-14
5.022500e+01  1.013250e+05  2.053217e+03  1.648683e-02  9.938523e-03  2.853500e-02  1.083661e-02  1.556100e-01  3.107843e-07  2.068240e-05  4.552709e-02  4.381935e-02  5.463982e-06  2.741274e-10  6.839052e-01  7.289081e-15
5.023438e+01  1.013250e+05  2.056365e+03  1.635601e-02  1.002377e-02  2.793718e-02  1.096839e-02  1.557154e-01  2.119633e-07  1.372350e-05  4.469067e-02  4.477113e-02  3.665857e-06  1.184842e-10  6.841460e-01  2.230350e-15
5.024375e+01  1.013250e+05  2.059398e+03  1.625059e-02  1.009381e-02  2.740578e-02  1.108145e-02  1.557898e-01  1.428755e-07  9.022583e-06  4.389742e-02  4.566967e-02  2.434958e-06  4.854629e-11  6.843788e-01  6.073256e-16
5.026250e+01  1.013250e+05  2.065172e+03  1.610328e-02  1.019337e-02  2.651498e-02  1.125955e-02  1.558665e-01  6.737891e-08  4.100678e-06  4.244030e-02  4.731201e-02  1.123268e-06  1.062015e-11  6.848194e-01  7.961668e-17
5.028125e+01  1.013250e+05  2.070646e+03  1.601241e-02  1.025080e-02  2.578993e-02  1.139194e-02  1.558908e-01  3.121607e-08  1.841216e-06  4.114073e-02  4.877327e-02  5.107075e-07  2.265415e-12  6.852284e-01  1.027600e-17
5.030000e+01  1.013250e+05  2.075863e+03  1.595773e-02  1.027532e-02  2.519023e-02  1.149088e-02  1.558907e-01  1.370666e-08  7.860871e-07  3.998678e-02  5.006928e-02  2.209885e-07  4.131578e-13  6.856069e-01  1.077445e-18
5.033750e+01  1.013250e+05  2.085616e+03  1.591303e-02  1.024757e-02  2.427695e-02  1.161521e-02  1.558733e-01  3.391433e-09  1.869592e-07  3.807676e-02  5.221117e-02  5.367621e-08  3.252727e-14  6.862789e-01  4.936977e-20
5.037500e+01  1.013250e+05  2.094651e+03  1.589027e-02  1.015765e-02  2.358341e-02  1.168594e-02  1.558987e-01  7.352640e-10  3.905633e-08  3.656194e-02  5.391120e-02  1.160185e-08  2.031961e-15  6.868607e-01  1.829686e-21
5.045000e+01  1.013250e+05  2.110851e+03  1.582517e-02  9.865016e-03  2.261267e-02  1.173393e-02  1.561418e-01  6.672228e-11  3.366498e-09  3.446368e-02  5.626369e-02  1.194611e-09  4.704965e-17  6.878045e-01  2.580350e-23
5.060000e+01  1.013250e+05  2.137960e+03  1.550722e-02  9.122174e-03  2.139784e-02  1.168080e-02  1.571758e-01  2.952541e-12  1.387780e-10  3.226427e-02  5.874779e-02  2.046333e-10  5.718296e-19  6.891731e-01  1.721693e-25
5.075000e+01  1.013250e+05  2.160910e+03  1.508317e-02  8.390462e-03  2.052753e-02  1.156181e-02  1.584105e-01  1.369957e-13  5.969536e-12  3.101784e-02  6.018045e-02  1.524031e-10  9.035013e-21  6.902339e-01  1.193602e-27
5.090000e+01  1.013250e+05  2.180763e+03  1.463600e-02  7.729502e-03  1.982955e-02  1.141526e-02  1.596432e-01  6.909261e-15  2.565172e-13  3.017895e-02  6.115783e-02  1.427604e-10  1.786739e-22  6.911172e-01  8.307848e-30
5.109180e+01  1.013250e+05  2.202520e+03  1.408460e-02  7.002885e-03  1.908605e-02  1.121301e-02  1.610997e-01  7.645929e-16  9.165328e-15  2.936945e-02  6.210758e-02  1.346698e-10  3.228714e-24  6.920781e-01  4.617443e-32
5.128359e+01  1.013250e+05  2.221276e+03  1.357734e-02  6.392431e-03  1.844272e-02  1.100815e-02  1.623990e-01  4.934045e-16  6.069713e-16  2.868275e-02  6.291279e-02  1.278734e-10  5.921626e-26  6.929112e-01  2.465964e-34
5.166719e+01  1.013250e+05  2.251069e+03  1.271376e-02  5.459463e-03  1.739565e-02  1.062156e-02  1.645118e-01  4.373020e-16  2.661083e-16  2.751996e-02  6.426689e-02  1.168280e-10  5.593645e-28  6.942817e-01  6.810396e-37
5.205078e+01  1.013250e+05  2.275008e+03  1.199400e-02  4.761509e-03  1.652430e-02  1.026447e-02  1.662249e-01  3.997486e-16  2.233001e-16  2.650441e-02  6.543892e-02  1.078348e-10  6.697361e-30  6.953994e-01  1.881293e-39
5.243437e+01  1.013250e+05  2.294593e+03  1.139034e-02  4.226132e-03  1.578853e-02  9.941280e-03  1.676329e-01  3.679360e-16  1.990297e-16  2.561156e-02  6.646236e-02  1.003997e-10  7.332247e-31  6.963255e-01  -3.083130e-40
5.320156e+01  1.013250e+05  2.323050e+03  1.047935e-02  3.500115e-03  1.467702e-02  9.415624e-03  1.696862e-01  3.184895e-16  1.728036e-16  2.418454e-02  6.808404e-02  8.934725e-11  2.341305e-31  6.977178e-01  -1.611158e-39
5.396875e+01  1.013250e+05  2.344196e+03  9.789774e-03  3.007485e-03  1.381875e-02  8.986942e-03  1.712140e-01  2.809567e-16  1.594417e-16  2.304087e-02  6.937495e-02  8.117573e-11  -4.766261e-31  6.987624e-01  -7.839640e-39
5.550312e+01  1.013250e+05  2.370621e+03  8.906551e-03  2.444402e-03  1.269985e-02  8.401249e-03  1.731216e-01  2.336473e-16  1.486298e-16  2.148770e-02  7.111526e-02  7.100774e-11  -5.965234e-30  7.000986e-01  -8.700387e-38
5.703750e+01  1.013250e+05  2.387718e+03  8.330374e-03  2.114161e-03  1.194685e-02  7.996002e-03  1.743539e-01  2.041292e-16  1.448632e-16  2.042011e-02  7.230512e-02  6.462098e-11  -3.858559e-29  7.009640e-01  -6.958832e-37
5.857187e+01  1.013250e+05  2.399069e+03  7.946260e-03  1.909386e-03  1.143065e-02  7.715125e-03  1.751713e-01  1.852632e-16  1.436603e-16  1.968224e-02  7.312478e-02  6.049060e-11  3.601962e-28  7.015367e-01  2.857223e-35
6.010625e+01  1.013250e+05  2.406727e+03  7.686435e-03  1.777485e-03  1.107213e-02  7.519529e-03  1.757231e-01  1.729203e-16  1.434363e-16  1.917056e-02  7.369201e-02  5.776170e-11  6.433256e-29  7.019201e-01  1.386671e-35
6.164062e+01  1.013250e+05  2.411944e+03  7.508995e-03  1.690253e-03  1.082039e-02  7.382568e-03  1.761000e-01  1.646880e-16  1.435805e-16  1.881500e-02  7.408567e-02  5.593075e-11  2.142037e-28  7.021779e-01  2.146634e-35
6.317500e+01  1.013250e+05  2.415519e+03  7.387091e-03  1.631480e-03  1.064180e-02  7.286074e-03  1.763597e-01  1.591142e-16  1.438487e-16  1.856767e-02  7.435929e-02  5.468963e-11  3.705936e-29  7.023508e-01  1.159960e-35
6.470937e+01  1.013250e+05  2.417975e+03  7.303066e-03  1.591347e-03  1.051369e-02  7.217623e-03  1.765396e-01  1.552964e-16  1.441431e-16  1.839562e-02  7.454958e-02  5.384281e-11  6.617212e-29  7.024659e-01  1.287853e-35
6.624375e+01  1.013250e+05  2.419661e+03  7.245089e-03  1.563668e-03  1.042059e-02  7.168662e-03  1.766647e-01  1.526574e-16  1.444277e-16  1.827605e-02  7.468183e-02  5.326333e-11  -8.677339e-30  7.025412e-01  6.427293e-36
6.777813e+01  1.013250e+05  2.420815e+03  7.205129e-03  1.544429e-03  1.035188e-02  7.133287e-03  1.767521e-01  1.508193e-16  1.446916e-16  1.819313e-02  7.477359e-02  5.286680e-11  -2.143976e-30  7.025889e-01  5.928655e-36
6.931250e+01  1.013250e+05  2.421599e+03  7.177682e-03  1.530968e-03  1.030020e-02  7.107400e-03  1.768132e-01  1.495305e-16  1.449341e-16  1.813584e-02  7.483705e-02  5.259640e-11  -2.789806e-29  7.026175e-01  1.828900e-36
7.084687e+01  1.013250e+05  2.422127e+03  7.158950e-03  1.521490e-03  1.026043e-02  7.088150e-03  1.768560e-01  1.486204e-16  1.451581e-16  1.809647e-02  7.488071e-02  5.241338e-11  -2.404125e-29  7.026329e-01  9.992562e-37
7.238125e+01  1.013250e+05  2.422475e+03  7.146296e-03  1.514773e-03  1.022902e-02  7.073550e-03  1.768861e-01  1.479729e-16  1.453670e-16  1.806965e-02  7.491053e-02  5.229107e-11  -3.087527e-29  7.026389e-01  -1.547938e-36
7.391563e+01  1.013250e+05  2.422698e+03  7.137868e-03  1.509970e-03  1.020349e-02  7.062203e-03  1.769073e-01  1.475067e-16  1.455635e-16  1.805158e-02  7.493069e-02  5.221085e-11  -2.763398e-29  7.026386e-01  -2.376966e-36
7.545000e+01  1.013250e+05  2.422835e+03  7.132229e-03  1.506448e-03  1.018211e-02  7.053078e-03  1.769224e-01  1.471594e-16  1.457460e-16  1.803933e-02  7.494441e-02  5.215821e-11  -2.842126e-29  7.026343e-01  -3.928642e-36
1.000000e+02  1.013250e+05  2.422835e+03  7.132229e-03  1.506448e-03  1.018211e-02  7.053078e-03  1.769224e-01  1.471594e-16  1.457460e-16  1.803933e-02  7.494441e-02  5.215821e-11  -2.842126e-29  7.026343e-01  -3.928642e-36
