T(K) p(Pa) phi Tf(K) SL(m/s) Xf(m) maxXCH mpXCH intXCH maxSM mpSM intSM maxCM mpCM intCM
300 101325 5.000000e-01 1.477172e+03 4.897147e-02 7.251000e-04 1.179462e-09 1.098904e-09 4.103033e-13 2.875139e+11 2.725070e+11 1.013196e+08 8.719331e+10 8.264303e+10 3.072605e+07 
300 101325 5.500000e-01 1.572113e+03 7.946534e-02 5.533900e-04 7.121372e-09 6.575677e-09 1.904598e-12 1.570940e+12 1.443850e+12 4.238168e+08 4.765411e+11 4.379972e+11 1.285608e+08 
300 101325 6.000000e-01 1.663627e+03 1.155709e-01 4.366900e-04 2.807102e-08 2.685023e-08 6.171805e-12 5.650278e+12 5.376692e+12 1.255526e+09 1.714402e+12 1.631418e+12 3.809392e+08 
300 101325 6.500000e-01 1.752971e+03 1.545883e-01 3.887500e-04 8.390322e-08 7.978195e-08 1.602159e-11 1.550131e+13 1.470211e+13 2.998401e+09 4.704356e+12 4.461898e+12 9.099280e+08 
300 101325 7.000000e-01 1.838556e+03 1.956610e-01 3.333300e-04 2.037145e-07 1.931904e-07 3.451459e-11 3.462683e+13 3.275352e+13 5.974960e+09 1.051048e+13 9.942128e+12 1.813561e+09 
300 101325 7.500000e-01 1.921481e+03 2.384948e-01 3.229100e-04 4.284897e-07 3.984071e-07 6.678636e-11 6.746829e+13 6.602282e+13 1.063091e+10 2.048270e+13 2.004412e+13 3.227305e+09 
300 101325 8.000000e-01 1.999693e+03 2.782662e-01 2.916700e-04 7.947891e-07 7.406641e-07 1.147779e-10 1.163452e+14 1.085140e+14 1.717040e+10 3.532650e+13 3.294951e+13 5.213337e+09 
300 101325 8.500000e-01 2.073059e+03 3.144795e-01 2.864600e-04 1.343484e-06 1.259482e-06 1.845290e-10 1.833214e+14 1.792693e+14 2.548543e+10 5.567055e+13 5.444084e+13 7.739029e+09 
300 101325 9.000000e-01 2.137945e+03 3.463382e-01 2.708300e-04 2.094263e-06 1.994747e-06 2.762107e-10 2.671181e+14 2.549845e+14 3.614974e+10 8.112800e+13 7.744455e+13 1.097880e+10 
300 101325 9.500000e-01 2.193013e+03 3.713714e-01 2.604100e-04 3.065277e-06 2.917576e-06 3.940645e-10 3.664724e+14 3.498336e+14 4.841830e+10 1.113165e+14 1.062648e+14 1.470654e+10 
300 101325 1.000000e+00 2.228760e+03 3.884056e-01 2.500000e-04 4.218260e-06 4.127112e-06 5.354857e-10 4.742020e+14 4.648013e+14 6.195890e+10 1.440551e+14 1.412015e+14 1.882142e+10 
300 101325 1.050000e+00 2.233427e+03 3.958284e-01 2.656300e-04 5.479869e-06 5.186966e-06 7.072798e-10 5.808082e+14 5.667757e+14 7.678615e+10 1.764581e+14 1.721980e+14 2.332797e+10 
300 101325 1.100000e+00 2.210460e+03 3.922978e-01 2.656300e-04 6.707466e-06 6.473378e-06 8.888387e-10 6.729901e+14 6.512662e+14 9.171455e+10 2.044848e+14 1.978872e+14 2.786604e+10 
300 101325 1.150000e+00 2.173635e+03 3.757768e-01 2.812500e-04 7.655267e-06 7.297086e-06 1.076553e-09 7.295909e+14 7.000216e+14 1.053603e+11 2.217033e+14 2.127215e+14 3.201518e+10 
300 101325 1.200000e+00 2.135502e+03 3.459716e-01 3.020800e-04 8.022516e-06 7.687980e-06 1.237953e-09 7.296277e+14 7.001992e+14 1.153543e+11 2.217348e+14 2.127944e+14 3.505528e+10 
300 101325 1.250000e+00 2.094322e+03 2.982846e-01 3.802100e-04 7.371507e-06 6.577237e-06 1.348069e-09 6.444914e+14 6.072795e+14 1.192328e+11 1.958790e+14 1.845721e+14 3.623731e+10 
300 101325 1.300000e+00 2.053134e+03 2.411598e-01 5.025200e-04 5.613753e-06 4.484218e-06 1.323699e-09 4.744101e+14 4.049693e+14 1.128401e+11 1.441986e+14 1.230946e+14 3.429762e+10 
300 101325 1.350000e+00 2.015899e+03 1.859043e-01 7.542300e-04 3.373399e-06 2.174307e-06 1.142811e-09 2.804411e+14 2.038510e+14 9.485789e+10 8.524678e+13 6.196703e+13 2.883405e+10 
300 101325 1.400000e+00 1.980112e+03 1.434657e-01 1.164720e-03 1.571824e-06 7.601209e-07 7.729834e-10 1.314212e+14 6.105825e+13 6.435912e+10 3.995047e+13 1.856162e+13 1.956437e+10 
300 101325 1.450000e+00 1.943826e+03 1.208709e-01 1.295580e-03 8.228598e-07 4.473650e-07 4.720317e-10 6.979959e+13 3.694646e+13 3.981580e+10 2.121897e+13 1.123204e+13 1.210391e+10 
300 101325 1.500000e+00 1.909295e+03 1.053031e-01 1.426440e-03 4.673686e-07 2.583233e-07 2.977762e-10 4.022841e+13 2.159499e+13 2.551486e+10 1.222964e+13 6.565218e+12 7.756639e+09 
300 101325 1.550000e+00 1.876532e+03 9.327410e-02 1.761060e-03 2.709557e-07 1.177777e-07 1.932540e-10 2.369055e+13 1.307609e+13 1.654592e+10 7.202200e+12 3.975426e+12 5.030151e+09 
300 101325 1.600000e+00 1.840904e+03 8.220527e-02 1.885250e-03 1.558968e-07 7.286794e-08 1.224077e-10 1.392945e+13 6.311945e+12 1.088089e+10 4.234760e+12 1.918999e+12 3.307951e+09 
300 101325 1.650000e+00 1.812257e+03 7.464456e-02 2.006100e-03 9.342238e-08 4.560046e-08 8.025697e-11 8.477544e+12 3.998106e+12 7.235015e+09 2.577356e+12 1.215560e+12 2.199607e+09 
300 101325 1.700000e+00 1.786896e+03 6.814926e-02 2.126950e-03 5.884079e-08 3.014071e-08 5.472469e-11 5.402131e+12 2.686343e+12 5.009001e+09 1.642394e+12 8.167510e+11 1.522870e+09 
300 101325 1.800000e+00 1.734384e+03 5.573638e-02 2.707030e-03 2.175960e-08 9.180590e-09 2.454705e-11 2.073230e+12 8.609604e+11 2.326185e+09 6.303292e+11 2.617719e+11 7.072392e+08 



300 303975 5.000000e-01 1.477188e+03 2.266297e-02 4.367700e-04 5.363953e-11 5.347424e-11 1.151150e-14 1.248468e+10 1.235695e+10 2.721995e+06 3.800114e+09 3.761233e+09 8.285212e+05 
300 303975 5.500000e-01 1.571884e+03 3.845672e-02 2.796200e-04 6.442410e-10 6.405976e-10 8.891277e-14 1.334126e+11 1.328161e+11 1.863932e+07 4.061202e+10 4.043045e+10 5.673941e+06 
300 303975 6.000000e-01 1.663171e+03 5.943716e-02 2.056400e-04 4.157029e-09 4.032664e-09 4.286176e-13 7.759390e+11 7.580250e+11 8.095726e+07 2.362215e+11 2.307684e+11 2.464590e+07 
300 303975 6.500000e-01 1.752538e+03 8.491219e-02 1.715500e-04 1.795270e-08 1.720315e-08 1.513068e-12 3.054811e+12 2.877019e+12 2.595717e+08 9.300467e+11 8.759221e+11 7.902695e+07 
300 303975 7.000000e-01 1.837916e+03 1.124678e-01 1.429600e-04 5.643441e-08 5.522216e-08 4.077854e-12 8.834217e+12 8.634040e+12 6.453464e+08 2.689770e+12 2.628831e+12 1.964884e+08 
300 303975 7.500000e-01 1.921301e+03 1.399147e-01 1.239000e-04 1.448877e-07 1.415748e-07 9.312719e-12 2.097248e+13 2.049807e+13 1.366151e+09 6.385860e+12 6.241435e+12 4.159731e+08 
300 303975 8.000000e-01 2.000260e+03 1.680110e-01 1.175400e-04 3.135676e-07 2.989180e-07 1.864761e-11 4.215847e+13 4.020073e+13 2.542423e+09 1.283740e+13 1.224132e+13 7.741698e+08 
300 303975 8.500000e-01 2.075554e+03 1.931362e-01 1.143600e-04 5.996748e-07 5.651911e-07 3.372988e-11 7.546628e+13 7.072562e+13 4.297484e+09 2.298074e+13 2.153727e+13 1.308645e+09 
300 303975 9.000000e-01 2.143487e+03 2.162632e-01 1.080100e-04 1.031736e-06 9.951491e-07 5.541120e-11 1.212572e+14 1.166656e+14 6.623325e+09 3.692645e+13 3.552830e+13 2.016982e+09 
300 303975 9.500000e-01 2.205007e+03 2.351432e-01 1.048300e-04 1.644081e-06 1.584353e-06 8.602238e-11 1.815320e+14 1.753012e+14 9.663390e+09 5.528400e+13 5.338677e+13 2.942880e+09 
300 303975 1.000000e+00 2.248705e+03 2.477953e-01 1.048300e-04 2.412674e-06 2.293640e-06 1.259056e-10 2.513821e+14 2.389776e+14 1.332240e+10 7.655916e+13 7.278171e+13 4.057344e+09 
300 303975 1.050000e+00 2.252308e+03 2.528527e-01 1.080100e-04 3.272201e-06 3.057568e-06 1.743866e-10 3.218967e+14 3.127136e+14 1.728451e+10 9.803806e+13 9.524161e+13 5.264195e+09 
300 303975 1.100000e+00 2.220773e+03 2.485279e-01 1.143600e-04 4.055141e-06 3.705778e-06 2.269864e-10 3.755906e+14 3.604795e+14 2.130500e+10 1.143951e+14 1.097933e+14 6.488909e+09 
300 303975 1.150000e+00 2.180479e+03 2.314794e-01 1.238900e-04 4.395293e-06 4.051633e-06 2.721975e-10 3.882293e+14 3.576519e+14 2.442502e+10 1.182486e+14 1.089358e+14 7.439433e+09 
300 303975 1.200000e+00 2.137563e+03 1.981676e-01 1.556700e-04 3.910961e-06 3.509422e-06 2.941711e-10 3.302830e+14 2.956936e+14 2.521916e+10 1.006021e+14 9.006699e+13 7.681560e+09 
300 303975 1.250000e+00 2.098100e+03 1.598458e-01 2.128500e-04 2.616502e-06 2.154176e-06 2.704134e-10 2.135490e+14 1.738704e+14 2.228817e+10 6.504767e+13 5.296184e+13 6.789022e+09 
300 303975 1.300000e+00 2.056062e+03 1.209766e-01 3.720300e-04 1.053879e-06 6.186936e-07 1.772801e-10 8.535601e+13 4.921670e+13 1.435270e+10 2.600036e+13 1.499208e+13 4.371977e+09 
300 303975 1.350000e+00 2.016396e+03 1.009836e-01 4.922000e-04 4.594934e-07 2.257783e-07 9.713474e-11 3.777267e+13 1.794859e+13 7.944149e+09 1.150611e+13 5.467471e+12 2.419905e+09 
300 303975 1.400000e+00 1.978122e+03 8.916107e-02 6.187300e-04 2.413691e-07 9.478786e-08 5.942653e-11 2.019780e+13 1.132205e+13 4.802451e+09 6.152612e+12 3.448939e+12 1.462912e+09 
300 303975 1.450000e+00 1.941781e+03 8.081160e-02 6.967300e-04 1.374361e-07 5.360964e-08 3.815707e-11 1.165743e+13 4.332244e+12 3.202616e+09 3.551097e+12 1.319711e+12 9.755849e+08 
300 303975 1.500000e+00 1.905340e+03 7.338226e-02 8.717900e-04 7.952206e-08 2.332068e-08 2.521723e-11 6.844218e+12 2.583359e+12 2.109072e+09 2.084909e+12 7.869635e+11 6.424735e+08 
300 303975 1.550000e+00 1.871411e+03 6.633452e-02 1.040490e-03 4.703442e-08 1.145004e-08 1.683874e-11 4.119255e+12 1.600388e+12 1.411918e+09 1.254829e+12 4.875255e+11 4.301059e+08 
300 303975 1.600000e+00 1.842489e+03 6.106167e-02 1.015080e-03 2.935550e-08 9.652367e-09 1.137971e-11 2.617799e+12 8.244222e+11 1.001282e+09 7.974513e+11 2.511451e+11 3.050178e+08 
300 303975 1.650000e+00 1.813944e+03 5.581971e-02 1.183790e-03 1.823244e-08 5.176142e-09 7.840381e-12 1.651036e+12 4.480071e+11 7.008629e+08 5.029518e+11 1.364779e+11 2.135030e+08 
300 303975 1.700000e+00 1.786484e+03 5.112139e-02 1.152590e-03 1.134241e-08 4.259758e-09 5.258314e-12 1.045943e+12 3.801839e+11 4.790850e+08 3.186247e+11 1.158170e+11 1.459436e+08 
300 303975 1.750000e+00 1.762029e+03 4.762225e-02 1.516580e-03 7.438992e-09 1.774590e-09 3.858197e-12 6.949039e+11 2.202407e+11 3.477964e+08 2.116890e+11 6.709324e+10 1.059497e+08 
300 303975 1.800000e+00 1.736864e+03 4.396608e-02 1.480180e-03 4.758521e-09 1.486310e-09 2.641956e-12 4.507320e+11 1.339377e+11 2.474578e+08 1.373070e+11 4.080239e+10 7.538367e+07 



300 607950 5.000000e-01 1.477814e+03 1.496704e-02 4.253400e-04 3.949239e-12 3.722157e-12 8.524468e-16 9.054775e+08 8.639167e+08 1.995717e+05 2.758637e+08 2.632016e+08 6.080150e+04 
300 607950 5.500000e-01 1.572293e+03 2.473176e-02 2.309000e-04 7.994998e-11 7.930970e-11 8.956867e-15 1.611453e+10 1.606489e+10 1.831380e+06 4.909693e+09 4.894568e+09 5.579735e+05 
300 607950 6.000000e-01 1.663168e+03 3.807477e-02 1.501800e-04 7.705395e-10 7.643182e-10 5.679449e-14 1.387014e+11 1.381219e+11 1.036132e+07 4.226051e+10 4.208398e+10 3.156951e+06 
300 607950 6.500000e-01 1.752557e+03 5.511871e-02 1.162800e-04 4.592582e-09 4.395584e-09 2.555960e-13 7.474532e+11 7.076562e+11 4.188761e+07 2.277469e+11 2.156212e+11 1.276300e+07 
300 607950 7.000000e-01 1.837652e+03 7.497102e-02 9.535000e-05 1.826267e-08 1.722701e-08 8.364617e-13 2.707095e+12 2.660007e+12 1.247551e+08 8.248690e+11 8.105226e+11 3.801359e+07 
300 607950 7.500000e-01 1.920718e+03 9.621638e-02 8.139000e-05 5.594138e-08 5.297209e-08 2.222893e-12 7.656907e+12 7.292234e+12 3.072480e+08 2.333172e+12 2.222056e+12 9.362272e+07 
300 607950 8.000000e-01 2.001029e+03 1.171684e-01 7.442000e-05 1.401738e-07 1.302256e-07 5.045058e-12 1.778679e+13 1.735815e+13 6.416433e+08 5.420022e+12 5.289419e+12 1.955222e+08 
300 607950 8.500000e-01 2.076224e+03 1.364152e-01 6.745000e-05 2.963521e-07 2.761503e-07 9.904740e-12 3.508016e+13 3.293498e+13 1.184072e+09 1.068993e+13 1.003626e+13 3.608196e+08 
300 607950 9.000000e-01 2.146300e+03 1.536227e-01 6.395000e-05 5.554396e-07 5.303254e-07 1.765741e-11 6.138760e+13 5.836345e+13 1.974097e+09 1.870693e+13 1.778542e+13 6.015744e+08 
300 607950 9.500000e-01 2.209966e+03 1.672984e-01 6.279000e-05 9.413414e-07 9.025627e-07 2.918893e-11 9.776710e+13 9.323517e+13 3.068006e+09 2.979361e+13 2.841262e+13 9.349434e+08 
300 607950 1.000000e+00 2.257670e+03 1.761708e-01 6.395000e-05 1.450663e-06 1.373270e-06 4.508679e-11 1.418891e+14 1.336715e+14 4.464573e+09 4.324016e+13 4.073599e+13 1.360558e+09 
300 607950 1.050000e+00 2.259472e+03 1.802712e-01 6.627000e-05 2.025712e-06 1.867270e-06 6.503252e-11 1.869354e+14 1.829389e+14 6.035109e+09 5.696892e+13 5.575108e+13 1.839206e+09 
300 607950 1.100000e+00 2.224044e+03 1.743814e-01 6.977000e-05 2.445734e-06 2.237469e-06 8.487633e-11 2.140543e+14 1.968343e+14 7.535940e+09 6.523463e+13 5.998687e+13 2.296627e+09 
300 607950 1.150000e+00 2.181466e+03 1.565302e-01 8.604000e-05 2.382962e-06 2.116899e-06 9.831352e-11 1.985254e+14 1.878253e+14 8.252201e+09 6.050315e+13 5.724228e+13 2.514957e+09 
300 607950 1.200000e+00 2.138893e+03 1.300350e-01 1.186000e-04 1.633642e-06 1.340336e-06 9.245203e-11 1.313764e+14 1.075182e+14 7.505455e+09 4.003929e+13 3.276817e+13 2.287415e+09 
300 607950 1.250000e+00 2.096450e+03 1.027884e-01 1.974500e-04 6.576638e-07 4.351316e-07 6.016656e-11 5.248536e+13 3.379815e+13 4.797111e+09 1.599603e+13 1.030076e+13 1.462021e+09 
300 607950 1.300000e+00 2.056747e+03 8.849201e-02 2.807200e-04 2.800476e-07 1.290781e-07 3.288824e-11 2.265480e+13 1.019717e+13 2.648557e+09 6.904586e+12 3.107851e+12 8.072107e+08 
300 607950 1.350000e+00 2.017674e+03 7.931403e-02 3.686400e-04 1.445354e-07 4.864437e-08 2.023330e-11 1.188128e+13 5.500422e+12 1.616731e+09 3.621122e+12 1.676405e+12 4.927401e+08 
300 607950 1.400000e+00 1.978623e+03 7.210845e-02 4.079400e-04 8.004975e-08 2.911537e-08 1.286621e-11 6.691853e+12 2.324567e+12 1.064251e+09 2.039523e+12 7.084800e+11 3.243595e+08 
300 607950 1.450000e+00 1.941041e+03 6.644890e-02 5.930800e-04 4.710192e-08 9.165490e-09 8.950977e-12 3.997924e+12 1.153785e+12 7.269158e+08 1.218480e+12 3.516516e+11 2.215484e+08 
300 607950 1.500000e+00 1.905266e+03 6.159968e-02 6.763500e-04 2.878845e-08 5.227792e-09 6.170503e-12 2.487374e+12 4.205042e+11 5.226547e+08 7.581003e+11 1.281623e+11 1.592947e+08 
300 607950 1.550000e+00 1.868687e+03 5.666206e-02 8.614900e-04 1.738992e-08 2.456361e-09 4.266500e-12 1.530496e+12 3.593626e+11 3.514984e+08 4.664647e+11 1.095277e+11 1.071300e+08 
300 607950 1.600000e+00 1.838420e+03 5.295932e-02 8.475300e-04 1.128053e-08 1.979750e-09 2.963015e-12 1.004818e+12 1.643850e+11 2.587799e+08 3.062498e+11 5.010199e+10 7.887144e+07 
300 607950 1.650000e+00 1.809229e+03 4.935933e-02 8.335800e-04 7.280248e-09 1.593823e-09 2.037117e-12 6.577932e+11 1.364928e+11 1.809936e+08 2.004836e+11 4.160097e+10 5.516371e+07 
300 607950 1.700000e+00 1.782723e+03 4.628122e-02 1.014070e-03 4.802944e-09 8.079490e-10 1.482538e-12 4.404156e+11 1.140788e+11 1.286874e+08 1.342311e+11 3.476960e+10 3.922177e+07 
300 607950 1.750000e+00 1.756436e+03 4.321645e-02 1.000110e-03 3.144609e-09 6.508618e-10 1.031171e-12 2.926345e+11 5.744460e+10 9.439045e+07 8.919008e+10 1.750835e+10 2.876871e+07 
300 607950 1.800000e+00 1.734164e+03 4.093028e-02 9.861600e-04 2.190951e-09 5.411507e-10 7.541687e-13 2.060101e+11 4.852229e+10 6.992885e+07 6.278855e+10 1.478898e+10 2.131325e+07 



300 911925 5.000000e-01 1.477284e+03 1.214407e-02 4.013300e-04 7.651602e-13 7.642782e-13 1.729655e-16 1.765244e+08 1.765244e+08 4.072381e+04 5.379652e+07 5.379652e+07 1.241071e+04 
300 911925 5.500000e-01 1.572589e+03 1.984919e-02 2.249900e-04 1.989451e-11 1.973521e-11 2.166973e-15 3.983538e+09 3.962059e+09 4.407237e+05 1.214036e+09 1.207490e+09 1.343161e+05 
300 911925 6.000000e-01 1.663161e+03 3.025720e-02 1.355100e-04 2.431782e-10 2.419493e-10 1.583593e-14 4.312503e+10 4.308670e+10 2.852899e+06 1.314328e+10 1.313160e+10 8.694806e+05 
300 911925 6.500000e-01 1.752259e+03 4.355731e-02 8.913000e-05 1.770331e-09 1.755906e-09 8.053619e-14 2.821329e+11 2.818827e+11 1.303867e+07 8.598800e+10 8.591176e+10 3.973896e+06 
300 911925 7.000000e-01 1.838642e+03 5.920524e-02 7.557000e-05 8.439126e-09 8.199938e-09 3.055338e-13 1.220098e+12 1.172929e+12 4.459715e+07 3.718669e+11 3.574909e+11 1.359250e+07 
300 911925 7.500000e-01 1.921826e+03 7.654043e-02 6.394000e-05 2.932243e-08 2.755072e-08 9.000447e-13 3.899739e+12 3.846593e+12 1.198723e+08 1.188601e+12 1.172404e+12 3.653580e+07 
300 911925 8.000000e-01 2.000755e+03 9.434120e-02 5.426000e-05 7.977935e-08 7.598843e-08 2.168090e-12 9.800725e+12 9.375142e+12 2.691547e+08 2.987211e+12 2.857499e+12 8.203683e+07 
300 911925 8.500000e-01 2.076499e+03 1.107137e-01 5.038000e-05 1.822593e-07 1.753634e-07 4.563047e-12 2.077473e+13 1.961775e+13 5.242116e+08 6.332123e+12 5.979488e+12 1.597791e+08 
300 911925 9.000000e-01 2.148331e+03 1.249198e-01 4.748000e-05 3.628813e-07 3.524634e-07 8.613668e-12 3.866980e+13 3.748626e+13 9.279308e+08 1.178669e+13 1.142596e+13 2.828360e+08 
300 911925 9.500000e-01 2.212633e+03 1.360118e-01 4.650000e-05 6.396975e-07 6.226359e-07 1.482054e-11 6.407329e+13 6.203619e+13 1.499770e+09 1.953000e+13 1.890911e+13 4.571402e+08 
300 911925 1.000000e+00 2.262059e+03 1.435455e-01 4.747000e-05 1.012624e-06 9.696940e-07 2.362378e-11 9.557661e+13 9.115801e+13 2.252244e+09 2.913280e+13 2.778601e+13 6.865075e+08 
300 911925 1.050000e+00 2.261564e+03 1.461088e-01 4.941000e-05 1.428925e-06 1.342779e-06 3.476479e-11 1.272046e+14 1.190442e+14 3.129928e+09 3.877383e+13 3.628649e+13 9.540467e+08 
300 911925 1.100000e+00 2.224421e+03 1.406704e-01 5.329000e-05 1.679454e-06 1.609581e-06 4.535585e-11 1.419217e+14 1.356353e+14 3.875909e+09 4.326037e+13 4.134421e+13 1.181447e+09 
300 911925 1.150000e+00 2.182900e+03 1.255006e-01 6.976000e-05 1.476209e-06 1.334750e-06 4.989177e-11 1.191542e+14 1.051435e+14 4.067169e+09 3.632082e+13 3.205013e+13 1.239762e+09 
300 911925 1.200000e+00 2.139914e+03 1.044352e-01 1.046400e-04 8.072221e-07 6.394165e-07 4.102183e-11 6.359731e+13 5.003112e+13 3.251858e+09 1.938606e+13 1.525078e+13 9.912474e+08 
300 911925 1.250000e+00 2.097306e+03 8.751490e-02 1.765400e-04 3.013209e-07 1.608317e-07 2.278979e-11 2.394529e+13 1.238356e+13 1.808168e+09 7.299175e+12 3.774860e+12 5.511785e+08 
300 911925 1.300000e+00 2.057450e+03 7.863729e-02 2.174300e-04 1.451493e-07 6.644714e-08 1.323177e-11 1.175841e+13 5.255918e+12 1.064272e+09 3.584298e+12 1.602161e+12 3.244204e+08 
300 911925 1.350000e+00 2.018627e+03 7.209448e-02 3.069800e-04 7.946732e-08 2.112155e-08 8.734240e-12 6.529643e+12 1.655801e+12 7.095211e+08 1.990428e+12 5.047400e+11 2.162832e+08 
300 911925 1.400000e+00 1.979776e+03 6.647981e-02 3.965200e-04 4.592552e-08 9.011957e-09 5.934051e-12 3.838795e+12 7.117288e+11 4.879655e+08 1.170182e+12 2.169581e+11 1.487470e+08 
300 911925 1.450000e+00 1.942584e+03 6.189257e-02 4.899300e-04 2.796877e-08 4.616647e-09 4.167451e-12 2.373314e+12 3.674880e+11 3.468520e+08 7.234607e+11 1.120227e+11 1.057315e+08 
300 911925 1.550000e+00 1.868572e+03 5.329915e-02 6.690200e-04 1.084992e-08 1.484807e-09 2.030056e-12 9.512466e+11 1.211061e+11 1.743702e+08 2.899709e+11 3.691738e+10 5.315383e+07 
300 911925 1.600000e+00 1.836440e+03 5.006677e-02 6.612700e-04 7.095669e-09 1.172215e-09 1.414992e-12 6.304982e+11 9.733616e+10 1.234813e+08 1.921966e+11 2.967152e+10 3.764126e+07 
300 911925 1.650000e+00 1.807291e+03 4.713888e-02 6.535200e-04 4.713887e-09 9.478398e-10 9.936957e-13 4.252169e+11 8.015373e+10 8.812114e+07 1.296205e+11 2.443374e+10 2.686234e+07 
300 911925 1.700000e+00 1.780725e+03 4.453479e-02 6.418900e-04 3.188840e-09 7.495299e-10 7.078916e-13 2.929939e+11 6.553264e+10 6.379494e+07 8.931453e+10 1.997673e+10 1.944691e+07 
300 911925 1.750000e+00 1.756854e+03 4.223478e-02 8.287200e-04 2.202937e-09 3.506114e-10 5.390230e-13 2.038553e+11 5.520248e+10 4.682907e+07 6.214208e+10 1.682774e+10 1.427514e+07 
300 911925 1.800000e+00 1.732744e+03 3.969310e-02 8.170900e-04 1.507390e-09 2.806823e-10 3.878084e-13 1.424803e+11 4.572855e+10 3.425008e+07 4.343294e+10 1.393975e+10 1.044063e+07 



300 1215900 5.000000e-01 1.478165e+03 1.061387e-02 3.771800e-04 2.940420e-13 2.867940e-13 6.127249e-17 6.821805e+07 6.698832e+07 1.444832e+04 2.079288e+07 2.041807e+07 4.403843e+03 
300 1215900 5.500000e-01 1.573724e+03 1.717871e-02 2.076900e-04 7.658788e-12 7.642065e-12 8.114647e-16 1.530920e+09 1.521650e+09 1.650749e+05 4.666356e+08 4.638101e+08 5.031595e+04 
300 1215900 6.000000e-01 1.663135e+03 2.621649e-02 1.267600e-04 1.028251e-10 1.027714e-10 6.292306e-15 1.813628e+10 1.811256e+10 1.123924e+06 5.528185e+09 5.520956e+09 3.425868e+05 
300 1215900 6.500000e-01 1.752174e+03 3.751810e-02 8.440000e-05 8.580735e-10 8.443382e-10 3.519324e-14 1.353789e+11 1.344871e+11 5.637252e+06 4.126603e+10 4.099421e+10 1.718338e+06 
300 1215900 7.000000e-01 1.838473e+03 5.083184e-02 6.469000e-05 4.595427e-09 4.530202e-09 1.435947e-13 6.551270e+11 6.409447e+11 2.067885e+07 1.996981e+11 1.953751e+11 6.303391e+06 
300 1215900 7.500000e-01 1.922077e+03 6.578397e-02 5.107000e-05 1.767585e-08 1.735747e-08 4.538168e-13 2.300108e+12 2.269420e+12 5.990560e+07 7.011367e+11 6.917822e+11 1.826086e+07 
300 1215900 8.000000e-01 2.001099e+03 8.129024e-02 4.596000e-05 5.175309e-08 4.783083e-08 1.170061e-12 6.220323e+12 6.141400e+12 1.409006e+08 1.896149e+12 1.872092e+12 4.295087e+07 
300 1215900 8.500000e-01 2.077366e+03 9.563695e-02 4.342000e-05 1.258305e-07 1.183847e-07 2.609090e-12 1.402606e+13 1.388347e+13 2.904918e+08 4.275630e+12 4.232166e+12 8.855186e+07 
300 1215900 9.000000e-01 2.149264e+03 1.083088e-01 4.086000e-05 2.609715e-07 2.473333e-07 5.112852e-12 2.713879e+13 2.694176e+13 5.306349e+08 8.272927e+12 8.212869e+12 1.617573e+08 
300 1215900 9.500000e-01 2.215474e+03 1.182798e-01 4.000000e-05 4.743955e-07 4.480442e-07 9.080327e-12 4.640479e+13 4.604885e+13 8.844041e+08 1.414606e+13 1.403757e+13 2.696020e+08 
300 1215900 1.000000e+00 2.265655e+03 1.248671e-01 3.746000e-05 7.665185e-07 7.544813e-07 1.462538e-11 7.056694e+13 6.916187e+13 1.359757e+09 2.151187e+13 2.108356e+13 4.145126e+08 
300 1215900 1.050000e+00 2.262772e+03 1.270265e-01 4.085000e-05 1.087949e-06 1.026322e-06 2.197083e-11 9.456220e+13 8.871609e+13 1.928403e+09 2.882693e+13 2.704480e+13 5.878658e+08 
300 1215900 1.100000e+00 2.224853e+03 1.220034e-01 4.597000e-05 1.240818e-06 1.171168e-06 2.851509e-11 1.025322e+14 9.633277e+13 2.378904e+09 3.125683e+13 2.936699e+13 7.252059e+08 
300 1215900 1.150000e+00 2.182722e+03 1.088951e-01 6.299000e-05 9.941036e-07 8.268991e-07 2.985271e-11 7.886850e+13 7.104262e+13 2.378196e+09 2.404320e+13 2.165749e+13 7.249964e+08 
300 1215900 1.200000e+00 2.140681e+03 9.253850e-02 1.004400e-04 4.692707e-07 3.327055e-07 2.202847e-11 3.665465e+13 2.567902e+13 1.727316e+09 1.117431e+13 7.828366e+12 5.265788e+08 
300 1215900 1.250000e+00 2.099526e+03 8.175072e-02 1.401000e-04 1.926274e-07 1.102640e-07 1.203435e-11 1.529327e+13 8.478799e+12 9.518840e+08 4.662230e+12 2.584813e+12 2.901867e+08 
300 1215900 1.300000e+00 2.057555e+03 7.382261e-02 2.079900e-04 9.561565e-08 2.985008e-08 7.404004e-12 7.728122e+12 3.160736e+12 5.826750e+08 2.355963e+12 9.635730e+11 1.776320e+08 
300 1215900 1.350000e+00 2.018421e+03 6.819884e-02 2.515600e-04 5.400774e-08 1.473489e-08 4.907585e-12 4.445371e+12 1.159418e+12 3.984657e+08 1.355201e+12 3.534579e+11 1.214751e+08 
300 1215900 1.400000e+00 1.979751e+03 6.362818e-02 3.420900e-04 3.211252e-08 5.669144e-09 3.455758e-12 2.686899e+12 4.476857e+11 2.837679e+08 8.191210e+11 1.364810e+11 8.650885e+07 
300 1215900 1.450000e+00 1.941153e+03 5.922668e-02 3.873400e-04 1.967525e-08 3.519629e-09 2.386506e-12 1.673767e+12 2.803728e+11 1.989416e+08 5.102612e+11 8.547434e+10 6.064903e+07 
300 1215900 1.500000e+00 1.904669e+03 5.561219e-02 4.778700e-04 1.257186e-08 1.811206e-09 1.729140e-12 1.085547e+12 1.452386e+11 1.460131e+08 3.309384e+11 4.427748e+10 4.451342e+07 
300 1215900 1.550000e+00 1.869673e+03 5.237703e-02 4.744700e-04 8.238274e-09 1.455256e-09 1.207590e-12 7.217630e+11 1.188379e+11 1.036160e+08 2.200359e+11 3.622900e+10 3.158830e+07 
300 1215900 1.600000e+00 1.835453e+03 4.899866e-02 4.676600e-04 5.360659e-09 1.133378e-09 8.317510e-13 4.772417e+11 9.475441e+10 7.269334e+07 1.454915e+11 2.888693e+10 2.216127e+07 
300 1215900 1.650000e+00 1.805718e+03 4.635640e-02 6.555200e-04 3.613537e-09 4.512962e-10 6.347956e-13 3.270371e+11 7.755403e+10 5.249883e+07 9.970040e+10 2.364323e+10 1.600480e+07 
300 1215900 1.700000e+00 1.779596e+03 4.396419e-02 6.487100e-04 2.493299e-09 3.503012e-10 4.575295e-13 2.286342e+11 6.498256e+10 3.844853e+07 6.970140e+10 1.981069e+10 1.172143e+07 
300 1215900 1.750000e+00 1.754082e+03 4.136442e-02 6.419000e-04 1.700351e-09 2.818410e-10 3.273407e-13 1.582522e+11 3.562271e+10 2.911134e+07 4.824476e+10 1.086001e+10 8.874898e+06 
300 1215900 1.800000e+00 1.732066e+03 3.937002e-02 6.350900e-04 1.204413e-09 2.263404e-10 2.409477e-13 1.133547e+11 2.030600e+10 2.236593e+07 3.455737e+10 6.190535e+09 6.818496e+06 



500 101325 5.000000e-01 1.636976e+03 2.188621e-01 4.520800e-04 1.461752e-08 1.362010e-08 3.325421e-12 3.219949e+12 3.019787e+12 7.426597e+08 9.766113e+11 9.159245e+11 2.252404e+08 
500 101325 5.500000e-01 1.729513e+03 3.023035e-01 4.083300e-04 4.931992e-08 4.542976e-08 9.558624e-12 9.895890e+12 9.469143e+12 1.920733e+09 3.002170e+12 2.872780e+12 5.826805e+08 
500 101325 6.000000e-01 1.819538e+03 3.916306e-01 3.500000e-04 1.320371e-07 1.218605e-07 2.237500e-11 2.423177e+13 2.392812e+13 4.139157e+09 7.352915e+12 7.260947e+12 1.255942e+09 
500 101325 6.500000e-01 1.906174e+03 4.841624e-01 3.135400e-04 2.987086e-07 2.808650e-07 4.556447e-11 5.050159e+13 4.696237e+13 7.849648e+09 1.532743e+13 1.425375e+13 2.382283e+09 
500 101325 7.000000e-01 1.988075e+03 5.738576e-01 2.770800e-04 5.864743e-07 5.581975e-07 8.194804e-11 9.166234e+13 8.798926e+13 1.313261e+10 2.782478e+13 2.671052e+13 3.986293e+09 
500 101325 7.500000e-01 2.063993e+03 6.578792e-01 2.698000e-04 1.037996e-06 9.531470e-07 1.366310e-10 1.506010e+14 1.461133e+14 2.023944e+10 4.572326e+13 4.436174e+13 6.144461e+09 
500 101325 8.000000e-01 2.134640e+03 7.347333e-01 2.479200e-04 1.694151e-06 1.632205e-06 2.107421e-10 2.280381e+14 2.223338e+14 2.931424e+10 6.924281e+13 6.751297e+13 8.900748e+09 
500 101325 8.500000e-01 2.200797e+03 8.058717e-01 2.333400e-04 2.611326e-06 2.518380e-06 3.114350e-10 3.277100e+14 3.203654e+14 4.052823e+10 9.952267e+13 9.729372e+13 1.230731e+10 
500 101325 9.000000e-01 2.256353e+03 8.630975e-01 2.406300e-04 3.767885e-06 3.624789e-06 4.407938e-10 4.441037e+14 4.249886e+14 5.358708e+10 1.348852e+14 1.290836e+14 1.627490e+10 
500 101325 9.500000e-01 2.300159e+03 9.048997e-01 2.333400e-04 5.166698e-06 4.845941e-06 5.949077e-10 5.724850e+14 5.659503e+14 6.777721e+10 1.738971e+14 1.719150e+14 2.058685e+10 
500 101325 1.000000e+00 2.328654e+03 9.291990e-01 2.333400e-04 6.771091e-06 6.461713e-06 7.780158e-10 7.056510e+14 7.036726e+14 8.356085e+10 2.143677e+14 2.137704e+14 2.538361e+10 
500 101325 1.050000e+00 2.338009e+03 9.398034e-01 2.260500e-04 8.517062e-06 8.220184e-06 9.840005e-10 8.401261e+14 8.210846e+14 1.007459e+11 2.552454e+14 2.494658e+14 3.060708e+10 
500 101325 1.100000e+00 2.326935e+03 9.300170e-01 2.333300e-04 1.024332e-05 9.857616e-06 1.216270e-09 9.564838e+14 9.349115e+14 1.180117e+11 2.906220e+14 2.840754e+14 3.585591e+10 
500 101325 1.150000e+00 2.299681e+03 8.992942e-01 2.552100e-04 1.174898e-05 1.102605e-05 1.467815e-09 1.044877e+15 1.031021e+15 1.343051e+11 3.175080e+14 3.133035e+14 4.081002e+10 
500 101325 1.200000e+00 2.265309e+03 8.462568e-01 2.697900e-04 1.270576e-05 1.179406e-05 1.702160e-09 1.082574e+15 1.057326e+15 1.485387e+11 3.289926e+14 3.213246e+14 4.513904e+10 
500 101325 1.250000e+00 2.228609e+03 7.734029e-01 2.989500e-04 1.281854e-05 1.179477e-05 1.904220e-09 1.046780e+15 9.775051e+14 1.600452e+11 3.181388e+14 2.970934e+14 4.863992e+10 
500 101325 1.300000e+00 2.189704e+03 6.729505e-01 3.500000e-04 1.162229e-05 1.030367e-05 2.017803e-09 9.198119e+14 8.252324e+14 1.634856e+11 2.795711e+14 2.508320e+14 4.968939e+10 
500 101325 1.350000e+00 2.151736e+03 5.669278e-01 4.447900e-04 9.342601e-06 7.916226e-06 2.028155e-09 7.203252e+14 5.993985e+14 1.586662e+11 2.189563e+14 1.822034e+14 4.822856e+10 
500 101325 1.400000e+00 2.113172e+03 4.598578e-01 6.504600e-04 6.291898e-06 4.206687e-06 1.873505e-09 4.789806e+14 3.161897e+14 1.433416e+11 1.456045e+14 9.612145e+13 4.357366e+10 
500 101325 1.450000e+00 2.076795e+03 3.733509e-01 9.918700e-04 3.629396e-06 1.661341e-06 1.503583e-09 2.765194e+14 1.219264e+14 1.140045e+11 8.406284e+13 3.706767e+13 3.465764e+10 
500 101325 1.500000e+00 2.042479e+03 3.203488e-01 1.236980e-03 2.188745e-06 8.404035e-07 1.083168e-09 1.685281e+14 7.453999e+13 8.180368e+10 5.123462e+13 2.266213e+13 2.486933e+10 
500 101325 1.550000e+00 2.006079e+03 2.795556e-01 1.400390e-03 1.362706e-06 5.160142e-07 7.538207e-10 1.065524e+14 5.413108e+13 5.717151e+10 3.239390e+13 1.645757e+13 1.738118e+10 
500 101325 1.600000e+00 1.974065e+03 2.513972e-01 1.563800e-03 8.970271e-07 3.230972e-07 5.409697e-10 7.110142e+13 3.352881e+13 4.174161e+10 2.161650e+13 1.019402e+13 1.269044e+10 
500 101325 1.650000e+00 1.942591e+03 2.283242e-01 1.712630e-03 5.844243e-07 1.999773e-07 3.822680e-10 4.701751e+13 2.053642e+13 3.000367e+10 1.429463e+13 6.243964e+12 9.121995e+09 
500 101325 1.700000e+00 1.912636e+03 2.063226e-01 1.861450e-03 3.796024e-07 1.259554e-07 2.682987e-10 3.106997e+13 1.315349e+13 2.147488e+10 9.446263e+12 3.999287e+12 6.529077e+09 
500 101325 1.750000e+00 1.884490e+03 1.878251e-01 1.832290e-03 2.485549e-07 1.060254e-07 1.865351e-10 2.066857e+13 8.410861e+12 1.539576e+10 6.283991e+12 2.557342e+12 4.680892e+09 
500 101325 1.800000e+00 1.857948e+03 1.720829e-01 2.159110e-03 1.641723e-07 5.370300e-08 1.344017e-10 1.385955e+13 7.040783e+12 1.092794e+10 4.213855e+12 2.140788e+12 3.322547e+09 



500 303975 5.000000e-01 1.636427e+03 1.088998e-01 2.209300e-04 1.774809e-09 1.713939e-09 1.956568e-13 3.627800e+11 3.566866e+11 4.065006e+07 1.104282e+11 1.085738e+11 1.237356e+07 
500 303975 5.500000e-01 1.729006e+03 1.611513e-01 1.788500e-04 8.984021e-09 8.686322e-09 7.823420e-13 1.661871e+12 1.578233e+12 1.458417e+08 5.059072e+11 4.804485e+11 4.439678e+07 
500 303975 6.000000e-01 1.818388e+03 2.202789e-01 1.472900e-04 3.227603e-08 3.132105e-08 2.351519e-12 5.441422e+12 5.184411e+12 4.003458e+08 1.656598e+12 1.578362e+12 1.218810e+08 
500 303975 6.500000e-01 1.904613e+03 2.835215e-01 1.315100e-04 9.094429e-08 8.345221e-08 5.803807e-12 1.409790e+13 1.388114e+13 9.039745e+08 4.292258e+12 4.226285e+12 2.752224e+08 
500 303975 7.000000e-01 1.987945e+03 3.479375e-01 1.183500e-04 2.141740e-07 2.019088e-07 1.234560e-11 3.074264e+13 2.877298e+13 1.795150e+09 9.360476e+12 8.760824e+12 5.465791e+08 
500 303975 7.500000e-01 2.066625e+03 4.102800e-01 1.104600e-04 4.383162e-07 4.131830e-07 2.334343e-11 5.828704e+13 5.658459e+13 3.138202e+09 1.774810e+13 1.722979e+13 9.555547e+08 
500 303975 8.000000e-01 2.140915e+03 4.684379e-01 1.025700e-04 8.060141e-07 7.385834e-07 4.030131e-11 1.000915e+14 9.712528e+13 5.076646e+09 3.047877e+13 2.957566e+13 1.545866e+09 
500 303975 8.500000e-01 2.208028e+03 5.205904e-01 9.731000e-05 1.355328e-06 1.300457e-06 6.477850e-11 1.577178e+14 1.505903e+14 7.671189e+09 4.802853e+13 4.585836e+13 2.336017e+09 
500 303975 9.000000e-01 2.268507e+03 5.660167e-01 9.205000e-05 2.124724e-06 2.012415e-06 9.798205e-11 2.314283e+14 2.229527e+14 1.094124e+10 7.047785e+13 6.789708e+13 3.331941e+09 
500 303975 9.500000e-01 2.319133e+03 6.051189e-01 9.468000e-05 3.102273e-06 2.931322e-06 1.414895e-10 3.187528e+14 3.108626e+14 1.473296e+10 9.707463e+13 9.467221e+13 4.486802e+09 
500 303975 1.000000e+00 2.354547e+03 6.288204e-01 9.205000e-05 4.293974e-06 3.965614e-06 1.946903e-10 4.159140e+14 4.071442e+14 1.920872e+10 1.266690e+14 1.239987e+14 5.850064e+09 
500 303975 1.050000e+00 2.364586e+03 6.389328e-01 9.205000e-05 5.598703e-06 5.406289e-06 2.575311e-10 5.134097e+14 4.944591e+14 2.413055e+10 1.563670e+14 1.505963e+14 7.349267e+09 
500 303975 1.100000e+00 2.347039e+03 6.316604e-01 9.731000e-05 6.824990e-06 6.290426e-06 3.272030e-10 5.947281e+14 5.797122e+14 2.899956e+10 1.811396e+14 1.765669e+14 8.832467e+09 
500 303975 1.150000e+00 2.315005e+03 6.060915e-01 1.052000e-04 7.756546e-06 7.340437e-06 3.981914e-10 6.427363e+14 6.035704e+14 3.366264e+10 1.957678e+14 1.838396e+14 1.025304e+10 
500 303975 1.200000e+00 2.275288e+03 5.516979e-01 1.183500e-04 7.909772e-06 7.224998e-06 4.554872e-10 6.274527e+14 5.939014e+14 3.660098e+10 1.911179e+14 1.808996e+14 1.114834e+10 
500 303975 1.250000e+00 2.236769e+03 4.840638e-01 1.341400e-04 7.044398e-06 6.505810e-06 4.813979e-10 5.377978e+14 5.011195e+14 3.743309e+10 1.638144e+14 1.526430e+14 1.140212e+10 
500 303975 1.300000e+00 2.195812e+03 3.981124e-01 1.946300e-04 5.023414e-06 3.951030e-06 4.622601e-10 3.744906e+14 2.877150e+14 3.468912e+10 1.140735e+14 8.764166e+13 1.056660e+10 
500 303975 1.350000e+00 2.158016e+03 3.207630e-01 2.998300e-04 2.799182e-06 1.591503e-06 3.743563e-10 2.061905e+14 1.145963e+14 2.757305e+10 6.280896e+13 3.490833e+13 8.399178e+09 
500 303975 1.400000e+00 2.119183e+03 2.670368e-01 4.103000e-04 1.400360e-06 6.503818e-07 2.437983e-10 1.042515e+14 4.642069e+13 1.803010e+10 3.175706e+13 1.414089e+13 5.492329e+09 
500 303975 1.450000e+00 2.081712e+03 2.364596e-01 4.964500e-04 8.137726e-07 3.356422e-07 1.639228e-10 6.156363e+13 2.412168e+13 1.226723e+10 1.875367e+13 7.348136e+12 3.736879e+09 
500 303975 1.500000e+00 2.043994e+03 2.134880e-01 5.773400e-04 4.928192e-07 1.772730e-07 1.118599e-10 3.770662e+13 1.317568e+13 8.496814e+09 1.148640e+13 4.013716e+12 2.588347e+09 
500 303975 1.550000e+00 2.006905e+03 1.937058e-01 7.601600e-04 3.051856e-07 7.233353e-08 7.942676e-11 2.382035e+13 1.096273e+13 5.808811e+09 7.256323e+12 3.339603e+12 1.769524e+09 
500 303975 1.600000e+00 1.971512e+03 1.767467e-01 7.443800e-04 1.945349e-07 6.070765e-08 5.456197e-11 1.538166e+13 4.601843e+12 4.267766e+09 4.685692e+12 1.401883e+12 1.300088e+09 
500 303975 1.650000e+00 1.938853e+03 1.632038e-01 9.166700e-04 1.267952e-07 2.860801e-08 3.977169e-11 1.019151e+13 2.176772e+12 3.150189e+09 3.104647e+12 6.631259e+11 9.596479e+08 
500 303975 1.700000e+00 1.908926e+03 1.514865e-01 1.099490e-03 8.387993e-08 1.555680e-08 2.914320e-11 6.842600e+12 1.190097e+12 2.338079e+09 2.084478e+12 3.625504e+11 7.122577e+08 
500 303975 1.750000e+00 1.881275e+03 1.411148e-01 1.078450e-03 5.621760e-08 1.253413e-08 2.074428e-11 4.656608e+12 9.813102e+11 1.689528e+09 1.418559e+12 2.989472e+11 5.146896e+08 
500 303975 1.800000e+00 1.853820e+03 1.302187e-01 1.067930e-03 3.732767e-08 1.051125e-08 1.458218e-11 3.139223e+12 8.410867e+11 1.209394e+09 9.563167e+11 2.562299e+11 3.684248e+08 



500 607950 5.000000e-01 1.636610e+03 6.935570e-02 1.719400e-04 2.920491e-10 2.883254e-10 2.394242e-14 5.778617e+10 5.778617e+10 4.768584e+06 1.760560e+10 1.760560e+10 1.452830e+06 
500 607950 5.500000e-01 1.728744e+03 1.035189e-01 1.234500e-04 2.059248e-09 2.009149e-09 1.211685e-13 3.640924e+11 3.511068e+11 2.161951e+07 1.109320e+11 1.069757e+11 6.587028e+06 
500 607950 6.000000e-01 1.818416e+03 1.450128e-01 9.038000e-05 9.646174e-09 9.601468e-09 4.432876e-13 1.543002e+12 1.541066e+12 7.188209e+07 4.701399e+11 4.695505e+11 2.190180e+07 
500 607950 6.500000e-01 1.905028e+03 1.920622e-01 7.936000e-05 3.326650e-08 3.170548e-08 1.300443e-12 4.865330e+12 4.645589e+12 1.927509e+08 1.482472e+12 1.415521e+12 5.873127e+07 
500 607950 7.000000e-01 1.988419e+03 2.413613e-01 6.833000e-05 9.135418e-08 8.834055e-08 3.139289e-12 1.229491e+13 1.198996e+13 4.292762e+08 3.746384e+12 3.653470e+12 1.308042e+08 
500 607950 7.500000e-01 2.067342e+03 2.889875e-01 6.173000e-05 2.090756e-07 2.024314e-07 6.536122e-12 2.615237e+13 2.532971e+13 8.295191e+08 7.969088e+12 7.718430e+12 2.527682e+08 
500 607950 8.000000e-01 2.142430e+03 3.361164e-01 5.732000e-05 4.212171e-07 4.067457e-07 1.225486e-11 4.912092e+13 4.765239e+13 1.451586e+09 1.496835e+13 1.452090e+13 4.423323e+08 
500 607950 8.500000e-01 2.212047e+03 3.779296e-01 5.621000e-05 7.649113e-07 7.247535e-07 2.120679e-11 8.347373e+13 7.963490e+13 2.351899e+09 2.543703e+13 2.426731e+13 7.166939e+08 
500 607950 9.000000e-01 2.274711e+03 4.145209e-01 5.401000e-05 1.274228e-06 1.220551e-06 3.411417e-11 1.306838e+14 1.258674e+14 3.555549e+09 3.982421e+13 3.835657e+13 1.083503e+09 
500 607950 9.500000e-01 2.329318e+03 4.431923e-01 5.291000e-05 1.964756e-06 1.889705e-06 5.169014e-11 1.895999e+14 1.806843e+14 5.066118e+09 5.777923e+13 5.506241e+13 1.543857e+09 
500 607950 1.000000e+00 2.367579e+03 4.625344e-01 5.291000e-05 2.823680e-06 2.704027e-06 7.431705e-11 2.572985e+14 2.481629e+14 6.898552e+09 7.841118e+13 7.562739e+13 2.102312e+09 
500 607950 1.050000e+00 2.376576e+03 4.701481e-01 5.401000e-05 3.766073e-06 3.603590e-06 1.014515e-10 3.253454e+14 3.130432e+14 8.920203e+09 9.915008e+13 9.540118e+13 2.718450e+09 
500 607950 1.100000e+00 2.354398e+03 4.635662e-01 5.621000e-05 4.611126e-06 4.447937e-06 1.307764e-10 3.782651e+14 3.630987e+14 1.090168e+10 1.152793e+14 1.106576e+14 3.322365e+09 
500 607950 1.150000e+00 2.318946e+03 4.377015e-01 6.503000e-05 5.030714e-06 4.528321e-06 1.587700e-10 3.936481e+14 3.786858e+14 1.252844e+10 1.199693e+14 1.154097e+14 3.818190e+09 
500 607950 1.200000e+00 2.278719e+03 3.899465e-01 7.715000e-05 4.648437e-06 4.095588e-06 1.739211e-10 3.487481e+14 3.090652e+14 1.326193e+10 1.062871e+14 9.419336e+13 4.041794e+09 
500 607950 1.250000e+00 2.237994e+03 3.276313e-01 1.036100e-04 3.358569e-06 2.673653e-06 1.667799e-10 2.447157e+14 1.937265e+14 1.227883e+10 7.458242e+13 5.904262e+13 3.742231e+09 
500 607950 1.300000e+00 2.199366e+03 2.727124e-01 1.653400e-04 1.797965e-06 1.074114e-06 1.320342e-10 1.295327e+14 7.510306e+13 9.517194e+09 3.947832e+13 2.288968e+13 2.900601e+09 
500 607950 1.350000e+00 2.158459e+03 2.311856e-01 2.270600e-04 8.619832e-07 4.102125e-07 8.307703e-11 6.286568e+13 2.922668e+13 6.035757e+09 1.916000e+13 8.907690e+12 1.839560e+09 
500 607950 1.400000e+00 2.120393e+03 2.079901e-01 2.909900e-04 4.935398e-07 1.791465e-07 5.623073e-11 3.654997e+13 1.273741e+13 4.124874e+09 1.113965e+13 3.882124e+12 1.257174e+09 
500 607950 1.450000e+00 2.082956e+03 1.902326e-01 3.527200e-04 2.999984e-07 8.666337e-08 3.927249e-11 2.254883e+13 6.198961e+12 2.914563e+09 6.872431e+12 1.889338e+12 8.883012e+08 
500 607950 1.500000e+00 2.047201e+03 1.751021e-01 5.419600e-04 1.910312e-07 2.726817e-08 2.980719e-11 1.458662e+13 3.032852e+12 2.159906e+09 4.445724e+12 9.243655e+11 6.582992e+08 
500 607950 1.550000e+00 2.010401e+03 1.614494e-01 6.299700e-04 1.217429e-07 1.630067e-08 2.146923e-11 9.463884e+12 1.657400e+12 1.582914e+09 2.884419e+12 5.051513e+11 4.824444e+08 
500 607950 1.600000e+00 1.974471e+03 1.489932e-01 7.179800e-04 7.934315e-08 1.045325e-08 1.557034e-11 6.251074e+12 7.691564e+11 1.203714e+09 1.905215e+12 2.344284e+11 3.668721e+08 
500 607950 1.650000e+00 1.940446e+03 1.393166e-01 9.072300e-04 5.286357e-08 5.651301e-09 1.169172e-11 4.244852e+12 6.310446e+11 8.720934e+08 1.293759e+12 1.923343e+11 2.658003e+08 
500 607950 1.700000e+00 1.907799e+03 1.303701e-01 8.984200e-04 3.527710e-08 4.284779e-09 8.283167e-12 2.881503e+12 5.005651e+11 6.280129e+08 8.782352e+11 1.525661e+11 1.914088e+08 
500 607950 1.750000e+00 1.878160e+03 1.221680e-01 8.896000e-04 2.396947e-08 3.361087e-09 5.944770e-12 1.986833e+12 2.582734e+11 4.811070e+08 6.055556e+11 7.871882e+10 1.466345e+08 
500 607950 1.800000e+00 1.850413e+03 1.140228e-01 8.807800e-04 1.636924e-08 2.552557e-09 4.258347e-12 1.378514e+12 2.003343e+11 3.506509e+08 4.201502e+11 6.105975e+10 1.068735e+08 



500 911925 5.000000e-01 1.636484e+03 5.524540e-02 1.487800e-04 8.591260e-11 8.537033e-11 6.329471e-15 1.674004e+10 1.662171e+10 1.256164e+06 5.101678e+09 5.065611e+09 3.828262e+05 
500 911925 5.500000e-01 1.728818e+03 8.143638e-02 9.651000e-05 7.528715e-10 7.528575e-10 3.677546e-14 1.304324e+11 1.304322e+11 6.481934e+06 3.975156e+10 3.975148e+10 1.975478e+06 
500 911925 6.000000e-01 1.818867e+03 1.139789e-01 7.238000e-05 4.213145e-09 4.179976e-09 1.550090e-13 6.577568e+11 6.528502e+11 2.453231e+07 2.004678e+11 1.989724e+11 7.476813e+06 
500 911925 6.500000e-01 1.905110e+03 1.524180e-01 6.434000e-05 1.648433e-08 1.564569e-08 5.031703e-13 2.342705e+12 2.292320e+12 7.156176e+07 7.140128e+11 6.986573e+11 2.181064e+07 
500 911925 7.000000e-01 1.988184e+03 1.934664e-01 5.428000e-05 5.022035e-08 4.852212e-08 1.320124e-12 6.559368e+12 6.221746e+12 1.738739e+08 1.999211e+12 1.896311e+12 5.299441e+07 
500 911925 7.500000e-01 2.067929e+03 2.338808e-01 4.825000e-05 1.257717e-07 1.205650e-07 2.963271e-12 1.519659e+13 1.448866e+13 3.619450e+08 4.631801e+12 4.416038e+12 1.103178e+08 
500 911925 8.000000e-01 2.143558e+03 2.735169e-01 4.423000e-05 2.713930e-07 2.595258e-07 5.904362e-12 3.053801e+13 2.900629e+13 6.712565e+08 9.307888e+12 8.841044e+12 2.045964e+08 
500 911925 8.500000e-01 2.213865e+03 3.104359e-01 4.122000e-05 5.169052e-07 5.014652e-07 1.061541e-11 5.440937e+13 5.258604e+13 1.129223e+09 1.658404e+13 1.602831e+13 3.441876e+08 
500 911925 9.000000e-01 2.278556e+03 3.415315e-01 4.121000e-05 8.975890e-07 8.502717e-07 1.782676e-11 8.845028e+13 8.657911e+13 1.769479e+09 2.696008e+13 2.638979e+13 5.393449e+08 
500 911925 9.500000e-01 2.334821e+03 3.664173e-01 4.021000e-05 1.425753e-06 1.357984e-06 2.785920e-11 1.326931e+14 1.297198e+14 2.605539e+09 4.044601e+13 3.953977e+13 7.941894e+08 
500 911925 1.000000e+00 2.374480e+03 3.832164e-01 4.021000e-05 2.095038e-06 1.974804e-06 4.103748e-11 1.839612e+14 1.788113e+14 3.628899e+09 5.607364e+13 5.450395e+13 1.106131e+09 
500 911925 1.050000e+00 2.381807e+03 3.898623e-01 4.121000e-05 2.828702e-06 2.645678e-06 5.705703e-11 2.356532e+14 2.280517e+14 4.783467e+09 7.183080e+13 6.951385e+13 1.458073e+09 
500 911925 1.100000e+00 2.356599e+03 3.825038e-01 4.323000e-05 3.437464e-06 3.249968e-06 7.394681e-11 2.722139e+14 2.561574e+14 5.932379e+09 8.297599e+13 7.808181e+13 1.808299e+09 
500 911925 1.150000e+00 2.319176e+03 3.575889e-01 4.825000e-05 3.597091e-06 3.423927e-06 8.739734e-11 2.722341e+14 2.574066e+14 6.705707e+09 8.298298e+13 7.846339e+13 2.044045e+09 
500 911925 1.200000e+00 2.278101e+03 3.151318e-01 6.333000e-05 3.026208e-06 2.610781e-06 9.245666e-11 2.207497e+14 1.881885e+14 6.815621e+09 6.729007e+13 5.736477e+13 2.077570e+09 
500 911925 1.250000e+00 2.238057e+03 2.669686e-01 8.846000e-05 1.867585e-06 1.444530e-06 8.024048e-11 1.333754e+14 1.024014e+14 5.764324e+09 4.065652e+13 3.121489e+13 1.757125e+09 
500 911925 1.300000e+00 2.200031e+03 2.262813e-01 1.387300e-04 8.891782e-07 4.841308e-07 5.466477e-11 6.383399e+13 3.363836e+13 3.908463e+09 1.945849e+13 1.025402e+13 1.191415e+09 
500 911925 1.350000e+00 2.161302e+03 2.042216e-01 1.829600e-04 4.836320e-07 2.008316e-07 3.614062e-11 3.518693e+13 1.390020e+13 2.605349e+09 1.072606e+13 4.237234e+12 7.941908e+08 
500 911925 1.400000e+00 2.121584e+03 1.866339e-01 2.754400e-04 2.827690e-07 5.947498e-08 2.565646e-11 2.087652e+13 5.658726e+12 1.834817e+09 6.363819e+12 1.724971e+12 5.593109e+08 
500 911925 1.450000e+00 2.083072e+03 1.719635e-01 3.357600e-04 1.738595e-07 3.208060e-08 1.840689e-11 1.309014e+13 2.237319e+12 1.357905e+09 3.990299e+12 6.820127e+11 4.139342e+08 
500 911925 1.500000e+00 2.046114e+03 1.596521e-01 4.266300e-04 1.114950e-07 1.637437e-08 1.365217e-11 8.524830e+12 1.162062e+12 1.020092e+09 2.598650e+12 3.542381e+11 3.109586e+08 
500 911925 1.550000e+00 2.009595e+03 1.489163e-01 5.195100e-04 7.291235e-08 9.161617e-09 1.011989e-11 5.657055e+12 6.608673e+11 7.664778e+08 1.724460e+12 2.014565e+11 2.336489e+08 
500 911925 1.600000e+00 1.974424e+03 1.396158e-01 6.083700e-04 4.884275e-08 5.541916e-09 7.529862e-12 3.843696e+12 4.043999e+11 5.783278e+08 1.171689e+12 1.232762e+11 1.762947e+08 
500 911925 1.650000e+00 1.940519e+03 1.307471e-01 7.012500e-04 3.336728e-08 3.600543e-09 5.632749e-12 2.668084e+12 4.328013e+11 4.100192e+08 8.133245e+11 1.319341e+11 1.249884e+08 
500 911925 1.700000e+00 1.908051e+03 1.231327e-01 6.972300e-04 2.291066e-08 2.784309e-09 4.087630e-12 1.867998e+12 2.099147e+11 3.240929e+08 5.694312e+11 6.399002e+10 9.879518e+07 
500 911925 1.750000e+00 1.877087e+03 1.155925e-01 6.891900e-04 1.576061e-08 2.129270e-09 2.939741e-12 1.301523e+12 1.636038e+11 2.372335e+08 3.967499e+11 4.987273e+10 7.231738e+07 
500 911925 1.800000e+00 1.849541e+03 1.087631e-01 6.851700e-04 1.106767e-08 1.599697e-09 2.150877e-12 9.298043e+11 1.256390e+11 1.766074e+08 2.834374e+11 3.829964e+10 5.383639e+07 



500 1215900 5.000000e-01 1.636451e+03 4.764732e-02 1.438600e-04 3.468893e-11 3.437917e-11 2.452538e-15 6.711314e+09 6.615020e+09 4.845363e+05 2.045637e+09 2.016285e+09 1.476884e+05 
500 1215900 5.500000e-01 1.729042e+03 6.988296e-02 8.707000e-05 3.519404e-10 3.519324e-10 1.557574e-14 6.039718e+10 6.016878e+10 2.721629e+06 1.840970e+10 1.834008e+10 8.295798e+05 
500 1215900 6.000000e-01 1.819291e+03 9.730049e-02 6.625000e-05 2.230656e-09 2.180670e-09 7.206434e-14 3.435151e+11 3.384665e+11 1.124675e+07 1.047090e+11 1.031701e+11 3.428186e+06 
500 1215900 6.500000e-01 1.905382e+03 1.301235e-01 5.300000e-05 9.636022e-09 9.246686e-09 2.486552e-13 1.345791e+12 1.305830e+12 3.520010e+07 4.102254e+11 3.980450e+11 1.072972e+07 
500 1215900 7.000000e-01 1.988793e+03 1.650673e-01 4.354000e-05 3.179775e-08 3.125260e-08 6.924081e-13 4.068599e+12 3.945251e+12 8.932137e+07 1.240213e+12 1.202614e+12 2.722739e+07 
500 1215900 7.500000e-01 2.068415e+03 2.021425e-01 3.786000e-05 8.477304e-08 8.360529e-08 1.634392e-12 1.002038e+13 9.845107e+12 1.952034e+08 3.054504e+12 3.001080e+12 5.950362e+07 
500 1215900 8.000000e-01 2.144361e+03 2.376314e-01 3.596000e-05 1.925395e-07 1.843620e-07 3.420928e-12 2.109830e+13 2.015309e+13 3.791925e+08 6.431454e+12 6.143332e+12 1.155901e+08 
500 1215900 8.500000e-01 2.215604e+03 2.700664e-01 3.502000e-05 3.835827e-07 3.582482e-07 6.439653e-12 3.919199e+13 3.828030e+13 6.621409e+08 1.194713e+13 1.166923e+13 2.018441e+08 
500 1215900 9.000000e-01 2.280651e+03 2.979440e-01 3.312000e-05 6.825005e-07 6.507596e-07 1.102790e-11 6.568862e+13 6.261756e+13 1.071533e+09 2.002445e+13 1.908830e+13 3.266445e+08 
500 1215900 9.500000e-01 2.338252e+03 3.202699e-01 3.218000e-05 1.112748e-06 1.063620e-06 1.760847e-11 1.003979e+14 9.593701e+13 1.612540e+09 3.060545e+13 2.924564e+13 4.915687e+08 
500 1215900 1.000000e+00 2.380134e+03 3.342492e-01 3.218000e-05 1.657298e-06 1.561961e-06 2.638046e-11 1.418105e+14 1.331274e+14 2.283459e+09 4.323014e+13 4.058320e+13 6.960986e+08 
500 1215900 1.050000e+00 2.386644e+03 3.400312e-01 3.312000e-05 2.259252e-06 2.095136e-06 3.715808e-11 1.829746e+14 1.699631e+14 3.049887e+09 5.577924e+13 5.181281e+13 9.297474e+08 
500 1215900 1.100000e+00 2.359503e+03 3.332546e-01 3.502000e-05 2.721439e-06 2.548078e-06 4.830406e-11 2.099056e+14 1.965291e+14 3.775174e+09 6.398960e+13 5.991188e+13 1.150858e+09 
500 1215900 1.150000e+00 2.320894e+03 3.116489e-01 4.164000e-05 2.736624e-06 2.477266e-06 5.658632e-11 2.021158e+14 1.821374e+14 4.235046e+09 6.161535e+13 5.552503e+13 1.291060e+09 
500 1215900 1.200000e+00 2.280704e+03 2.753234e-01 5.679000e-05 2.128217e-06 1.729260e-06 5.727858e-11 1.525068e+14 1.341319e+14 4.104044e+09 4.649231e+13 4.089073e+13 1.251133e+09 
500 1215900 1.250000e+00 2.240593e+03 2.355475e-01 8.518000e-05 1.170135e-06 7.476769e-07 4.587653e-11 8.260412e+13 5.360235e+13 3.260219e+09 2.518235e+13 1.634104e+13 9.938961e+08 
500 1215900 1.300000e+00 2.201333e+03 2.079988e-01 1.192500e-04 5.798414e-07 2.882985e-07 3.005945e-11 4.150794e+13 1.993756e+13 2.140175e+09 1.265398e+13 6.078128e+12 6.524471e+08 
500 1215900 1.350000e+00 2.161077e+03 1.892304e-01 1.779300e-04 3.239192e-07 8.983134e-08 2.065116e-11 2.356877e+13 9.882359e+12 1.442732e+09 7.185120e+12 3.012727e+12 4.398280e+08 
500 1215900 1.400000e+00 2.122734e+03 1.753841e-01 2.347100e-04 1.969052e-07 3.857757e-08 1.496677e-11 1.459372e+13 3.674866e+12 1.061663e+09 4.449016e+12 1.120320e+12 3.236571e+08 
500 1215900 1.450000e+00 2.085340e+03 1.635777e-01 3.217900e-04 1.254537e-07 1.744000e-08 1.128783e-11 9.425159e+12 1.809270e+12 7.974228e+08 2.873344e+12 5.515756e+11 2.431018e+08 
500 1215900 1.500000e+00 2.046848e+03 1.523936e-01 4.168400e-04 8.036588e-08 9.272289e-09 8.426016e-12 6.138986e+12 8.005032e+11 6.114607e+08 1.871527e+12 2.440426e+11 1.864099e+08 
500 1215900 1.550000e+00 2.010370e+03 1.433333e-01 5.100100e-04 5.339732e-08 5.370107e-09 6.336258e-12 4.140877e+12 5.254903e+11 4.569481e+08 1.262387e+12 1.602020e+11 1.393054e+08 
500 1215900 1.600000e+00 1.973702e+03 1.340248e-01 5.062200e-04 3.567862e-08 4.100680e-09 4.525059e-12 2.814017e+12 2.979653e+11 3.473307e+08 8.578817e+11 9.083846e+10 1.058875e+08 
500 1215900 1.650000e+00 1.938993e+03 1.262567e-01 5.974800e-04 2.453380e-08 2.494330e-09 3.404362e-12 1.965766e+12 2.326171e+11 2.554949e+08 5.992844e+11 7.091631e+10 7.789047e+07 
500 1215900 1.700000e+00 1.905526e+03 1.193264e-01 4.967600e-04 1.696930e-08 2.431265e-09 2.373858e-12 1.382499e+12 1.839134e+11 1.886553e+08 4.214696e+11 5.606841e+10 5.751374e+07 
500 1215900 1.750000e+00 1.875285e+03 1.130793e-01 4.929700e-04 1.196474e-08 1.903056e-09 1.741062e-12 9.904140e+11 1.464895e+11 1.406383e+08 3.019386e+11 4.465930e+10 4.287522e+07 
500 1215900 1.800000e+00 1.847580e+03 1.073893e-01 4.891900e-04 8.525857e-09 1.510971e-09 1.286481e-12 7.170320e+11 1.170486e+11 1.054239e+08 2.185952e+11 3.568386e+10 3.213975e+07 



700 101325 5.000000e-01 1.802795e+03 6.761554e-01 3.375000e-04 8.779972e-08 8.372135e-08 1.487994e-11 1.746670e+13 1.686681e+13 3.027098e+09 5.298191e+12 5.116427e+12 9.181634e+08 
700 101325 5.500000e-01 1.892481e+03 8.417316e-01 3.187500e-04 2.101723e-07 1.968842e-07 3.203406e-11 3.822737e+13 3.709209e+13 5.906668e+09 1.159830e+13 1.125423e+13 1.791993e+09 
700 101325 6.000000e-01 1.978315e+03 1.007251e+00 2.812500e-04 4.343616e-07 4.005207e-07 6.012402e-11 7.267336e+13 7.151163e+13 1.025527e+10 2.205381e+13 2.170184e+13 3.111909e+09 
700 101325 6.500000e-01 2.059237e+03 1.165813e+00 2.531200e-04 8.079325e-07 7.859527e-07 1.030130e-10 1.240538e+14 1.203247e+14 1.633109e+10 3.765343e+13 3.652250e+13 4.956506e+09 
700 101325 7.000000e-01 2.134526e+03 1.313353e+00 2.437500e-04 1.370963e-06 1.296018e-06 1.650691e-10 1.953889e+14 1.837187e+14 2.428479e+10 5.931409e+13 5.577451e+13 7.371683e+09 
700 101325 7.500000e-01 2.203507e+03 1.444236e+00 2.390600e-04 2.168090e-06 2.057296e-06 2.498007e-10 2.872921e+14 2.824139e+14 3.417378e+10 8.722631e+13 8.574790e+13 1.037499e+10 
700 101325 8.000000e-01 2.265293e+03 1.559474e+00 2.296900e-04 3.232178e-06 3.084452e-06 3.589232e-10 3.989038e+14 3.943854e+14 4.588498e+10 1.211291e+14 1.197610e+14 1.393234e+10 
700 101325 8.500000e-01 2.319519e+03 1.654797e+00 2.203100e-04 4.598149e-06 4.466974e-06 4.963683e-10 5.316989e+14 5.150449e+14 5.962002e+10 1.614739e+14 1.564220e+14 1.810509e+10 
700 101325 9.000000e-01 2.364440e+03 1.729978e+00 2.156200e-04 6.260932e-06 6.005768e-06 6.644567e-10 6.796969e+14 6.726792e+14 7.481378e+10 2.064433e+14 2.043166e+14 2.272165e+10 
700 101325 9.500000e-01 2.398931e+03 1.783083e+00 2.156200e-04 8.208968e-06 7.957294e-06 8.650292e-10 8.385148e+14 8.300001e+14 9.155427e+10 2.547101e+14 2.521273e+14 2.780890e+10 
700 101325 1.000000e+00 2.422835e+03 1.812978e+00 2.109400e-04 1.038000e-05 1.012377e-05 1.094243e-09 1.002830e+15 9.884323e+14 1.102851e+11 3.046492e+14 3.002840e+14 3.350159e+10 
700 101325 1.050000e+00 2.434112e+03 1.817451e+00 2.156300e-04 1.270717e-05 1.228361e-05 1.357175e-09 1.162237e+15 1.136129e+15 1.295558e+11 3.531124e+14 3.451864e+14 3.935922e+10 
700 101325 1.100000e+00 2.432754e+03 1.796682e+00 2.203100e-04 1.507290e-05 1.458190e-05 1.646632e-09 1.311703e+15 1.284449e+15 1.492956e+11 3.985543e+14 3.902824e+14 4.536025e+10 
700 101325 1.150000e+00 2.418621e+03 1.749400e+00 2.343800e-04 1.724537e-05 1.653708e-05 1.961162e-09 1.431326e+15 1.404518e+15 1.681447e+11 4.349363e+14 4.267996e+14 5.109155e+10 
700 101325 1.200000e+00 2.395041e+03 1.676964e+00 2.437500e-04 1.897782e-05 1.808543e-05 2.274492e-09 1.506788e+15 1.470758e+15 1.862350e+11 4.579046e+14 4.469634e+14 5.659308e+10 
700 101325 1.250000e+00 2.365111e+03 1.575018e+00 2.531200e-04 1.993297e-05 1.931142e-05 2.567945e-09 1.522067e+15 1.469943e+15 2.024648e+11 4.625801e+14 4.467497e+14 6.152985e+10 
700 101325 1.300000e+00 2.330633e+03 1.442662e+00 3.000000e-04 1.969933e-05 1.801201e-05 2.850934e-09 1.454025e+15 1.392969e+15 2.144036e+11 4.419317e+14 4.233860e+14 6.516314e+10 
700 101325 1.350000e+00 2.295326e+03 1.285056e+00 3.421900e-04 1.811344e-05 1.622736e-05 3.029898e-09 1.297577e+15 1.151516e+15 2.219364e+11 3.944123e+14 3.500261e+14 6.745776e+10 
700 101325 1.400000e+00 2.257501e+03 1.109029e+00 4.125000e-04 1.510797e-05 1.237375e-05 3.071449e-09 1.059357e+15 8.817518e+14 2.195181e+11 3.220238e+14 2.680445e+14 6.672756e+10 
700 101325 1.450000e+00 2.222883e+03 9.527250e-01 5.812500e-04 1.154933e-05 7.220260e-06 3.028870e-09 7.997746e+14 5.687285e+14 2.098440e+11 2.431288e+14 1.728999e+14 6.379123e+10 
700 101325 1.500000e+00 2.186644e+03 8.117695e-01 7.875000e-04 7.915688e-06 4.109561e-06 2.720344e-09 5.481190e+14 2.709383e+14 1.876623e+11 1.666348e+14 8.237313e+13 5.705139e+10 
700 101325 1.550000e+00 2.153768e+03 7.127398e-01 1.056450e-03 5.408147e-06 2.097378e-06 2.280868e-09 3.770644e+14 1.372146e+14 1.574651e+11 1.146363e+14 4.171887e+13 4.787297e+10 
700 101325 1.600000e+00 2.118581e+03 6.345348e-01 1.133590e-03 3.749623e-06 1.597542e-06 1.765859e-09 2.647644e+14 1.056432e+14 1.231508e+11 8.049624e+13 3.212067e+13 3.744166e+10 
700 101325 1.650000e+00 2.084219e+03 5.735422e-01 1.297260e-03 2.641440e-06 9.675218e-07 1.366108e-09 1.886851e+14 6.582799e+13 9.646668e+10 5.736694e+13 2.001538e+13 2.932952e+10 
700 101325 1.700000e+00 2.051327e+03 5.228158e-01 1.460940e-03 1.875953e-06 6.000354e-07 1.049562e-09 1.357996e+14 4.123408e+13 7.511297e+10 4.128845e+13 1.253769e+13 2.283759e+10 
700 101325 1.750000e+00 2.021147e+03 4.800219e-01 1.442190e-03 1.349066e-06 5.197426e-07 7.933627e-10 9.914179e+13 3.644137e+13 5.767167e+10 3.014360e+13 1.108053e+13 1.753489e+10 
700 101325 1.800000e+00 1.993155e+03 4.426851e-01 1.807030e-03 9.752533e-07 2.546294e-07 6.262454e-10 7.272057e+13 1.790899e+13 4.611065e+10 2.211050e+13 5.445576e+12 1.401997e+10 



700 303975 5.000000e-01 1.801839e+03 3.705690e-01 1.468700e-04 1.900590e-08 1.825979e-08 1.400930e-12 3.472966e+12 3.384038e+12 2.602697e+08 1.057193e+12 1.030130e+12 7.922686e+07 
700 303975 5.500000e-01 1.892169e+03 4.864776e-01 1.248400e-04 5.907981e-08 5.666224e-08 3.732284e-12 9.820284e+12 9.409169e+12 6.318738e+08 2.989578e+12 2.864455e+12 1.923589e+08 
700 303975 6.000000e-01 1.978032e+03 6.058117e-01 1.138200e-04 1.485713e-07 1.428688e-07 8.382520e-12 2.271720e+13 2.192315e+13 1.306184e+09 6.916243e+12 6.674565e+12 3.976628e+08 
700 303975 6.500000e-01 2.060731e+03 7.246687e-01 1.028100e-04 3.230869e-07 3.047115e-07 1.657845e-11 4.557618e+13 4.310852e+13 2.390753e+09 1.387654e+13 1.312532e+13 7.278989e+08 
700 303975 7.000000e-01 2.138337e+03 8.461844e-01 9.363000e-05 6.238089e-07 6.112145e-07 2.958380e-11 8.188222e+13 7.949083e+13 3.960874e+09 2.493185e+13 2.420396e+13 1.206009e+09 
700 303975 7.500000e-01 2.210542e+03 9.576054e-01 9.180000e-05 1.098242e-06 1.043587e-06 4.936875e-11 1.342727e+14 1.278535e+14 6.178019e+09 4.088600e+13 3.893175e+13 1.881178e+09 
700 303975 8.000000e-01 2.276945e+03 1.056584e+00 8.628000e-05 1.797476e-06 1.738696e-06 7.703324e-11 2.053392e+14 1.990579e+14 9.027046e+09 6.252847e+13 6.061630e+13 2.748815e+09 
700 303975 8.500000e-01 2.335905e+03 1.139121e+00 8.261000e-05 2.758207e-06 2.653773e-06 1.141693e-10 2.953458e+14 2.850326e+14 1.256009e+10 8.994039e+13 8.680054e+13 3.824816e+09 
700 303975 9.000000e-01 2.386501e+03 1.208380e+00 8.261000e-05 3.986583e-06 3.764962e-06 1.621941e-10 4.016891e+14 3.924650e+14 1.671117e+10 1.223295e+14 1.195211e+14 5.089102e+09 
700 303975 9.500000e-01 2.428434e+03 1.264571e+00 8.261000e-05 5.492724e-06 5.176924e-06 2.215385e-10 5.220794e+14 5.096880e+14 2.155016e+10 1.589985e+14 1.552256e+14 6.562965e+09 
700 303975 1.000000e+00 2.456782e+03 1.299080e+00 8.261000e-05 7.250727e-06 6.944108e-06 2.924403e-10 6.515594e+14 6.420603e+14 2.691030e+10 1.984375e+14 1.955456e+14 8.195630e+09 
700 303975 1.050000e+00 2.469126e+03 1.305767e+00 8.078000e-05 9.145684e-06 8.929059e-06 3.728045e-10 7.795979e+14 7.633269e+14 3.273331e+10 2.374398e+14 2.324858e+14 9.969361e+09 
700 303975 1.100000e+00 2.463285e+03 1.294131e+00 8.629000e-05 1.100468e-05 1.053030e-05 4.648078e-10 8.927688e+14 8.782585e+14 3.859256e+10 2.719161e+14 2.674979e+14 1.175422e+10 
700 303975 1.150000e+00 2.443414e+03 1.256458e+00 8.996000e-05 1.259593e-05 1.192389e-05 5.588601e-10 9.753776e+14 9.518515e+14 4.426065e+10 2.970845e+14 2.899210e+14 1.348095e+10 
700 303975 1.200000e+00 2.414610e+03 1.198971e+00 9.363000e-05 1.359907e-05 1.313045e-05 6.479186e-10 1.009401e+15 9.757098e+14 4.935146e+10 3.074562e+14 2.971959e+14 1.503193e+10 
700 303975 1.250000e+00 2.379455e+03 1.096920e+00 1.101500e-04 1.352632e-05 1.217465e-05 7.272616e-10 9.673589e+14 9.264854e+14 5.273260e+10 2.946572e+14 2.822095e+14 1.606221e+10 
700 303975 1.300000e+00 2.342284e+03 9.705021e-01 1.266700e-04 1.216854e-05 1.104316e-05 7.689782e-10 8.442321e+14 7.621801e+14 5.428865e+10 2.571593e+14 2.321680e+14 1.653661e+10 
700 303975 1.350000e+00 2.303833e+03 8.299043e-01 1.689000e-04 9.538092e-06 7.358631e-06 7.652144e-10 6.472243e+14 4.915711e+14 5.246770e+10 1.971539e+14 1.497416e+14 1.598233e+10 
700 303975 1.400000e+00 2.267512e+03 7.040633e-01 2.313200e-04 6.463034e-06 4.147883e-06 6.965696e-10 4.330063e+14 2.777213e+14 4.687877e+10 1.319026e+14 8.460087e+13 1.428019e+10 
700 303975 1.450000e+00 2.230448e+03 5.967526e-01 3.561600e-04 3.890561e-06 1.589142e-06 5.590113e-10 2.627179e+14 1.243037e+14 3.696175e+10 8.003027e+13 3.786665e+13 1.125945e+10 
700 303975 1.500000e+00 2.195433e+03 5.374320e-01 4.075600e-04 2.533516e-06 1.050704e-06 4.229313e-10 1.723686e+14 6.712049e+13 2.846149e+10 5.250810e+13 2.044717e+13 8.670160e+09 
700 303975 1.550000e+00 2.159388e+03 4.844059e-01 5.177200e-04 1.684786e-06 5.065115e-07 3.217002e-10 1.161844e+14 3.250739e+13 2.186929e+10 3.539323e+13 9.902940e+12 6.662046e+09 
700 303975 1.600000e+00 2.123472e+03 4.409049e-01 6.242000e-04 1.134837e-06 2.639665e-07 2.428591e-10 7.948593e+13 1.732057e+13 1.672962e+10 2.421390e+13 5.276518e+12 5.096385e+09 
700 303975 1.650000e+00 2.088548e+03 4.058816e-01 8.094100e-04 7.766861e-07 1.234857e-07 1.874032e-10 5.518601e+13 1.514750e+13 1.245779e+10 1.681146e+13 4.614540e+12 3.795068e+09 
700 303975 1.700000e+00 2.055113e+03 3.762346e-01 9.946200e-04 5.400965e-07 6.661557e-08 1.450643e-10 3.893267e+13 6.974138e+12 9.843239e+09 1.186021e+13 2.124620e+12 2.998605e+09 
700 303975 1.750000e+00 2.022368e+03 3.500049e-01 1.172500e-03 3.773908e-07 3.955411e-08 1.114303e-10 2.762568e+13 3.711958e+12 7.703277e+09 8.415768e+12 1.130828e+12 2.346709e+09 
700 303975 1.800000e+00 1.990950e+03 3.239525e-01 9.725900e-04 2.636693e-07 4.518878e-08 7.932044e-11 1.962552e+13 3.124189e+12 5.787549e+09 5.978640e+12 9.517693e+11 1.763110e+09 



700 607950 5.000000e-01 1.801675e+03 2.411393e-01 9.738000e-05 5.238116e-09 5.089060e-09 2.505301e-13 9.105231e+11 8.859810e+11 4.407413e+07 2.774131e+11 2.699365e+11 1.342820e+07 
700 607950 5.500000e-01 1.891818e+03 3.245938e-01 7.791000e-05 2.011122e-08 1.905416e-08 7.859646e-13 3.165674e+12 3.037586e+12 1.256622e+08 9.645363e+11 9.255131e+11 3.828735e+07 
700 607950 6.000000e-01 1.978496e+03 4.167144e-01 6.979000e-05 5.991075e-08 5.784351e-08 2.033502e-12 8.640545e+12 8.324150e+12 2.970456e+08 2.632743e+12 2.536346e+12 9.050822e+07 
700 607950 6.500000e-01 2.061716e+03 5.108833e-01 6.168000e-05 1.486511e-07 1.424780e-07 4.502626e-12 1.974336e+13 1.883658e+13 6.069374e+08 6.015902e+12 5.739627e+12 1.849361e+08 
700 607950 7.000000e-01 2.140391e+03 6.057755e-01 5.519000e-05 3.182975e-07 3.073649e-07 8.816305e-12 3.916892e+13 3.767168e+13 1.103358e+09 1.193530e+13 1.147911e+13 3.362063e+08 
700 607950 7.500000e-01 2.213269e+03 6.942302e-01 5.194000e-05 6.047256e-07 5.922255e-07 1.568777e-11 6.949532e+13 6.764706e+13 1.832080e+09 2.117666e+13 2.061352e+13 5.582696e+08 
700 607950 8.000000e-01 2.281889e+03 7.768601e-01 4.869000e-05 1.059810e-06 9.990322e-07 2.604588e-11 1.135393e+14 1.097394e+14 2.858347e+09 3.459849e+13 3.344074e+13 8.710121e+08 
700 607950 8.500000e-01 2.343812e+03 8.487886e-01 4.706000e-05 1.718523e-06 1.639419e-06 4.073794e-11 1.731490e+14 1.654370e+14 4.184040e+09 5.276429e+13 5.041443e+13 1.275011e+09 
700 607950 9.000000e-01 2.398858e+03 9.120808e-01 4.464000e-05 2.621653e-06 2.557640e-06 6.028619e-11 2.486429e+14 2.449170e+14 5.850163e+09 7.577124e+13 7.463600e+13 1.782764e+09 
700 607950 9.500000e-01 2.443569e+03 9.592212e-01 4.545000e-05 3.761935e-06 3.677391e-06 8.588292e-11 3.367068e+14 3.278076e+14 7.855932e+09 1.026096e+14 9.989787e+13 2.394040e+09 
700 607950 1.000000e+00 2.474684e+03 9.919351e-01 4.464000e-05 5.124453e-06 4.982005e-06 1.169582e-10 4.343047e+14 4.218481e+14 1.013459e+10 1.323542e+14 1.285584e+14 3.088497e+09 
700 607950 1.050000e+00 2.487231e+03 1.002716e+00 4.706000e-05 6.603538e-06 6.261393e-06 1.543801e-10 5.315405e+14 5.050530e+14 1.269403e+10 1.619892e+14 1.539177e+14 3.868541e+09 
700 607950 1.100000e+00 2.478482e+03 9.942202e-01 4.869000e-05 8.023378e-06 7.583727e-06 1.949202e-10 6.134127e+14 5.788065e+14 1.526023e+10 1.869427e+14 1.763970e+14 4.650668e+09 
700 607950 1.150000e+00 2.452858e+03 9.544552e-01 5.356000e-05 9.045763e-06 8.402524e-06 2.358109e-10 6.618711e+14 6.445866e+14 1.751194e+10 2.017136e+14 1.964467e+14 5.336968e+09 
700 607950 1.200000e+00 2.418974e+03 8.888434e-01 5.680000e-05 9.372656e-06 8.806816e-06 2.701204e-10 6.590025e+14 6.187224e+14 1.938301e+10 2.008421e+14 1.885670e+14 5.907279e+09 
700 607950 1.250000e+00 2.382398e+03 8.046050e-01 6.980000e-05 8.652381e-06 7.623418e-06 2.937679e-10 5.879458e+14 5.144601e+14 2.029081e+10 1.791889e+14 1.567933e+14 6.184031e+09 
700 607950 1.300000e+00 2.345374e+03 6.990317e-01 8.765000e-05 6.848426e-06 5.647866e-06 2.926665e-10 4.538252e+14 3.679676e+14 1.961167e+10 1.383143e+14 1.121478e+14 5.977123e+09 
700 607950 1.350000e+00 2.307345e+03 5.986533e-01 1.282200e-04 4.468553e-06 2.932147e-06 2.615329e-10 2.929100e+14 1.854517e+14 1.717629e+10 8.927235e+13 5.652194e+13 5.234939e+09 
700 607950 1.400000e+00 2.271344e+03 5.154901e-01 1.752900e-04 2.605199e-06 1.391176e-06 2.008333e-10 1.717002e+14 8.697774e+13 1.315320e+10 5.233065e+13 2.650928e+13 4.008825e+09 
700 607950 1.450000e+00 2.234249e+03 4.623688e-01 2.467100e-04 1.633523e-06 5.140448e-07 1.520014e-10 1.089646e+14 4.280506e+13 9.866646e+09 3.321029e+13 1.304630e+13 3.007168e+09 
700 607950 1.500000e+00 2.197869e+03 4.245497e-01 3.213700e-04 1.074732e-06 2.400724e-07 1.165641e-10 7.264689e+13 2.320732e+13 7.531215e+09 2.214147e+13 7.073261e+12 2.295384e+09 
700 607950 1.550000e+00 2.162304e+03 3.925669e-01 4.219900e-04 7.249555e-07 1.148956e-07 9.086051e-11 4.971440e+13 9.674826e+12 5.963005e+09 1.515211e+13 2.948763e+12 1.817428e+09 
700 607950 1.600000e+00 2.125905e+03 3.618045e-01 5.713200e-04 4.886103e-07 5.627641e-08 7.129293e-11 3.410470e+13 4.981968e+12 4.660871e+09 1.039456e+13 1.518446e+12 1.420563e+09 
700 607950 1.650000e+00 2.091393e+03 3.373016e-01 6.645100e-04 3.384344e-07 3.739369e-08 5.517994e-11 2.396995e+13 3.083138e+12 3.676960e+09 7.305666e+12 9.397076e+11 1.120685e+09 
700 607950 1.700000e+00 2.056647e+03 3.140234e-01 7.544500e-04 2.345013e-07 2.484420e-08 4.210589e-11 1.688553e+13 1.995254e+12 2.861197e+09 5.146459e+12 6.081337e+11 8.720544e+08 
700 607950 1.750000e+00 2.022775e+03 2.952141e-01 9.440900e-04 1.645419e-07 1.487673e-08 3.305162e-11 1.202889e+13 1.315225e+12 2.226237e+09 3.666230e+12 4.008688e+11 6.785288e+08 
700 607950 1.800000e+00 1.989682e+03 2.772706e-01 9.376000e-04 1.156245e-07 1.137157e-08 2.447914e-11 8.603457e+12 1.051816e+12 1.676805e+09 2.622214e+12 3.205844e+11 5.110697e+08 



700 911925 5.000000e-01 1.802039e+03 1.883620e-01 7.936000e-05 2.191426e-09 2.152241e-09 8.446224e-14 3.706591e+11 3.672998e+11 1.451498e+07 1.129634e+11 1.119396e+11 4.423621e+06 
700 911925 5.500000e-01 1.892233e+03 2.556351e-01 6.105000e-05 9.664443e-09 9.408487e-09 2.947644e-13 1.476771e+12 1.437067e+12 4.564433e+07 4.500774e+11 4.379772e+11 1.391104e+07 
700 911925 6.000000e-01 1.979237e+03 3.311831e-01 5.188000e-05 3.230514e-08 3.170422e-08 8.327752e-13 4.506038e+12 4.415401e+12 1.176667e+08 1.373341e+12 1.345719e+12 3.586212e+07 
700 911925 6.500000e-01 2.062452e+03 4.117432e-01 4.731000e-05 8.720632e-08 8.097326e-08 1.990716e-12 1.118793e+13 1.097041e+13 2.565340e+08 3.409904e+12 3.343610e+12 7.818723e+07 
700 911925 7.000000e-01 2.141047e+03 4.908975e-01 4.121000e-05 1.992821e-07 1.869319e-07 4.102031e-12 2.364337e+13 2.238184e+13 4.940748e+08 7.206245e+12 6.821765e+12 1.505883e+08 
700 911925 7.500000e-01 2.215177e+03 5.679174e-01 3.816000e-05 4.037927e-07 3.892000e-07 7.704417e-12 4.457334e+13 4.319684e+13 8.643401e+08 1.358569e+13 1.316618e+13 2.634451e+08 
700 911925 8.000000e-01 2.284448e+03 6.408844e-01 3.662000e-05 7.399233e-07 7.012704e-07 1.335585e-11 7.638864e+13 7.289827e+13 1.401498e+09 2.328315e+13 2.221935e+13 4.271735e+08 
700 911925 8.500000e-01 2.347753e+03 7.057590e-01 3.510000e-05 1.248852e-06 1.206965e-06 2.164543e-11 1.210767e+14 1.157505e+14 2.128727e+09 3.690451e+13 3.528116e+13 6.488398e+08 
700 911925 9.000000e-01 2.404296e+03 7.595999e-01 3.357000e-05 1.959570e-06 1.863308e-06 3.300337e-11 1.786632e+14 1.712543e+14 3.066855e+09 5.445767e+13 5.219955e+13 9.347945e+08 
700 911925 9.500000e-01 2.451980e+03 8.044824e-01 3.433000e-05 2.879643e-06 2.718485e-06 4.819220e-11 2.484378e+14 2.404242e+14 4.198787e+09 7.572634e+13 7.328387e+13 1.279829e+09 
700 911925 1.000000e+00 2.484951e+03 8.320653e-01 3.433000e-05 3.995182e-06 3.793587e-06 6.704173e-11 3.264108e+14 3.172921e+14 5.536361e+09 9.949438e+13 9.671505e+13 1.687552e+09 
700 911925 1.050000e+00 2.496725e+03 8.448151e-01 3.510000e-05 5.209075e-06 4.894296e-06 8.938013e-11 4.042546e+14 3.886934e+14 7.015376e+09 1.232234e+14 1.184804e+14 2.138396e+09 
700 911925 1.100000e+00 2.485591e+03 8.368835e-01 3.662000e-05 6.331004e-06 5.807709e-06 1.136520e-10 4.683344e+14 4.489397e+14 8.532242e+09 1.427574e+14 1.368459e+14 2.600787e+09 
700 911925 1.150000e+00 2.458749e+03 8.051014e-01 3.816000e-05 7.081405e-06 6.712764e-06 1.371494e-10 5.015872e+14 4.775549e+14 9.895189e+09 1.528950e+14 1.455698e+14 3.016267e+09 
700 911925 1.200000e+00 2.424429e+03 7.457405e-01 4.502000e-05 7.079609e-06 6.341209e-06 1.569031e-10 4.823434e+14 4.332287e+14 1.086513e+10 1.470304e+14 1.320594e+14 3.311959e+09 
700 911925 1.250000e+00 2.386528e+03 6.654523e-01 5.341000e-05 6.055620e-06 5.198891e-06 1.630484e-10 4.011180e+14 3.486681e+14 1.093736e+10 1.222718e+14 1.062840e+14 3.334006e+09 
700 911925 1.300000e+00 2.348693e+03 5.782582e-01 7.783000e-05 4.307899e-06 2.979874e-06 1.546877e-10 2.790208e+14 2.187776e+14 9.985333e+09 8.505387e+13 6.669022e+13 3.043825e+09 
700 911925 1.350000e+00 2.310551e+03 4.991196e-01 1.114100e-04 2.534356e-06 1.410806e-06 1.245854e-10 1.642831e+14 8.789252e+13 8.047989e+09 5.007866e+13 2.679257e+13 2.453280e+09 
700 911925 1.400000e+00 2.273065e+03 4.488600e-01 1.449800e-04 1.527745e-06 6.743455e-07 9.258729e-11 1.003378e+14 4.174373e+13 6.006902e+09 3.058624e+13 1.272494e+13 1.831100e+09 
700 911925 1.450000e+00 2.235397e+03 4.126476e-01 2.151800e-04 9.821383e-07 2.262539e-07 7.189937e-11 6.533681e+13 1.882875e+13 4.613729e+09 1.991684e+13 5.739678e+12 1.406420e+09 
700 911925 1.500000e+00 2.198165e+03 3.808685e-01 2.609600e-04 6.505095e-07 1.286819e-07 5.515411e-11 4.391814e+13 8.084983e+12 3.647583e+09 1.338774e+13 2.464601e+12 1.111910e+09 
700 911925 1.550000e+00 2.162290e+03 3.541765e-01 3.555800e-04 4.428967e-07 6.154042e-08 4.389633e-11 3.034642e+13 3.889557e+12 2.931948e+09 9.250637e+12 1.185684e+12 8.937616e+08 
700 911925 1.600000e+00 2.126993e+03 3.301655e-01 4.486700e-04 3.056954e-07 3.642805e-08 3.469233e-11 2.128272e+13 2.325219e+12 2.346248e+09 6.487717e+12 7.088166e+11 7.152214e+08 
700 911925 1.650000e+00 2.092022e+03 3.096131e-01 5.432900e-04 2.129847e-07 2.302332e-08 2.720744e-11 1.506629e+13 1.493584e+12 1.865247e+09 4.592738e+12 4.553030e+11 5.685958e+08 
700 911925 1.700000e+00 2.058407e+03 2.912819e-01 6.367500e-04 1.506509e-07 1.518521e-08 2.132028e-11 1.084214e+13 1.217966e+12 1.427868e+09 3.305072e+12 3.712842e+11 4.352671e+08 
700 911925 1.750000e+00 2.024878e+03 2.744815e-01 7.302000e-04 1.074604e-07 1.017474e-08 1.658165e-11 7.838916e+12 7.910052e+11 1.132329e+09 2.389584e+12 2.411302e+11 3.451764e+08 
700 911925 1.800000e+00 1.990945e+03 2.579860e-01 7.271500e-04 7.631697e-08 7.665693e-09 1.228167e-11 5.647116e+12 7.747553e+11 8.208486e+08 1.721445e+12 2.361766e+11 2.502257e+08 



700 1215900 5.000000e-01 1.802098e+03 1.601307e-01 7.043000e-05 1.116485e-09 1.073836e-09 3.791928e-14 1.865386e+11 1.865342e+11 6.359673e+06 5.685840e+10 5.685707e+10 1.938473e+06 
700 1215900 5.500000e-01 1.892648e+03 2.173101e-01 5.429000e-05 5.513235e-09 5.372037e-09 1.441648e-13 8.263549e+11 8.112117e+11 2.193336e+07 2.518843e+11 2.472686e+11 6.685572e+06 
700 1215900 6.000000e-01 1.979267e+03 2.835944e-01 4.402000e-05 1.988565e-08 1.947257e-08 4.300935e-13 2.708276e+12 2.619344e+12 5.928275e+07 8.255330e+11 7.984263e+11 1.807046e+07 
700 1215900 6.500000e-01 2.062439e+03 3.525768e-01 3.668000e-05 5.744361e-08 5.621516e-08 1.070639e-12 7.194101e+12 7.082350e+12 1.360553e+08 2.192929e+12 2.158867e+12 4.147273e+07 
700 1215900 7.000000e-01 2.141675e+03 4.239143e-01 3.448000e-05 1.396832e-07 1.337396e-07 2.353723e-12 1.615864e+13 1.540426e+13 2.755322e+08 4.925594e+12 4.695646e+12 8.398959e+07 
700 1215900 7.500000e-01 2.216400e+03 4.943252e-01 3.228000e-05 2.959544e-07 2.788755e-07 4.606563e-12 3.177684e+13 3.082021e+13 4.984972e+08 9.686561e+12 9.394968e+12 1.519571e+08 
700 1215900 8.000000e-01 2.285802e+03 5.597415e-01 2.935000e-05 5.629010e-07 5.416810e-07 8.210956e-12 5.653381e+13 5.399310e+13 8.353689e+08 1.723344e+13 1.645898e+13 2.546486e+08 
700 1215900 8.500000e-01 2.349935e+03 6.176003e-01 2.861000e-05 9.746097e-07 9.042597e-07 1.366129e-11 9.195520e+13 8.977617e+13 1.300120e+09 2.803137e+13 2.736716e+13 3.963242e+08 
700 1215900 9.000000e-01 2.408023e+03 6.678412e-01 2.787000e-05 1.567314e-06 1.454500e-06 2.134629e-11 1.387695e+14 1.337033e+14 1.908276e+09 4.230248e+13 4.075819e+13 5.817178e+08 
700 1215900 9.500000e-01 2.457052e+03 7.042937e-01 2.715000e-05 2.339219e-06 2.245539e-06 3.148950e-11 1.963427e+14 1.875533e+14 2.678731e+09 5.985365e+13 5.717436e+13 8.165901e+08 
700 1215900 1.000000e+00 2.492212e+03 7.303422e-01 2.715000e-05 3.282941e-06 3.159923e-06 4.441233e-11 2.613059e+14 2.501474e+14 3.582556e+09 7.965786e+13 7.625638e+13 1.092123e+09 
700 1215900 1.050000e+00 2.503669e+03 7.424527e-01 2.787000e-05 4.313242e-06 4.078749e-06 5.984604e-11 3.262104e+14 3.055089e+14 4.590051e+09 9.944446e+13 9.313383e+13 1.399264e+09 
700 1215900 1.100000e+00 2.490376e+03 7.360777e-01 3.008000e-05 5.240575e-06 4.878836e-06 7.687987e-11 3.782764e+14 3.641305e+14 5.591895e+09 1.153175e+14 1.110053e+14 1.704685e+09 
700 1215900 1.150000e+00 2.461488e+03 7.061539e-01 3.301000e-05 5.774244e-06 5.274948e-06 9.271115e-11 3.990677e+14 3.772562e+14 6.464275e+09 1.216566e+14 1.150075e+14 1.970644e+09 
700 1215900 1.200000e+00 2.426830e+03 6.573568e-01 3.815000e-05 5.591106e-06 4.915546e-06 1.040966e-10 3.725371e+14 3.300259e+14 7.039733e+09 1.135694e+14 1.006100e+14 2.146088e+09 
700 1215900 1.250000e+00 2.389142e+03 5.884220e-01 4.769000e-05 4.531222e-06 3.849065e-06 1.055920e-10 2.937174e+14 2.446124e+14 6.911164e+09 8.954146e+13 7.457172e+13 2.106907e+09 
700 1215900 1.300000e+00 2.350054e+03 5.117448e-01 7.043000e-05 2.943224e-06 1.836919e-06 9.422414e-11 1.884778e+14 1.390241e+14 5.994652e+09 5.745885e+13 4.238266e+13 1.827513e+09 
700 1215900 1.350000e+00 2.312200e+03 4.545330e-01 9.831000e-05 1.722400e-06 8.660246e-07 7.256464e-11 1.110044e+14 5.350807e+13 4.649358e+09 3.384062e+13 1.631247e+13 1.417396e+09 
700 1215900 1.400000e+00 2.273313e+03 4.137662e-01 1.423200e-04 1.062086e-06 2.982954e-07 5.485461e-11 6.940575e+13 2.857278e+13 3.443525e+09 2.115898e+13 8.710722e+12 1.049791e+09 
700 1215900 1.450000e+00 2.236545e+03 3.841643e-01 1.878100e-04 7.001732e-07 1.410128e-07 4.287433e-11 4.639103e+13 1.190098e+13 2.725489e+09 1.414276e+13 3.628154e+12 8.308929e+08 
700 1215900 1.500000e+00 2.199873e+03 3.586403e-01 2.553100e-04 4.712226e-07 6.854570e-08 3.415191e-11 3.176296e+13 6.154541e+12 2.159363e+09 9.683262e+12 1.876288e+12 6.583050e+08 
700 1215900 1.550000e+00 2.164402e+03 3.367546e-01 3.477400e-04 3.258777e-07 3.661102e-08 2.772803e-11 2.222939e+13 2.826098e+12 1.784307e+09 6.776869e+12 8.615731e+11 5.439664e+08 
700 1215900 1.600000e+00 2.128031e+03 3.155024e-01 3.917600e-04 2.250071e-07 2.556095e-08 2.139219e-11 1.563721e+13 1.632447e+12 1.441209e+09 4.767172e+12 4.976739e+11 4.393697e+08 
700 1215900 1.650000e+00 2.093045e+03 2.966956e-01 4.372500e-04 1.580653e-07 1.819121e-08 1.655033e-11 1.117425e+13 1.176295e+12 1.131150e+09 3.406596e+12 3.586102e+11 3.448448e+08 
700 1215900 1.700000e+00 2.057684e+03 2.785057e-01 5.282200e-04 1.111224e-07 1.135956e-08 1.292899e-11 7.990959e+12 9.320056e+11 8.559839e+08 2.436135e+12 2.841353e+11 2.609574e+08 
700 1215900 1.750000e+00 2.024042e+03 2.633448e-01 6.218400e-04 7.976254e-08 7.311534e-09 1.012659e-11 5.832744e+12 5.876475e+11 6.862192e+08 1.778179e+12 1.791531e+11 2.092027e+08 
700 1215900 1.800000e+00 1.991069e+03 2.495944e-01 6.189100e-04 5.780806e-08 5.518184e-09 7.606533e-12 4.297692e+12 4.575354e+11 5.244114e+08 1.310202e+12 1.394865e+11 1.598736e+08 



