X(mm)  p(Pa)  T(K)  X_N2_  X_H_  X_O2_  X_OH_  X_H2_  X_H2O_  X_CO_  X_CO2_  X_CH4_  X_CH2O_  X_C2H6_  X_CH_  X_C3H8_
0.000000e+00  1.013250e+05  3.000000e+02  7.149321e-01  1.073882e-26  1.900452e-01  1.081457e-20  2.683413e-09  1.330837e-12  1.110854e-13  3.344864e-15  9.502262e-02  3.444472e-16  2.119022e-16  7.538204e-49  2.765730e-19
2.475000e+01  1.013250e+05  3.000000e+02  7.149319e-01  7.871984e-25  1.900452e-01  2.965679e-18  2.993575e-07  5.192084e-10  4.689723e-11  1.857706e-12  9.502259e-02  1.940826e-13  1.267281e-13  1.403257e-46  2.089147e-16
3.663000e+01  1.013250e+05  3.000006e+02  7.149235e-01  4.375558e-22  1.900430e-01  4.290018e-16  1.209218e-05  7.234833e-08  7.068522e-09  3.679039e-10  9.502138e-02  3.819110e-11  2.697588e-11  6.044883e-43  5.621337e-14
4.851000e+01  1.013250e+05  3.001101e+02  7.144664e-01  1.532160e-17  1.899188e-01  4.107415e-13  6.493951e-04  1.355228e-05  1.432744e-06  9.807314e-08  9.495025e-02  1.025237e-08  7.740573e-09  1.492835e-36  2.037475e-11
4.900500e+01  1.013250e+05  3.005553e+02  7.139120e-01  8.583755e-16  1.897573e-01  1.198975e-11  1.408886e-03  6.866363e-05  7.738123e-06  6.654702e-07  9.484431e-02  6.882460e-08  5.539548e-08  8.043377e-33  1.806017e-10
4.925250e+01  1.013250e+05  3.020758e+02  7.131490e-01  2.113636e-14  1.894994e-01  1.640358e-10  2.415019e-03  2.561664e-04  3.072084e-05  3.296812e-06  9.464440e-02  3.423888e-07  2.910813e-07  7.476071e-30  1.162605e-09
4.937625e+01  1.013250e+05  3.050283e+02  7.124074e-01  1.875431e-13  1.891849e-01  8.792833e-10  3.328673e-03  6.194982e-04  7.810330e-05  1.001617e-05  9.436576e-02  1.042562e-06  9.284567e-07  7.315858e-28  4.397317e-09
4.950000e+01  1.013250e+05  3.135170e+02  7.111527e-01  2.013107e-12  1.884860e-01  4.487928e-09  4.723660e-03  1.661384e-03  2.222377e-04  3.476041e-05  9.370108e-02  3.616085e-06  3.400930e-06  9.376660e-26  1.944260e-08
4.954167e+01  1.013250e+05  3.198523e+02  7.105119e-01  5.582448e-12  1.880234e-01  8.533034e-09  5.352241e-03  2.436321e-03  3.354587e-04  5.766657e-05  9.325390e-02  5.972322e-06  5.791546e-06  7.284057e-25  3.658030e-08
4.958333e+01  1.013250e+05  3.299162e+02  7.096916e-01  1.672531e-11  1.873178e-01  1.621457e-08  6.079911e-03  3.661324e-03  5.221200e-04  1.000755e-04  9.257853e-02  1.030162e-05  1.036490e-05  6.443694e-24  7.364412e-08
4.960417e+01  1.013250e+05  3.370911e+02  7.091925e-01  3.111377e-11  1.868229e-01  2.269276e-08  6.484109e-03  4.529657e-03  6.594824e-04  1.344063e-04  9.211285e-02  1.377269e-05  1.416776e-05  2.158458e-23  1.078697e-07
4.962500e+01  1.013250e+05  3.462212e+02  7.086216e-01  6.022519e-11  1.861957e-01  3.187856e-08  6.915725e-03  5.628437e-03  8.385769e-04  1.824315e-04  9.153232e-02  1.859030e-05  1.959713e-05  7.697573e-23  1.608252e-07
4.964583e+01  1.013250e+05  3.577330e+02  7.079709e-01  1.232617e-10  1.854042e-01  4.492816e-08  7.374194e-03  7.004294e-03  1.070098e-03  2.489158e-04  9.081329e-02  2.519607e-05  2.726273e-05  2.963941e-22  2.417712e-07
4.966667e+01  1.013250e+05  3.720932e+02  7.072344e-01  2.736866e-10  1.844118e-01  6.356791e-08  7.858262e-03  8.706359e-03  1.366434e-03  3.398408e-04  8.992993e-02  3.412673e-05  3.794498e-05  1.260960e-21  3.637570e-07
4.967708e+01  1.013250e+05  3.805483e+02  7.068315e-01  4.491533e-10  1.838236e-01  7.606816e-08  8.109503e-03  9.701018e-03  1.544565e-03  3.973788e-04  8.941521e-02  3.971760e-05  4.480173e-05  2.903127e-21  4.471509e-07
4.968750e+01  1.013250e+05  3.899620e+02  7.064047e-01  7.785475e-10  1.831648e-01  9.132926e-08  8.366441e-03  1.080212e-02  1.745881e-03  4.647661e-04  8.884575e-02  4.621349e-05  5.291294e-05  7.118503e-21  5.503490e-07
4.969792e+01  1.013250e+05  4.004027e+02  7.059544e-01  1.448549e-09  1.824292e-01  1.101318e-07  8.628690e-03  1.201591e-02  1.972575e-03  5.433311e-04  8.821775e-02  5.372203e-05  6.246029e-05  1.895717e-20  6.773493e-07
4.970833e+01  1.013250e+05  4.119362e+02  7.054811e-01  2.874887e-09  1.816103e-01  1.335871e-07  8.895824e-03  1.334811e-02  2.226889e-03  6.344980e-04  8.752745e-02  6.235464e-05  7.363940e-05  5.478050e-20  8.327441e-07
4.971875e+01  1.013250e+05  4.246248e+02  7.049856e-01  5.957076e-09  1.807020e-01  1.633182e-07  9.167387e-03  1.480383e-02  2.511090e-03  7.397779e-04  8.677129e-02  7.222492e-05  8.665821e-05  1.691453e-19  1.021756e-06
4.972917e+01  1.013250e+05  4.385258e+02  7.044692e-01  1.254952e-08  1.796981e-01  2.017272e-07  9.442899e-03  1.638747e-02  2.827443e-03  8.607581e-04  8.594585e-02  8.344668e-05  1.017347e-04  5.459638e-19  1.250265e-06
4.973958e+01  1.013250e+05  4.536911e+02  7.039336e-01  2.626237e-08  1.785924e-01  2.523647e-07  9.721868e-03  1.810263e-02  3.178189e-03  9.990902e-04  8.504796e-02  9.613194e-05  1.190939e-04  1.802634e-18  1.524828e-06
4.975000e+01  1.013250e+05  4.701662e+02  7.033805e-01  5.370452e-08  1.773793e-01  3.203951e-07  1.000380e-02  1.995215e-02  3.565523e-03  1.156477e-03  8.407469e-02  1.103885e-04  1.389643e-04  5.971162e-18  1.852688e-06
4.976042e+01  1.013250e+05  4.879897e+02  7.028124e-01  1.062380e-07  1.760530e-01  4.131105e-07  1.028819e-02  2.193802e-02  3.991578e-03  1.334661e-03  8.302338e-02  1.263177e-04  1.615736e-04  1.950113e-17  2.241774e-06
4.977083e+01  1.013250e+05  5.071929e+02  7.022315e-01  2.022220e-07  1.746086e-01  5.403912e-07  1.057458e-02  2.406146e-02  4.458401e-03  1.535407e-03  8.189165e-02  1.440112e-04  1.871436e-04  6.183320e-17  2.700688e-06
4.978125e+01  1.013250e+05  5.277998e+02  7.016407e-01  3.696048e-07  1.730410e-01  7.149818e-07  1.086249e-02  2.632294e-02  4.967948e-03  1.760497e-03  8.067740e-02  1.635484e-04  2.158846e-04  1.876766e-16  3.238676e-06
4.978646e+01  1.013250e+05  5.386451e+02  7.013423e-01  4.955177e-07  1.722088e-01  8.261077e-07  1.100690e-02  2.750626e-02  5.239644e-03  1.882956e-03  8.003820e-02  1.740419e-04  2.315312e-04  3.251715e-16  3.541383e-06
4.979167e+01  1.013250e+05  5.498564e+02  7.010425e-01  6.561629e-07  1.713432e-01  9.554785e-07  1.115153e-02  2.872480e-02  5.523045e-03  2.012425e-03  7.937715e-02  1.850360e-04  2.480750e-04  5.536389e-16  3.868781e-06
4.979687e+01  1.013250e+05  5.614349e+02  7.007416e-01  8.592242e-07  1.704438e-01  1.105478e-06  1.129633e-02  2.997840e-02  5.818375e-03  2.149141e-03  7.869407e-02  1.965363e-04  2.655378e-04  9.280760e-16  4.222297e-06
4.980208e+01  1.013250e+05  5.733809e+02  7.004400e-01  1.113460e-06  1.695101e-01  1.278688e-06  1.144125e-02  3.126691e-02  6.125854e-03  2.293343e-03  7.798876e-02  2.085466e-04  2.839387e-04  1.531848e-15  4.603371e-06
4.980469e+01  1.013250e+05  5.794931e+02  7.002890e-01  1.263582e-06  1.690300e-01  1.375091e-06  1.151374e-02  3.192429e-02  6.284257e-03  2.368356e-03  7.762765e-02  2.147451e-04  2.934994e-04  1.960798e-15  4.804844e-06
4.980729e+01  1.013250e+05  5.856983e+02  7.001381e-01  1.430369e-06  1.685411e-01  1.478424e-06  1.158625e-02  3.259041e-02  6.445818e-03  2.445364e-03  7.726086e-02  2.210740e-04  3.033051e-04  2.499859e-15  5.013920e-06
4.980990e+01  1.013250e+05  5.919966e+02  6.999871e-01  1.615257e-06  1.680433e-01  1.589073e-06  1.165876e-02  3.326524e-02  6.610564e-03  2.524396e-03  7.688836e-02  2.275332e-04  3.133575e-04  3.175669e-15  5.230783e-06
4.981250e+01  1.013250e+05  5.983877e+02  6.998363e-01  1.819760e-06  1.675365e-01  1.707439e-06  1.173128e-02  3.394875e-02  6.778520e-03  2.605484e-03  7.651015e-02  2.341226e-04  3.236581e-04  4.020223e-15  5.455613e-06
4.981510e+01  1.013250e+05  6.048717e+02  6.996855e-01  2.045471e-06  1.670207e-01  1.833938e-06  1.180378e-02  3.464090e-02  6.949710e-03  2.688656e-03  7.612620e-02  2.408421e-04  3.342079e-04  5.072311e-15  5.688586e-06
4.981771e+01  1.013250e+05  6.114483e+02  6.995349e-01  2.294061e-06  1.664958e-01  1.969003e-06  1.187628e-02  3.534165e-02  7.124158e-03  2.773944e-03  7.573650e-02  2.476912e-04  3.450080e-04  6.378909e-15  5.929873e-06
4.982031e+01  1.013250e+05  6.181175e+02  6.993845e-01  2.567279e-06  1.659617e-01  2.113082e-06  1.194877e-02  3.605096e-02  7.301887e-03  2.861376e-03  7.534103e-02  2.546695e-04  3.560589e-04  7.996810e-15  6.179636e-06
4.982292e+01  1.013250e+05  6.248790e+02  6.992344e-01  2.866958e-06  1.654185e-01  2.266636e-06  1.202124e-02  3.676880e-02  7.482922e-03  2.950983e-03  7.493979e-02  2.617763e-04  3.673610e-04  9.994549e-15  6.438031e-06
4.982552e+01  1.013250e+05  6.317326e+02  6.990846e-01  3.195012e-06  1.648661e-01  2.430143e-06  1.209368e-02  3.749512e-02  7.667283e-03  3.042795e-03  7.453275e-02  2.690108e-04  3.789143e-04  1.245470e-14  6.705202e-06
4.982812e+01  1.013250e+05  6.386781e+02  6.989351e-01  3.553439e-06  1.643044e-01  2.604095e-06  1.216609e-02  3.822987e-02  7.854993e-03  3.136840e-03  7.411991e-02  2.763722e-04  3.907184e-04  1.547664e-14  6.981285e-06
4.983073e+01  1.013250e+05  6.457153e+02  6.987861e-01  3.944320e-06  1.637334e-01  2.789000e-06  1.223847e-02  3.897301e-02  8.046073e-03  3.233148e-03  7.370126e-02  2.838595e-04  4.027726e-04  1.917977e-14  7.266398e-06
4.983333e+01  1.013250e+05  6.528438e+02  6.986374e-01  4.369824e-06  1.631531e-01  2.985379e-06  1.231081e-02  3.972449e-02  8.240545e-03  3.331748e-03  7.327678e-02  2.914715e-04  4.150759e-04  2.370756e-14  7.560649e-06
4.983594e+01  1.013250e+05  6.600634e+02  6.984893e-01  4.832205e-06  1.625635e-01  3.193772e-06  1.238311e-02  4.048427e-02  8.438428e-03  3.432670e-03  7.284647e-02  2.992069e-04  4.276267e-04  2.923224e-14  7.864127e-06
4.983854e+01  1.013250e+05  6.673737e+02  6.983417e-01  5.333810e-06  1.619644e-01  3.414740e-06  1.245537e-02  4.125229e-02  8.639741e-03  3.535942e-03  7.241031e-02  3.070645e-04  4.404232e-04  3.596091e-14  8.176902e-06
4.984115e+01  1.013250e+05  6.747745e+02  6.981946e-01  5.877073e-06  1.613559e-01  3.648860e-06  1.252757e-02  4.202850e-02  8.844505e-03  3.641593e-03  7.196831e-02  3.150425e-04  4.534628e-04  4.414392e-14  8.499022e-06
4.984375e+01  1.013250e+05  6.822653e+02  6.980482e-01  6.464527e-06  1.607379e-01  3.896740e-06  1.259972e-02  4.281286e-02  9.052738e-03  3.749652e-03  7.152045e-02  3.231395e-04  4.667429e-04  5.409177e-14  8.830512e-06
4.984896e+01  1.013250e+05  6.975133e+02  6.977573e-01  7.779245e-06  1.594737e-01  4.435479e-06  1.274384e-02  4.440562e-02  9.479601e-03  3.973036e-03  7.060727e-02  3.396825e-04  4.940093e-04  8.055511e-14  9.521436e-06
4.985417e+01  1.013250e+05  7.131127e+02  6.974693e-01  9.302959e-06  1.581717e-01  5.036844e-06  1.288770e-02  4.602997e-02  9.920374e-03  4.206238e-03  6.967085e-02  3.566725e-04  5.221744e-04  1.191721e-13  1.024869e-05
4.985938e+01  1.013250e+05  7.290600e+02  6.971845e-01  1.105952e-05  1.568318e-01  5.707016e-06  1.303128e-02  4.768547e-02  1.037519e-02  4.449475e-03  6.871119e-02  3.740932e-04  5.511948e-04  1.752303e-13  1.101131e-05
4.986458e+01  1.013250e+05  7.453511e+02  6.969032e-01  1.307472e-05  1.554538e-01  6.453060e-06  1.317454e-02  4.937165e-02  1.084415e-02  4.702964e-03  6.772825e-02  3.919270e-04  5.810166e-04  2.563106e-13  1.180765e-05
4.986979e+01  1.013250e+05  7.619820e+02  6.966257e-01  1.537647e-05  1.540375e-01  7.283187e-06  1.331747e-02  5.108805e-02  1.132738e-02  4.966917e-03  6.672205e-02  4.101555e-04  6.115737e-04  3.732603e-13  1.263530e-05
4.987500e+01  1.013250e+05  7.789479e+02  6.963522e-01  1.799512e-05  1.525829e-01  8.207062e-06  1.346004e-02  5.283416e-02  1.182497e-02  5.241545e-03  6.569260e-02  4.287595e-04  6.427864e-04  5.416161e-13  1.349088e-05
4.988021e+01  1.013250e+05  7.962439e+02  6.960830e-01  2.096378e-05  1.510897e-01  9.236169e-06  1.360221e-02  5.460947e-02  1.233700e-02  5.527058e-03  6.463994e-02  4.477192e-04  6.745602e-04  7.836651e-13  1.436999e-05
4.988542e+01  1.013250e+05  8.138648e+02  6.958184e-01  2.431866e-05  1.495579e-01  1.038423e-05  1.374398e-02  5.641346e-02  1.286356e-02  5.823662e-03  6.356410e-02  4.670143e-04  7.067842e-04  1.131434e-12  1.526705e-05
4.989063e+01  1.013250e+05  8.318048e+02  6.955585e-01  2.809959e-05  1.479875e-01  1.166768e-05  1.388530e-02  5.824558e-02  1.340470e-02  6.131562e-03  6.246516e-02  4.866239e-04  7.393288e-04  1.631033e-12  1.617517e-05
4.989583e+01  1.013250e+05  8.500576e+02  6.953036e-01  3.235051e-05  1.463784e-01  1.310616e-05  1.402615e-02  6.010528e-02  1.396049e-02  6.450960e-03  6.134321e-02  5.065265e-04  7.720447e-04  2.348973e-12  1.708610e-05
4.990104e+01  1.013250e+05  8.686166e+02  6.950538e-01  3.712008e-05  1.447305e-01  1.472310e-05  1.416650e-02  6.199197e-02  1.453094e-02  6.782056e-03  6.019836e-02  5.267002e-04  8.047608e-04  3.381359e-12  1.799018e-05
4.990625e+01  1.013250e+05  8.874745e+02  6.948094e-01  4.246231e-05  1.430440e-01  1.654625e-05  1.430632e-02  6.390505e-02  1.511609e-02  7.125046e-03  5.903076e-02  5.471219e-04  8.372824e-04  4.867260e-12  1.887634e-05
4.991146e+01  1.013250e+05  9.066237e+02  6.945705e-01  4.843734e-05  1.413189e-01  1.860829e-05  1.444555e-02  6.584387e-02  1.571594e-02  7.480126e-03  5.784059e-02  5.677671e-04  8.693901e-04  7.008138e-12  1.973219e-05
4.991667e+01  1.013250e+05  9.260556e+02  6.943373e-01  5.511223e-05  1.395553e-01  2.094736e-05  1.458415e-02  6.780778e-02  1.633046e-02  7.847486e-03  5.662807e-02  5.886098e-04  9.008383e-04  1.009604e-11  2.054415e-05
4.992188e+01  1.013250e+05  9.457611e+02  6.941100e-01  6.256188e-05  1.377533e-01  2.360780e-05  1.472207e-02  6.979608e-02  1.695962e-02  8.227315e-03  5.539346e-02  6.096221e-04  9.313546e-04  1.455443e-11  2.129771e-05
4.992708e+01  1.013250e+05  9.657302e+02  6.938885e-01  7.086997e-05  1.359131e-01  2.664080e-05  1.485924e-02  7.180802e-02  1.760335e-02  8.619796e-03  5.413709e-02  6.307734e-04  9.606395e-04  2.099720e-11  2.197774e-05
4.993229e+01  1.013250e+05  9.859522e+02  6.936732e-01  8.013004e-05  1.340349e-01  3.010533e-05  1.499559e-02  7.384283e-02  1.826156e-02  9.025109e-03  5.285933e-02  6.520304e-04  9.883675e-04  3.031378e-11  2.256891e-05
4.993750e+01  1.013250e+05  1.006415e+03  6.934640e-01  9.044648e-05  1.321192e-01  3.406910e-05  1.513104e-02  7.589964e-02  1.893411e-02  9.443429e-03  5.156063e-02  6.733567e-04  1.014188e-03  4.379130e-11  2.305618e-05
4.994271e+01  1.013250e+05  1.027107e+03  6.932611e-01  1.019357e-04  1.301663e-01  3.860982e-05  1.526548e-02  7.797757e-02  1.962084e-02  9.874923e-03  5.024153e-02  6.947124e-04  1.037729e-03  6.328938e-11  2.342529e-05
4.994792e+01  1.013250e+05  1.048013e+03  6.930646e-01  1.147269e-04  1.281766e-01  4.381626e-05  1.539879e-02  8.007564e-02  2.032154e-02  1.031975e-02  4.890265e-02  7.160533e-04  1.058602e-03  9.148864e-11  2.366337e-05
4.995313e+01  1.013250e+05  1.069119e+03  6.928744e-01  1.289633e-04  1.261508e-01  4.978949e-05  1.553084e-02  8.219279e-02  2.103595e-02  1.077807e-02  4.754472e-02  7.373304e-04  1.076404e-03  1.322417e-10  2.375943e-05
4.995833e+01  1.013250e+05  1.090407e+03  6.926909e-01  1.448020e-04  1.240895e-01  5.664404e-05  1.566148e-02  8.432788e-02  2.176376e-02  1.125003e-02  4.616859e-02  7.584882e-04  1.090731e-03  1.910655e-10  2.370498e-05
4.996354e+01  1.013250e+05  1.111862e+03  6.925138e-01  1.624151e-04  1.219934e-01  6.450885e-05  1.579051e-02  8.647966e-02  2.250459e-02  1.173575e-02  4.477523e-02  7.794636e-04  1.101184e-03  2.758252e-10  2.349445e-05
4.996875e+01  1.013250e+05  1.133463e+03  6.923435e-01  1.819889e-04  1.198636e-01  7.352836e-05  1.591773e-02  8.864677e-02  2.325797e-02  1.223537e-02  4.336576e-02  8.001843e-04  1.107378e-03  3.976798e-10  2.312565e-05
4.997396e+01  1.013250e+05  1.155191e+03  6.921799e-01  2.037236e-04  1.177011e-01  8.386354e-05  1.604290e-02  9.082772e-02  2.402337e-02  1.274897e-02  4.194145e-02  8.205675e-04  1.108960e-03  5.723785e-10  2.259997e-05
4.997917e+01  1.013250e+05  1.177025e+03  6.920230e-01  2.278323e-04  1.155071e-01  9.569307e-05  1.616575e-02  9.302089e-02  2.480015e-02  1.327666e-02  4.050375e-02  8.405193e-04  1.105618e-03  8.220535e-10  2.192259e-05
4.998438e+01  1.013250e+05  1.198942e+03  6.918731e-01  2.545395e-04  1.132831e-01  1.092145e-04  1.628596e-02  9.522451e-02  2.558757e-02  1.381849e-02  3.905430e-02  8.599339e-04  1.097096e-03  1.177816e-09  2.110244e-05
4.998958e+01  1.013250e+05  1.220919e+03  6.917301e-01  2.840794e-04  1.110306e-01  1.246452e-04  1.640320e-02  9.743665e-02  2.638475e-02  1.437452e-02  3.759491e-02  8.786934e-04  1.083210e-03  1.684263e-09  2.015203e-05
5.000000e+01  1.013250e+05  1.264974e+03  6.914652e-01  3.523252e-04  1.064463e-01  1.619091e-04  1.662761e-02  1.018801e-01  2.800530e-02  1.552898e-02  3.465252e-02  9.138729e-04  1.039150e-03  3.354300e-09  1.790988e-05
5.000521e+01  1.013250e+05  1.286971e+03  6.913435e-01  3.918177e-04  1.041211e-01  1.845218e-04  1.673339e-02  1.041043e-01  2.882495e-02  1.612712e-02  3.317662e-02  9.298620e-04  1.009181e-03  4.729886e-09  1.667740e-05
5.001042e+01  1.013250e+05  1.308920e+03  6.912293e-01  4.351256e-04  1.017760e-01  2.100988e-04  1.683435e-02  1.063275e-01  2.964947e-02  1.673933e-02  3.170019e-02  9.446102e-04  9.740554e-04  6.620634e-09  1.539125e-05
5.001562e+01  1.013250e+05  1.330789e+03  6.911226e-01  4.824912e-04  9.941389e-02  2.389577e-04  1.692995e-02  1.085469e-01  3.047722e-02  1.736549e-02  3.022612e-02  9.579473e-04  9.341033e-04  9.207101e-09  1.407417e-05
5.002083e+01  1.013250e+05  1.352549e+03  6.910235e-01  5.341475e-04  9.703774e-02  2.714348e-04  1.701956e-02  1.107594e-01  3.130635e-02  1.800545e-02  2.875753e-02  9.696972e-04  8.897668e-04  1.271793e-08  1.274879e-05
5.002604e+01  1.013250e+05  1.374165e+03  6.909323e-01  5.903143e-04  9.465082e-02  3.078836e-04  1.710253e-02  1.129620e-01  3.213485e-02  1.865899e-02  2.729771e-02  9.796800e-04  8.415926e-04  1.744227e-08  1.143685e-05
5.003125e+01  1.013250e+05  1.395606e+03  6.908491e-01  6.511929e-04  9.225666e-02  3.486729e-04  1.717819e-02  1.151511e-01  3.296047e-02  1.932588e-02  2.585014e-02  9.877158e-04  7.902205e-04  2.374094e-08  1.015853e-05
5.003646e+01  1.013250e+05  1.416836e+03  6.907740e-01  7.169617e-04  8.985901e-02  3.941845e-04  1.724581e-02  1.173232e-01  3.378080e-02  2.000580e-02  2.441844e-02  9.936286e-04  7.363668e-04  3.205688e-08  8.931786e-06
5.004167e+01  1.013250e+05  1.437821e+03  6.907072e-01  7.877709e-04  8.746184e-02  4.448097e-04  1.730467e-02  1.194747e-01  3.459322e-02  2.069840e-02  2.300633e-02  9.972505e-04  6.808034e-04  4.292400e-08  7.771890e-06
5.004687e+01  1.013250e+05  1.458525e+03  6.906489e-01  8.637376e-04  8.506931e-02  5.009457e-04  1.735404e-02  1.216018e-01  3.539491e-02  2.140328e-02  2.161762e-02  9.984267e-04  6.243338e-04  5.697315e-08  6.691078e-06
5.005208e+01  1.013250e+05  1.478913e+03  6.905992e-01  9.449405e-04  8.268576e-02  5.629909e-04  1.739317e-02  1.237007e-01  3.618292e-02  2.211998e-02  2.025615e-02  9.970198e-04  5.677674e-04  7.493328e-08  5.698364e-06
5.005729e+01  1.013250e+05  1.498949e+03  6.905583e-01  1.031415e-03  8.031563e-02  6.313394e-04  1.742136e-02  1.257674e-01  3.695412e-02  2.284800e-02  1.892572e-02  9.929148e-04  5.118930e-04  9.762572e-08  4.799503e-06
5.006250e+01  1.013250e+05  1.518597e+03  6.905262e-01  1.123149e-03  7.796347e-02  7.063746e-04  1.743791e-02  1.277981e-01  3.770527e-02  2.358679e-02  1.763007e-02  9.860227e-04  4.574526e-04  1.259495e-07  3.997120e-06
5.006771e+01  1.013250e+05  1.537823e+03  6.905032e-01  1.220077e-03  7.563386e-02  7.884620e-04  1.744220e-02  1.297888e-01  3.843306e-02  2.433574e-02  1.637280e-02  9.762848e-04  4.051179e-04  1.608554e-07  3.290953e-06
5.007292e+01  1.013250e+05  1.556594e+03  6.904892e-01  1.322079e-03  7.333138e-02  8.779410e-04  1.743364e-02  1.317359e-01  3.913409e-02  2.509420e-02  1.515730e-02  9.636746e-04  3.554708e-04  2.033069e-07  2.678218e-06
5.007812e+01  1.013250e+05  1.574876e+03  6.904845e-01  1.428978e-03  7.106054e-02  9.751164e-04  1.741176e-02  1.336357e-01  3.980500e-02  2.586149e-02  1.398673e-02  9.482005e-04  3.089879e-04  2.542279e-07  2.154045e-06
5.008333e+01  1.013250e+05  1.592639e+03  6.904889e-01  1.540534e-03  6.882574e-02  1.080248e-03  1.737616e-02  1.354847e-01  4.044244e-02  2.663688e-02  1.286395e-02  9.299058e-04  2.660308e-04  3.144363e-07  1.711957e-06
5.008854e+01  1.013250e+05  1.609856e+03  6.905026e-01  1.656448e-03  6.663124e-02  1.193542e-03  1.732656e-02  1.372797e-01  4.104315e-02  2.741960e-02  1.179145e-02  9.088694e-04  2.268424e-04  3.845664e-07  1.344357e-06
5.009375e+01  1.013250e+05  1.626500e+03  6.905254e-01  1.776361e-03  6.448107e-02  1.315140e-03  1.726279e-02  1.390177e-01  4.160403e-02  2.820887e-02  1.077132e-02  8.852042e-04  1.915484e-04  4.649841e-07  1.043007e-06
5.009896e+01  1.013250e+05  1.642549e+03  6.905574e-01  1.899859e-03  6.237902e-02  1.445110e-03  1.718484e-02  1.406960e-01  4.212216e-02  2.900386e-02  9.805227e-03  8.590555e-04  1.601650e-04  5.556994e-07  7.994463e-07
5.010417e+01  1.013250e+05  1.657984e+03  6.905984e-01  2.026470e-03  6.032857e-02  1.583434e-03  1.709282e-02  1.423122e-01  4.259486e-02  2.980373e-02  8.894372e-03  8.305989e-04  1.326105e-04  6.562867e-07  6.053595e-07
5.010937e+01  1.013250e+05  1.672789e+03  6.906482e-01  2.155680e-03  5.833289e-02  1.730006e-03  1.698700e-02  1.438644e-01  4.301976e-02  3.060762e-02  8.039478e-03  8.000371e-04  1.087199e-04  7.658192e-07  4.528615e-07
5.011458e+01  1.013250e+05  1.686952e+03  6.907067e-01  2.286929e-03  5.639477e-02  1.884616e-03  1.686779e-02  1.453511e-01  4.339483e-02  3.141464e-02  7.240785e-03  7.675970e-04  8.826213e-05  8.828289e-07  3.347077e-07
5.011979e+01  1.013250e+05  1.700465e+03  6.907737e-01  2.419628e-03  5.451665e-02  2.046955e-03  1.673576e-02  1.467709e-01  4.371844e-02  3.222390e-02  6.498059e-03  7.335266e-04  7.095815e-05  1.005300e-06  2.444267e-07
5.012500e+01  1.013250e+05  1.713326e+03  6.908488e-01  2.553163e-03  5.270053e-02  2.216603e-03  1.659161e-02  1.481232e-01  4.398935e-02  3.303449e-02  5.810606e-03  6.980915e-04  5.649831e-05  1.130704e-06  1.763859e-07
5.013021e+01  1.013250e+05  1.725535e+03  6.909316e-01  2.686911e-03  5.094803e-02  2.393033e-03  1.643618e-02  1.494077e-01  4.420678e-02  3.384549e-02  5.177301e-03  6.615716e-04  4.455856e-05  1.256075e-06  1.257983e-07
5.013542e+01  1.013250e+05  1.737097e+03  6.910220e-01  2.820244e-03  4.926038e-02  2.575616e-03  1.627042e-02  1.506244e-01  4.437045e-02  3.465599e-02  4.596623e-03  6.242575e-04  3.481459e-05  1.378133e-06  8.868704e-08
5.014062e+01  1.013250e+05  1.748021e+03  6.911193e-01  2.952546e-03  4.763836e-02  2.763621e-03  1.609541e-02  1.517738e-01  4.448050e-02  3.546507e-02  4.066696e-03  5.864467e-04  2.695329e-05  1.493436e-06  6.181760e-08
5.014583e+01  1.013250e+05  1.758321e+03  6.912233e-01  3.083220e-03  4.608240e-02  2.956230e-03  1.591229e-02  1.528568e-01  4.453759e-02  3.627181e-02  3.585344e-03  5.484395e-04  2.068152e-05  1.598568e-06  4.261251e-08
5.015104e+01  1.013250e+05  1.768013e+03  6.913334e-01  3.211700e-03  4.459252e-02  3.152546e-03  1.572229e-02  1.538745e-01  4.454282e-02  3.707529e-02  3.150138e-03  5.105343e-04  1.573206e-05  1.690322e-06  2.905726e-08
5.015625e+01  1.013250e+05  1.777117e+03  6.914492e-01  3.337457e-03  4.316842e-02  3.351612e-03  1.552667e-02  1.548287e-01  4.449777e-02  3.787462e-02  2.758455e-03  4.730232e-04  1.186716e-05  1.765895e-06  1.960637e-08
5.016146e+01  1.013250e+05  1.785657e+03  6.915701e-01  3.460010e-03  4.180943e-02  3.552427e-03  1.532673e-02  1.557212e-01  4.440438e-02  3.866890e-02  2.407530e-03  4.361864e-04  8.879763e-06  1.823045e-06  1.309513e-08
5.016667e+01  1.013250e+05  1.793657e+03  6.916956e-01  3.578930e-03  4.051460e-02  3.753965e-03  1.512376e-02  1.565540e-01  4.426501e-02  3.945727e-02  2.094513e-03  4.002874e-04  6.593198e-06  1.860215e-06  8.660624e-09
5.017188e+01  1.013250e+05  1.801147e+03  6.918253e-01  3.693842e-03  3.928269e-02  3.955196e-03  1.491905e-02  1.573295e-01  4.408233e-02  4.023888e-02  1.816517e-03  3.655676e-04  4.859437e-06  1.876615e-06  5.673920e-09
5.017708e+01  1.013250e+05  1.808155e+03  6.919586e-01  3.804429e-03  3.811223e-02  4.155107e-03  1.471383e-02  1.580502e-01  4.385926e-02  4.101292e-02  1.570664e-03  3.322418e-04  3.556585e-06  1.872235e-06  3.683755e-09
5.018229e+01  1.013250e+05  1.814712e+03  6.920951e-01  3.910433e-03  3.700152e-02  4.352723e-03  1.450929e-02  1.587188e-01  4.359897e-02  4.177861e-02  1.354128e-03  3.004939e-04  2.585868e-06  1.847821e-06  2.371160e-09
5.018750e+01  1.013250e+05  1.820848e+03  6.922342e-01  4.011652e-03  3.594870e-02  4.547122e-03  1.430654e-02  1.593380e-01  4.330478e-02  4.253519e-02  1.164169e-03  2.704743e-04  1.868435e-06  1.804789e-06  1.513885e-09
5.019271e+01  1.013250e+05  1.826596e+03  6.923754e-01  4.107937e-03  3.495176e-02  4.737455e-03  1.410662e-02  1.599106e-01  4.298007e-02  4.328196e-02  9.981605e-04  2.422974e-04  1.342219e-06  1.745112e-06  9.591695e-10
5.019792e+01  1.013250e+05  1.831985e+03  6.925184e-01  4.199193e-03  3.400856e-02  4.922957e-03  1.391044e-02  1.604393e-01  4.262829e-02  4.401828e-02  8.536147e-04  2.160414e-04  9.589987e-07  1.671175e-06  6.033742e-10
5.020313e+01  1.013250e+05  1.837046e+03  6.926628e-01  4.285369e-03  3.311689e-02  5.102956e-03  1.371885e-02  1.609270e-01  4.225287e-02  4.474353e-02  7.281979e-04  1.917487e-04  6.817663e-07  1.585624e-06  3.770450e-10
5.020833e+01  1.013250e+05  1.841808e+03  6.928080e-01  4.366455e-03  3.227448e-02  5.276881e-03  1.353255e-02  1.613764e-01  4.185717e-02  4.545715e-02  6.197415e-04  1.694276e-04  4.824399e-07  1.491215e-06  2.341783e-10
5.021354e+01  1.013250e+05  1.846300e+03  6.929538e-01  4.442480e-03  3.147902e-02  5.444265e-03  1.335216e-02  1.617901e-01  4.144442e-02  4.615864e-02  5.262478e-04  1.490557e-04  3.399347e-07  1.390679e-06  1.446361e-10
5.021875e+01  1.013250e+05  1.850545e+03  6.930998e-01  4.513504e-03  3.072819e-02  5.604744e-03  1.317817e-02  1.621708e-01  4.101772e-02  4.684755e-02  4.458920e-04  1.305830e-04  2.385715e-07  1.286606e-06  8.887645e-11
5.022396e+01  1.013250e+05  1.854570e+03  6.932457e-01  4.579612e-03  3.001971e-02  5.758054e-03  1.301098e-02  1.625209e-01  4.058001e-02  4.752349e-02  3.770188e-04  1.139367e-04  1.667931e-07  1.181361e-06  5.434809e-11
5.022917e+01  1.013250e+05  1.858397e+03  6.933912e-01  4.640914e-03  2.935129e-02  5.904025e-03  1.285087e-02  1.628427e-01  4.013400e-02  4.818612e-02  3.181382e-04  9.902538e-05  1.161457e-07  1.077024e-06  3.305783e-11
5.023438e+01  1.013250e+05  1.862046e+03  6.935360e-01  4.697538e-03  2.872071e-02  6.042573e-03  1.269805e-02  1.631386e-01  3.968221e-02  4.883515e-02  2.679166e-04  8.574412e-05  8.048268e-08  9.753694e-07  1.994978e-11
5.023958e+01  1.013250e+05  1.865536e+03  6.936800e-01  4.749624e-03  2.812580e-02  6.173693e-03  1.255261e-02  1.634106e-01  3.922694e-02  4.947034e-02  2.251678e-04  7.397861e-05  5.534945e-08  8.778635e-07  1.183577e-11
5.025000e+01  1.013250e+05  1.872091e+03  6.939645e-01  4.840658e-03  2.703663e-02  6.413860e-03  1.228395e-02  1.638890e-01  3.831210e-02  5.069873e-02  1.589274e-04  5.463367e-05  2.695085e-08  6.988743e-07  4.515124e-12
5.026042e+01  1.013250e+05  1.878195e+03  6.942433e-01  4.915497e-03  2.606454e-02  6.626054e-03  1.204421e-02  1.642948e-01  3.740537e-02  5.187101e-02  1.113560e-04  3.982300e-05  1.300161e-08  5.445211e-07  1.719329e-12
5.027083e+01  1.013250e+05  1.883937e+03  6.945154e-01  4.975511e-03  2.519525e-02  6.812142e-03  1.183196e-02  1.646402e-01  3.651729e-02  5.298698e-02  7.730596e-05  2.862595e-05  6.202078e-09  4.152705e-07  6.551871e-13
5.028125e+01  1.013250e+05  1.889384e+03  6.947798e-01  5.022079e-03  2.441588e-02  6.974330e-03  1.164519e-02  1.649360e-01  3.565569e-02  5.404698e-02  5.289359e-05  2.022442e-05  2.877050e-09  3.094101e-07  2.456340e-13
5.029167e+01  1.013250e+05  1.894589e+03  6.950360e-01  5.056561e-03  2.371493e-02  7.114940e-03  1.148156e-02  1.651912e-01  3.482620e-02  5.505181e-02  3.519969e-05  1.392274e-05  1.167182e-09  2.242707e-07  7.476536e-14
5.033333e+01  1.013250e+05  1.913396e+03  6.959763e-01  5.087053e-03  2.159166e-02  7.484680e-03  1.103320e-02  1.658863e-01  3.186625e-02  5.853219e-02  9.362218e-06  3.944586e-06  1.109922e-10  7.237090e-08  5.543390e-15
5.037500e+01  1.013250e+05  1.930148e+03  6.967876e-01  5.014332e-03  2.008314e-02  7.678042e-03  1.076499e-02  1.663689e-01  2.945668e-02  6.132863e-02  2.450738e-06  1.083107e-06  1.058604e-11  2.182614e-08  4.603989e-16
5.041667e+01  1.013250e+05  1.945246e+03  6.974849e-01  4.884124e-03  1.895138e-02  7.769170e-03  1.058227e-02  1.667803e-01  2.751900e-02  6.356703e-02  5.611571e-07  2.594141e-07  9.064102e-13  5.574874e-09  3.563006e-17
5.050000e+01  1.013250e+05  1.971205e+03  6.985947e-01  4.538797e-03  1.739431e-02  7.774876e-03  1.031211e-02  1.675880e-01  2.478379e-02  6.671334e-02  6.031509e-08  2.942815e-08  3.740159e-14  6.738308e-10  1.378672e-18
5.059668e+01  1.013250e+05  1.996179e+03  6.995727e-01  4.122134e-03  1.613040e-02  7.669698e-03  9.998763e-03  1.685959e-01  2.271153e-02  6.909596e-02  5.677668e-09  2.987014e-09  1.596247e-15  6.938471e-11  6.209327e-20
5.069336e+01  1.013250e+05  2.017053e+03  7.003403e-01  3.737718e-03  1.517165e-02  7.519028e-03  9.668309e-03  1.696235e-01  2.130352e-02  7.071430e-02  5.616825e-10  3.803243e-10  8.345010e-17  7.308931e-12  4.766245e-21
5.079004e+01  1.013250e+05  2.034752e+03  7.009692e-01  3.398078e-03  1.439967e-02  7.351781e-03  9.335021e-03  1.706160e-01  2.028156e-02  7.188702e-02  5.847626e-11  1.066611e-10  5.339352e-18  8.009306e-13  5.800906e-22
5.088672e+01  1.013250e+05  2.049932e+03  7.015029e-01  3.103042e-03  1.375403e-02  7.181070e-03  9.011983e-03  1.715418e-01  1.948961e-02  7.279338e-02  5.351953e-12  7.186069e-11  4.360651e-19  8.200948e-14  8.343455e-23
5.108008e+01  1.013250e+05  2.074141e+03  7.023655e-01  2.632058e-03  1.273841e-02  6.854684e-03  8.421995e-03  1.731455e-01  1.832689e-02  7.411700e-02  3.566285e-13  6.056683e-11  8.157989e-20  1.126941e-14  5.893522e-24
5.127344e+01  1.013250e+05  2.093329e+03  7.030640e-01  2.274130e-03  1.192672e-02  6.556042e-03  7.912495e-03  1.744751e-01  1.741145e-02  7.515543e-02  1.407218e-13  5.399155e-11  5.810727e-20  7.699524e-15  5.403357e-25
5.146680e+01  1.013250e+05  2.108901e+03  7.036479e-01  1.997217e-03  1.125737e-02  6.287994e-03  7.475863e-03  1.755788e-01  1.664478e-02  7.602208e-02  1.357256e-13  4.884849e-11  5.060799e-20  7.212791e-15  6.567524e-26
5.166016e+01  1.013250e+05  2.121749e+03  7.041458e-01  1.778835e-03  1.069507e-02  6.048891e-03  7.100792e-03  1.765010e-01  1.598293e-02  7.676798e-02  1.405896e-13  4.464715e-11  4.549693e-20  6.884788e-15  9.628083e-27
5.204688e+01  1.013250e+05  2.140998e+03  7.049398e-01  1.468081e-03  9.830395e-03  5.656703e-03  6.507353e-03  1.778963e-01  1.491152e-02  7.796900e-02  1.496013e-13  3.833778e-11  3.833182e-20  6.291978e-15  6.826278e-28
5.282031e+01  1.013250e+05  2.165217e+03  7.060159e-01  1.113276e-03  8.702530e-03  5.110793e-03  5.721300e-03  1.796511e-01  1.341286e-02  7.963596e-02  1.622070e-13  3.053772e-11  2.993199e-20  5.365605e-15  2.684454e-29
5.359375e+01  1.013250e+05  2.181351e+03  7.067578e-01  9.037731e-04  7.927822e-03  4.719211e-03  5.185197e-03  1.808174e-01  1.233892e-02  8.082541e-02  1.714510e-13  2.561184e-11  2.478898e-20  4.669889e-15  2.197723e-30
5.514062e+01  1.013250e+05  2.199365e+03  7.076319e-01  6.939605e-04  7.038416e-03  4.252982e-03  4.567560e-03  1.821102e-01  1.104627e-02  8.224831e-02  1.831509e-13  2.036758e-11  1.944199e-20  3.850232e-15  2.152054e-31
5.668750e+01  1.013250e+05  2.210249e+03  7.081788e-01  5.802584e-04  6.488606e-03  3.957341e-03  4.186727e-03  1.828866e-01  1.022090e-02  8.315314e-02  1.913552e-13  1.738433e-11  1.643788e-20  3.352417e-15  1.007185e-31
6.287500e+01  1.013250e+05  2.223738e+03  7.088850e-01  4.531747e-04  5.792822e-03  3.577334e-03  3.705774e-03  1.838374e-01  9.141150e-03  8.433083e-02  2.033918e-13  1.390078e-11  1.296558e-20  2.751297e-15  6.894912e-32
7.525000e+01  1.013250e+05  2.229284e+03  7.091796e-01  4.057813e-04  5.502427e-03  3.418067e-03  3.507173e-03  1.842252e-01  8.683404e-03  8.482873e-02  2.089757e-13  1.256086e-11  1.162585e-20  2.512879e-15  6.081543e-32
1.000000e+02  1.013250e+05  2.229284e+03  7.091796e-01  4.057813e-04  5.502427e-03  3.418067e-03  3.507173e-03  1.842252e-01  8.683404e-03  8.482873e-02  2.089757e-13  1.256086e-11  1.162585e-20  2.512879e-15  6.081543e-32
