T(K) p(Pa) phi Tf(K) SL(m/s) Xf(m) maxXCH mpXCH intXCH maxSM mpSM intSM maxCM mpCM intCM
300 101325 5.500000e-01 1.573854e+03 6.767904e-02 4.975600e-04 2.930473e-09 2.791847e-09 7.301107e-13 6.249362e+11 5.881420e+11 1.567988e+08 1.895761e+11 1.784160e+11 4.756432e+07 
300 101325 6.000000e-01 1.664386e+03 1.045119e-01 4.329400e-04 1.088287e-08 9.739002e-09 2.262710e-12 2.121214e+12 1.909443e+12 4.457444e+08 6.436296e+11 5.793810e+11 1.352466e+08 
300 101325 6.500000e-01 1.753047e+03 1.437962e-01 3.712600e-04 3.084556e-08 2.751901e-08 5.570257e-12 5.546119e+12 5.494052e+12 9.889742e+08 1.683176e+12 1.667387e+12 3.001330e+08 
300 101325 7.000000e-01 1.838348e+03 1.834973e-01 3.333300e-04 7.315873e-08 6.741763e-08 1.188649e-11 1.215174e+13 1.120038e+13 1.996807e+09 3.688576e+12 3.399858e+12 6.060989e+08 
300 101325 7.500000e-01 1.920340e+03 2.238592e-01 2.812500e-04 1.525053e-07 1.511235e-07 2.241085e-11 2.341233e+13 2.286484e+13 3.485281e+09 7.107834e+12 6.941727e+12 1.058079e+09 
300 101325 8.000000e-01 1.999299e+03 2.607026e-01 2.552100e-04 2.901619e-07 2.888315e-07 3.965288e-11 4.137440e+13 4.121991e+13 5.770347e+09 1.256296e+13 1.251609e+13 1.752051e+09 
300 101325 8.500000e-01 2.071047e+03 2.936660e-01 2.656200e-04 5.067797e-07 4.845764e-07 6.726414e-11 6.736886e+13 6.479051e+13 9.124284e+09 2.045875e+13 1.967600e+13 2.770787e+09 
300 101325 9.000000e-01 2.136608e+03 3.206957e-01 2.500000e-04 8.296731e-07 8.076270e-07 1.063810e-10 1.031188e+14 1.008798e+14 1.352149e+10 3.131924e+13 3.063953e+13 4.106607e+09 
300 101325 9.500000e-01 2.191956e+03 3.428362e-01 2.343800e-04 1.286366e-06 1.282313e-06 1.605915e-10 1.498388e+14 1.495553e+14 1.918133e+10 4.551423e+13 4.542825e+13 5.826227e+09 
300 101325 1.000000e+00 2.229284e+03 3.562527e-01 2.343800e-04 1.876615e-06 1.874425e-06 2.349111e-10 2.054427e+14 2.054427e+14 2.634479e+10 6.241115e+13 6.241114e+13 8.002967e+09 
300 101325 1.050000e+00 2.239761e+03 3.653451e-01 2.447900e-04 2.603962e-06 2.563899e-06 3.347844e-10 2.690040e+14 2.659461e+14 3.544252e+10 8.172855e+13 8.080011e+13 1.076779e+10 
300 101325 1.100000e+00 2.220374e+03 3.621142e-01 2.552100e-04 3.394769e-06 3.351151e-06 4.546214e-10 3.317561e+14 3.286895e+14 4.551691e+10 1.008036e+14 9.987247e+13 1.382986e+10 
300 101325 1.150000e+00 2.180421e+03 3.421254e-01 2.812500e-04 4.013587e-06 3.948133e-06 5.904826e-10 3.741553e+14 3.694091e+14 5.606176e+10 1.136972e+14 1.122557e+14 1.703546e+10 
300 101325 1.200000e+00 2.140221e+03 3.127200e-01 3.020900e-04 4.294885e-06 4.270481e-06 7.019128e-10 3.803213e+14 3.783537e+14 6.346723e+10 1.155819e+14 1.149840e+14 1.928759e+10 
300 101325 1.250000e+00 2.095806e+03 2.661388e-01 3.920900e-04 3.784777e-06 3.525266e-06 7.699098e-10 3.222997e+14 3.013568e+14 6.668698e+10 9.795729e+13 9.159317e+13 2.026801e+10 
300 101325 1.300000e+00 2.055749e+03 2.148351e-01 5.817100e-04 2.617835e-06 1.981887e-06 7.222457e-10 2.165558e+14 1.635173e+14 6.032814e+10 6.582384e+13 4.970312e+13 1.833698e+10 
300 101325 1.350000e+00 2.017903e+03 1.661964e-01 8.092500e-04 1.301063e-06 9.673391e-07 5.178178e-10 1.059331e+14 7.780178e+13 4.244244e+10 3.220131e+13 2.365036e+13 1.290142e+10 
300 101325 1.400000e+00 1.979472e+03 1.322072e-01 1.316410e-03 5.216391e-07 2.316569e-07 2.843376e-10 4.298738e+13 2.642377e+13 2.277688e+10 1.306780e+13 8.032791e+12 6.923948e+09 
300 101325 1.450000e+00 1.942974e+03 1.134999e-01 1.457690e-03 2.465161e-07 1.175629e-07 1.514190e-10 2.054144e+13 9.583631e+12 1.257355e+10 6.244644e+12 2.913538e+12 3.822384e+09 
300 101325 1.500000e+00 1.908004e+03 9.924638e-02 1.598960e-03 1.272525e-07 6.236170e-08 8.630175e-11 1.077352e+13 5.136238e+12 7.279879e+09 3.275256e+12 1.561522e+12 2.213155e+09 
300 101325 1.550000e+00 1.871129e+03 8.647980e-02 1.909420e-03 6.640327e-08 2.588890e-08 5.044586e-11 5.741283e+12 2.854706e+12 4.283436e+09 1.745434e+12 8.679024e+11 1.302225e+09 
300 101325 1.600000e+00 1.840964e+03 7.799612e-02 1.861080e-03 3.834957e-08 1.998257e-08 3.127334e-11 3.371626e+12 1.707938e+12 2.737804e+09 1.025043e+12 5.192671e+11 8.323471e+08 
300 101325 1.650000e+00 1.813635e+03 7.126164e-02 2.199460e-03 2.322244e-08 1.015587e-08 2.089993e-11 2.071565e+12 8.737284e+11 1.851654e+09 6.298100e+11 2.656478e+11 5.629523e+08 
300 101325 1.700000e+00 1.788749e+03 6.539830e-02 2.513670e-03 1.447398e-08 5.413990e-09 1.427616e-11 1.310170e+12 4.702105e+11 1.280824e+09 3.983316e+11 1.429655e+11 3.894117e+08 
300 101325 1.750000e+00 1.758769e+03 5.982447e-02 2.803710e-03 9.158005e-09 3.019380e-09 9.822912e-12 8.380923e+11 2.699069e+11 8.948133e+08 2.548100e+11 8.206541e+10 2.720558e+08 
300 101325 1.800000e+00 1.734515e+03 5.437860e-02 3.142090e-03 5.803745e-09 1.857059e-09 6.783333e-12 5.409166e+11 1.613730e+11 6.263122e+08 1.644580e+11 4.906604e+10 1.904231e+08 



300 303975 5.500000e-01 1.573619e+03 3.078570e-02 2.487200e-04 6.459267e-10 5.940283e-10 7.656113e-14 1.311853e+11 1.192100e+11 1.558530e+07 3.993401e+10 3.628869e+10 4.744291e+06 
300 303975 6.000000e-01 1.664822e+03 5.383919e-02 1.891900e-04 3.603609e-09 3.283395e-09 3.292563e-13 6.610993e+11 6.052245e+11 6.082689e+07 2.012605e+11 1.842510e+11 1.851763e+07 
300 303975 6.500000e-01 1.754004e+03 8.052974e-02 1.588400e-04 1.319432e-08 1.180618e-08 1.006216e-12 2.217374e+12 2.031384e+12 1.697033e+08 6.750880e+11 6.184654e+11 5.166655e+07 
300 303975 7.000000e-01 1.839833e+03 1.089704e-01 1.366000e-04 3.656954e-08 3.402824e-08 2.437991e-12 5.651669e+12 5.270846e+12 3.796505e+08 1.720778e+12 1.604835e+12 1.155924e+08 
300 303975 7.500000e-01 1.921652e+03 1.369951e-01 1.207200e-04 8.398351e-08 8.019567e-08 5.061544e-12 1.199502e+13 1.144721e+13 7.300796e+08 3.652352e+12 3.485566e+12 2.222999e+08 
300 303975 8.000000e-01 2.000733e+03 1.629529e-01 1.080200e-04 1.695543e-07 1.653814e-07 9.466388e-12 2.253387e+13 2.191810e+13 1.271169e+09 6.861658e+12 6.674175e+12 3.870734e+08 
300 303975 8.500000e-01 2.074723e+03 1.861853e-01 1.048400e-04 3.095818e-07 3.019068e-07 1.647215e-11 3.825643e+13 3.675174e+13 2.057852e+09 1.164977e+13 1.119160e+13 6.266481e+08 
300 303975 9.000000e-01 2.143776e+03 2.052033e-01 9.530000e-05 5.222459e-07 5.168203e-07 2.666736e-11 6.036729e+13 5.973043e+13 3.134666e+09 1.838368e+13 1.818976e+13 9.545938e+08 
300 303975 9.500000e-01 2.204611e+03 2.195030e-01 9.848000e-05 8.186859e-07 7.974746e-07 4.173456e-11 8.883897e+13 8.702433e+13 4.601789e+09 2.705522e+13 2.650264e+13 1.401428e+09 
300 303975 1.000000e+00 2.248892e+03 2.287966e-01 9.848000e-05 1.207335e-06 1.178749e-06 6.207545e-11 1.232575e+14 1.209254e+14 6.438972e+09 3.753850e+13 3.682831e+13 1.960996e+09 
300 303975 1.050000e+00 2.253965e+03 2.305510e-01 1.080100e-04 1.649271e-06 1.559214e-06 8.878954e-11 1.589595e+14 1.502305e+14 8.677435e+09 4.841333e+13 4.575501e+13 2.642818e+09 
300 303975 1.100000e+00 2.220742e+03 2.225611e-01 1.143700e-04 2.032322e-06 1.962304e-06 1.180973e-10 1.850659e+14 1.787645e+14 1.091971e+10 5.636643e+13 5.444732e+13 3.325849e+09 
300 303975 1.150000e+00 2.179826e+03 2.045320e-01 1.270700e-04 2.154386e-06 2.055072e-06 1.424924e-10 1.874069e+14 1.782365e+14 1.253699e+10 5.708135e+13 5.428834e+13 3.818560e+09 
300 303975 1.200000e+00 2.137344e+03 1.762188e-01 1.620200e-04 1.821366e-06 1.662862e-06 1.497287e-10 1.517876e+14 1.383743e+14 1.261620e+10 4.623371e+13 4.214828e+13 3.842815e+09 
300 303975 1.250000e+00 2.096961e+03 1.441215e-01 2.275800e-04 1.117951e-06 9.519827e-07 1.263735e-10 9.040346e+13 7.627105e+13 1.030058e+10 2.753723e+13 2.323258e+13 3.137587e+09 
300 303975 1.300000e+00 2.056913e+03 1.154132e-01 3.656700e-04 4.612965e-07 2.808918e-07 7.710712e-11 3.700948e+13 2.229752e+13 6.186633e+09 1.127352e+13 6.792137e+12 1.884517e+09 
300 303975 1.350000e+00 2.017367e+03 9.711208e-02 4.436700e-04 1.803220e-07 1.132178e-07 3.696018e-11 1.463654e+13 8.992515e+12 2.992952e+09 4.458537e+12 2.739296e+12 9.117022e+08 
300 303975 1.400000e+00 1.979218e+03 8.549152e-02 5.216700e-04 8.484030e-08 4.938814e-08 1.993268e-11 6.990381e+12 3.950959e+12 1.636463e+09 2.129410e+12 1.203556e+12 4.984996e+08 
300 303975 1.450000e+00 1.941074e+03 7.658898e-02 7.452600e-04 4.387887e-08 1.392129e-08 1.205032e-11 3.676601e+12 1.334874e+12 9.922048e+08 1.119978e+12 4.066397e+11 3.022490e+08 
300 303975 1.500000e+00 1.906065e+03 6.895296e-02 8.717900e-04 2.510434e-08 6.916638e-09 7.737333e-12 2.139476e+12 6.532085e+11 6.478810e+08 6.517379e+11 1.989870e+11 1.973611e+08 
300 303975 1.550000e+00 1.870951e+03 6.297213e-02 1.040490e-03 1.477093e-08 3.245673e-09 5.114074e-12 1.277246e+12 3.478226e+11 4.313886e+08 3.890842e+11 1.059583e+11 1.314132e+08 
300 303975 1.600000e+00 1.838741e+03 5.753907e-02 1.118490e-03 9.119574e-09 2.164026e-09 3.464793e-12 8.020776e+11 1.806227e+11 3.010404e+08 2.443365e+11 5.502409e+10 9.170600e+07 
300 303975 1.650000e+00 1.810304e+03 5.308161e-02 1.287200e-03 5.949116e-09 1.210311e-09 2.480248e-12 5.303695e+11 1.256291e+11 2.157907e+08 1.615669e+11 3.827132e+10 6.573672e+07 
300 303975 1.700000e+00 1.782938e+03 4.873145e-02 1.362020e-03 3.909860e-09 8.677432e-10 1.768348e-12 3.528038e+11 8.991330e+10 1.562966e+08 1.074755e+11 2.739106e+10 4.761313e+07 
300 303975 1.750000e+00 1.753437e+03 4.466289e-02 1.419510e-03 2.542265e-09 6.168499e-10 1.243783e-12 2.338503e+11 6.588215e+10 1.120834e+08 7.123862e+10 2.007032e+10 3.414443e+07 
300 303975 1.800000e+00 1.735116e+03 4.199699e-02 1.492310e-03 1.817638e-09 4.756986e-10 9.514548e-13 1.691418e+11 4.986571e+10 8.661979e+07 5.152648e+10 1.519115e+10 2.638747e+07 



300 607950 5.000000e-01 1.476683e+03 9.542042e-03 2.916600e-04 7.835711e-12 7.572170e-12 1.054261e-15 1.768503e+09 1.714402e+09 2.390604e+05 5.387931e+08 5.223106e+08 7.283218e+04 
300 607950 5.500000e-01 1.572790e+03 1.803373e-02 1.701300e-04 1.433851e-10 1.422944e-10 1.188531e-14 2.843136e+10 2.815073e+10 2.367431e+06 8.662313e+09 8.576813e+09 7.212949e+05 
300 607950 6.000000e-01 1.665250e+03 3.240382e-02 1.251300e-04 1.210583e-09 1.131241e-09 7.185194e-14 2.149211e+11 1.986890e+11 1.280331e+07 6.548358e+10 6.053796e+10 3.900990e+06 
300 607950 6.500000e-01 1.754892e+03 5.154943e-02 9.767000e-05 5.875373e-09 5.477534e-09 2.753093e-13 9.456268e+11 8.692230e+11 4.451107e+07 2.881298e+11 2.648502e+11 1.356237e+07 
300 607950 7.000000e-01 1.840460e+03 7.326204e-02 8.372000e-05 1.935898e-08 1.746140e-08 7.731055e-13 2.850255e+12 2.679292e+12 1.136885e+08 8.684914e+11 8.163989e+11 3.464154e+07 
300 607950 7.500000e-01 1.922503e+03 9.537073e-02 7.209000e-05 4.969525e-08 4.676291e-08 1.765351e-12 6.775389e+12 6.238311e+12 2.412472e+08 2.064561e+12 1.900910e+12 7.351142e+07 
300 607950 8.000000e-01 2.002100e+03 1.162752e-01 6.512000e-05 1.090346e-07 1.031380e-07 3.550318e-12 1.374826e+13 1.273766e+13 4.500532e+08 4.189399e+12 3.881456e+12 1.371408e+08 
300 607950 8.500000e-01 2.076532e+03 1.349436e-01 6.396000e-05 2.087846e-07 1.952585e-07 6.465469e-12 2.455113e+13 2.411484e+13 7.580229e+08 7.481436e+12 7.348497e+12 2.309908e+08 
300 607950 9.000000e-01 2.147249e+03 1.501360e-01 5.814000e-05 3.629002e-07 3.491520e-07 1.078387e-11 3.985352e+13 3.870272e+13 1.198914e+09 1.214476e+13 1.179409e+13 3.653501e+08 
300 607950 9.500000e-01 2.211338e+03 1.608098e-01 6.046000e-05 5.775248e-07 5.339315e-07 1.715851e-11 5.954651e+13 5.870248e+13 1.770363e+09 1.814625e+13 1.788906e+13 5.395004e+08 
300 607950 1.000000e+00 2.259130e+03 1.664879e-01 6.162000e-05 8.437522e-07 7.959027e-07 2.557703e-11 8.186269e+13 7.682991e+13 2.504875e+09 2.494735e+13 2.341369e+13 7.633495e+08 
300 607950 1.050000e+00 2.260237e+03 1.665915e-01 5.930000e-05 1.119271e-06 1.111295e-06 3.538649e-11 1.026435e+14 1.018071e+14 3.275782e+09 3.128078e+13 3.102593e+13 9.982982e+08 
300 607950 1.100000e+00 2.223730e+03 1.589005e-01 7.210000e-05 1.291723e-06 1.200013e-06 4.618539e-11 1.121378e+14 1.033776e+14 4.043260e+09 3.417484e+13 3.150517e+13 1.232211e+09 
300 607950 1.150000e+00 2.181038e+03 1.422801e-01 8.139000e-05 1.181283e-06 1.121516e-06 5.025525e-11 9.805039e+13 9.352923e+13 4.214026e+09 2.988213e+13 2.850429e+13 1.284277e+09 
300 607950 1.200000e+00 2.139018e+03 1.200621e-01 1.162800e-04 7.785474e-07 6.719605e-07 4.452389e-11 6.271149e+13 5.390799e+13 3.607146e+09 1.911244e+13 1.642946e+13 1.099340e+09 
300 607950 1.250000e+00 2.097763e+03 9.962817e-02 1.731400e-04 3.497842e-07 2.606165e-07 2.883801e-11 2.769909e+13 2.037419e+13 2.294987e+09 8.441904e+12 6.209502e+12 6.994465e+08 
300 607950 1.300000e+00 2.058572e+03 8.517839e-02 2.321100e-04 1.341008e-07 8.328627e-08 1.431993e-11 1.074300e+13 6.606959e+12 1.146248e+09 3.274196e+12 2.013644e+12 3.493472e+08 
300 607950 1.350000e+00 2.017907e+03 7.457857e-02 3.200300e-04 5.851722e-08 2.454532e-08 7.504983e-12 4.778646e+12 2.865857e+12 5.947076e+08 1.456419e+12 8.734512e+11 1.812529e+08 
300 607950 1.400000e+00 1.979597e+03 6.754334e-02 4.079400e-04 3.026911e-08 9.133818e-09 4.497253e-12 2.512686e+12 1.016761e+12 3.634723e+08 7.658122e+11 3.098890e+11 1.107785e+08 
300 607950 1.450000e+00 1.941746e+03 6.173744e-02 4.958600e-04 1.717527e-08 4.178110e-09 2.907205e-12 1.448253e+12 4.410446e+11 2.386829e+08 4.413983e+11 1.344227e+11 7.274581e+07 
300 607950 1.500000e+00 1.905516e+03 5.698395e-02 5.837800e-04 1.048605e-08 2.169096e-09 1.989227e-12 8.978355e+11 2.197245e+11 1.657146e+08 2.736434e+11 6.696856e+10 5.050677e+07 
300 607950 1.550000e+00 1.869845e+03 5.231015e-02 6.670500e-04 6.613293e-09 1.231946e-09 1.390398e-12 5.748817e+11 1.226389e+11 1.179350e+08 1.752136e+11 3.737854e+10 3.594454e+07 
300 607950 1.600000e+00 1.836360e+03 4.838711e-02 7.063500e-04 4.345425e-09 8.883614e-10 9.925543e-13 3.820768e+11 8.808308e+10 8.535883e+07 1.164504e+11 2.684654e+10 2.601598e+07 
300 607950 1.650000e+00 1.807420e+03 4.547931e-02 7.410100e-04 3.030129e-09 6.621796e-10 7.436497e-13 2.698764e+11 6.714549e+10 6.482373e+07 8.225400e+10 2.046512e+10 1.975728e+07 
300 607950 1.700000e+00 1.778220e+03 4.220785e-02 7.756700e-04 2.086967e-09 4.989521e-10 5.513455e-13 1.882191e+11 5.091979e+10 4.879455e+07 5.736629e+10 1.551977e+10 1.487187e+07 
300 607950 1.750000e+00 1.752247e+03 3.962623e-02 8.103200e-04 1.494460e-09 3.912769e-10 4.227611e-13 1.366603e+11 4.002014e+10 3.790630e+07 4.165213e+10 1.219771e+10 1.155332e+07 
300 607950 1.800000e+00 1.727829e+03 3.651752e-02 7.917200e-04 1.057721e-09 3.607994e-10 3.185717e-13 9.827354e+10 3.246893e+10 2.934739e+07 2.995238e+10 9.896187e+09 8.944686e+06 



300 911925 5.000000e-01 1.477148e+03 7.809948e-03 3.283600e-04 1.895433e-12 1.337546e-12 2.630935e-16 4.260663e+08 3.044276e+08 5.977346e+04 1.298452e+08 9.277537e+07 1.821616e+04 
300 911925 5.500000e-01 1.573815e+03 1.399609e-02 1.520200e-04 5.012489e-11 4.984809e-11 3.610709e-15 9.858620e+09 9.858620e+09 7.176252e+05 3.004542e+09 3.004542e+09 2.187053e+05 
300 911925 6.000000e-01 1.665053e+03 2.433456e-02 1.021300e-04 5.275527e-10 5.093723e-10 2.551623e-14 9.233452e+10 8.926575e+10 4.488881e+06 2.814090e+10 2.720564e+10 1.368080e+06 
300 911925 6.500000e-01 1.755239e+03 3.915978e-02 7.654000e-05 3.162752e-09 2.902832e-09 1.153377e-13 4.989156e+11 4.705996e+11 1.831115e+07 1.520585e+11 1.434286e+11 5.580833e+06 
300 911925 7.000000e-01 1.840885e+03 5.708315e-02 6.006000e-05 1.197831e-08 1.148619e-08 3.594371e-13 1.721188e+12 1.634027e+12 5.199280e+07 5.245915e+11 4.980264e+11 1.584657e+07 
300 911925 7.500000e-01 1.923046e+03 7.608406e-02 5.232000e-05 3.394407e-08 3.223617e-08 8.925044e-13 4.501021e+12 4.204110e+12 1.187797e+08 1.371866e+12 1.281372e+12 3.620280e+07 
300 911925 8.000000e-01 2.002900e+03 9.442122e-02 4.844000e-05 7.924960e-08 7.506358e-08 1.901767e-12 9.722869e+12 9.185176e+12 2.348989e+08 2.963480e+12 2.799598e+12 7.159585e+07 
300 911925 8.500000e-01 2.078169e+03 1.108690e-01 4.747000e-05 1.578858e-07 1.438819e-07 3.589602e-12 1.804866e+13 1.759042e+13 4.079994e+08 5.501220e+12 5.361555e+12 1.243578e+08 
300 911925 9.000000e-01 2.150372e+03 1.240746e-01 4.360000e-05 2.821968e-07 2.672560e-07 6.165556e-12 3.013671e+13 2.846061e+13 6.625705e+08 9.185773e+12 8.674904e+12 2.019535e+08 
300 911925 9.500000e-01 2.216038e+03 1.333808e-01 4.263000e-05 4.546736e-07 4.440573e-07 9.823944e-12 4.542610e+13 4.427008e+13 9.912911e+08 1.384620e+13 1.349386e+13 3.021523e+08 
300 911925 1.000000e+00 2.265558e+03 1.381882e-01 4.263000e-05 6.592183e-07 6.433258e-07 1.456738e-11 6.204615e+13 6.035248e+13 1.384249e+09 1.891234e+13 1.839612e+13 4.219338e+08 
300 911925 1.050000e+00 2.263451e+03 1.372382e-01 4.844000e-05 8.543689e-07 8.016855e-07 2.046486e-11 7.606289e+13 7.084265e+13 1.833458e+09 2.318509e+13 2.159392e+13 5.588642e+08 
300 911925 1.100000e+00 2.225438e+03 1.302217e-01 5.522000e-05 9.253307e-07 8.462536e-07 2.533864e-11 7.833354e+13 7.088450e+13 2.154440e+09 2.387751e+13 2.160695e+13 6.567126e+08 
300 911925 1.150000e+00 2.182633e+03 1.158522e-01 7.170000e-05 7.553504e-07 6.440528e-07 2.580596e-11 6.147662e+13 5.449344e+13 2.088546e+09 1.873943e+13 1.661084e+13 6.366343e+08 
300 911925 1.200000e+00 2.139692e+03 9.875110e-02 9.689000e-05 4.293154e-07 3.447169e-07 2.002902e-11 3.406170e+13 2.722913e+13 1.595514e+09 1.038286e+13 8.300141e+12 4.863525e+08 
300 911925 1.250000e+00 2.098854e+03 8.403910e-02 1.502700e-04 1.731725e-07 1.005145e-07 1.144179e-11 1.369402e+13 9.513687e+12 8.972987e+08 4.174316e+12 2.900042e+12 2.735212e+08 
300 911925 1.300000e+00 2.058491e+03 7.361122e-02 1.931100e-04 6.955147e-08 3.515923e-08 5.670327e-12 5.579068e+12 2.726976e+12 4.540915e+08 1.700664e+12 8.312654e+11 1.384203e+08 
300 911925 1.350000e+00 2.020135e+03 6.661179e-02 2.359400e-04 3.401500e-08 1.443878e-08 3.231106e-12 2.783180e+12 1.124925e+12 2.623117e+08 8.483985e+11 3.429131e+11 7.996065e+07 
300 911925 1.400000e+00 1.980179e+03 6.034333e-02 3.031000e-04 1.830159e-08 5.546480e-09 2.013950e-12 1.525300e+12 4.415956e+11 1.661486e+08 4.649597e+11 1.346131e+11 5.064736e+07 
300 911925 1.450000e+00 1.942955e+03 5.577452e-02 3.683200e-04 1.103421e-08 2.606740e-09 1.373097e-12 9.328900e+11 2.459690e+11 1.135376e+08 2.843751e+11 7.497985e+10 3.460998e+07 
300 911925 1.500000e+00 1.905170e+03 5.119771e-02 3.848900e-04 6.909433e-09 1.842687e-09 9.413730e-13 5.942423e+11 1.485805e+11 7.993723e+07 1.811448e+11 4.529260e+10 2.436755e+07 
300 911925 1.550000e+00 1.870122e+03 4.769514e-02 4.257900e-04 4.596031e-09 1.193071e-09 6.857700e-13 4.014244e+11 9.736949e+10 5.900740e+07 1.223678e+11 2.968176e+10 1.798748e+07 
300 911925 1.600000e+00 1.837008e+03 4.457787e-02 4.666800e-04 3.167569e-09 8.094023e-10 5.126907e-13 2.793103e+11 9.115085e+10 4.402443e+07 8.514344e+10 2.778615e+10 1.342019e+07 
300 911925 1.650000e+00 1.805846e+03 4.150104e-02 5.075800e-04 2.216466e-09 5.752609e-10 3.891395e-13 1.983599e+11 6.323709e+10 3.392776e+07 6.046705e+10 1.927704e+10 1.034239e+07 
300 911925 1.700000e+00 1.775076e+03 3.866019e-02 4.959500e-04 1.548486e-09 5.224952e-10 2.905277e-13 1.405530e+11 4.570454e+10 2.613808e+07 4.284555e+10 1.393248e+10 7.967829e+06 
300 911925 1.750000e+00 1.748279e+03 3.635042e-02 5.368500e-04 1.133742e-09 3.857335e-10 2.288962e-13 1.041367e+11 4.350867e+10 2.056088e+07 3.174465e+10 1.326311e+10 6.267707e+06 
300 911925 1.800000e+00 1.723452e+03 3.421897e-02 5.738600e-04 8.368101e-10 2.898992e-10 1.815623e-13 7.762632e+10 3.227158e+10 1.653197e+07 2.366333e+10 9.837632e+09 5.039555e+06 



300 1215900 5.000000e-01 1.477623e+03 6.879847e-03 3.650100e-04 5.998968e-13 4.262843e-13 1.005179e-16 1.349324e+08 9.239670e+07 2.310318e+04 4.112741e+07 2.816252e+07 7.041843e+03 
300 1215900 5.500000e-01 1.573825e+03 1.203481e-02 1.520900e-04 2.116780e-11 2.073526e-11 1.472291e-15 4.142217e+09 4.074947e+09 2.906233e+05 1.262578e+09 1.242073e+09 8.858398e+04 
300 1215900 6.000000e-01 1.666440e+03 2.035835e-02 8.822000e-05 2.821876e-10 2.728978e-10 1.199333e-14 4.902043e+10 4.831764e+10 2.103089e+06 1.494208e+10 1.472786e+10 6.410490e+05 
300 1215900 6.500000e-01 1.754504e+03 3.247868e-02 6.128000e-05 1.880044e-09 1.813250e-09 5.794001e-14 2.935034e+11 2.852193e+11 9.117323e+06 8.946533e+10 8.694019e+10 2.779128e+06 
300 1215900 7.000000e-01 1.840977e+03 4.791085e-02 5.278000e-05 8.091072e-09 7.444285e-09 2.029412e-13 1.149141e+12 1.104078e+12 2.866867e+07 3.502850e+11 3.365490e+11 8.738873e+06 
300 1215900 7.500000e-01 1.923471e+03 6.480518e-02 4.426000e-05 2.483342e-08 2.334502e-08 5.356463e-13 3.240942e+12 2.991138e+12 7.008704e+07 9.879281e+11 9.117820e+11 2.136444e+07 
300 1215900 8.000000e-01 2.003154e+03 8.147328e-02 3.746000e-05 6.092390e-08 5.882463e-08 1.176458e-12 7.345901e+12 7.079923e+12 1.427282e+08 2.239260e+12 2.158183e+12 4.350796e+07 
300 1215900 8.500000e-01 2.079212e+03 9.649356e-02 3.746000e-05 1.267115e-07 1.174626e-07 2.312167e-12 1.419348e+13 1.313829e+13 2.605776e+08 4.326662e+12 4.005010e+12 7.943297e+07 
300 1215900 9.000000e-01 2.152484e+03 1.086314e-01 3.490000e-05 2.318955e-07 2.241856e-07 4.066037e-12 2.426696e+13 2.302063e+13 4.269155e+08 7.397484e+12 7.017562e+12 1.301398e+08 
300 1215900 9.500000e-01 2.217104e+03 1.171556e-01 3.319000e-05 3.745371e-07 3.660322e-07 6.486825e-12 3.671100e+13 3.593005e+13 6.413344e+08 1.119100e+13 1.095294e+13 1.955045e+08 
300 1215900 1.000000e+00 2.268883e+03 1.211779e-01 3.746000e-05 5.419861e-07 5.017590e-07 9.821883e-12 5.007525e+13 4.930475e+13 9.005388e+08 1.526510e+13 1.503023e+13 2.745229e+08 
300 1215900 1.050000e+00 2.266245e+03 1.205626e-01 3.575000e-05 6.912720e-07 6.876422e-07 1.322140e-11 6.017862e+13 5.977973e+13 1.162757e+09 1.834522e+13 1.822363e+13 3.544617e+08 
300 1215900 1.100000e+00 2.226087e+03 1.135053e-01 4.512000e-05 7.081470e-07 6.592650e-07 1.603999e-11 5.882781e+13 5.442036e+13 1.339666e+09 1.793360e+13 1.659001e+13 4.083954e+08 
300 1215900 1.150000e+00 2.183930e+03 1.014347e-01 5.959000e-05 5.348034e-07 4.562793e-07 1.540430e-11 4.285163e+13 3.687915e+13 1.242099e+09 1.306339e+13 1.124268e+13 3.786556e+08 
300 1215900 1.200000e+00 2.140810e+03 8.739898e-02 8.682000e-05 2.757831e-07 2.040060e-07 1.108726e-11 2.167342e+13 1.599169e+13 8.758747e+08 6.607224e+12 4.875138e+12 2.670136e+08 
300 1215900 1.250000e+00 2.100209e+03 7.588605e-02 1.262300e-04 1.092437e-07 6.062169e-08 5.996589e-12 8.660204e+12 5.969539e+12 4.685993e+08 2.640110e+12 1.819851e+12 1.428550e+08 
300 1215900 1.300000e+00 2.059584e+03 6.760210e-02 1.593200e-04 4.657807e-08 2.255227e-08 3.086162e-12 3.762220e+12 1.750662e+12 2.474789e+08 1.146938e+12 5.337027e+11 7.544558e+07 
300 1215900 1.350000e+00 2.019448e+03 6.134995e-02 2.028900e-04 2.351681e-08 8.331001e-09 1.820971e-12 1.934343e+12 6.621212e+11 1.484389e+08 5.896989e+11 2.018535e+11 4.525273e+07 
300 1215900 1.400000e+00 1.982139e+03 5.662369e-02 2.464500e-04 1.374387e-08 3.796526e-09 1.205218e-12 1.145807e+12 3.912168e+11 9.785158e+07 3.493088e+11 1.192662e+11 2.983088e+07 
300 1215900 1.450000e+00 1.943567e+03 5.222183e-02 2.900100e-04 8.442890e-09 1.979978e-09 8.298011e-13 7.156875e+11 2.009352e+11 6.860096e+07 2.181838e+11 6.125721e+10 2.091363e+07 
300 1215900 1.500000e+00 1.905978e+03 4.831196e-02 3.075300e-04 5.461543e-09 1.389172e-09 5.877462e-13 4.706844e+11 1.444314e+11 4.947432e+07 1.434927e+11 4.403154e+10 1.508273e+07 
300 1215900 1.550000e+00 1.870832e+03 4.518130e-02 3.284700e-04 3.739303e-09 1.047153e-09 4.369214e-13 3.263004e+11 8.608680e+10 3.766809e+07 9.947597e+10 2.624459e+10 1.148351e+07 
300 1215900 1.600000e+00 1.835779e+03 4.193634e-02 3.459900e-04 2.571247e-09 7.867996e-10 3.250590e-13 2.277938e+11 6.582121e+10 2.847728e+07 6.944536e+10 2.006641e+10 8.681606e+06 
300 1215900 1.650000e+00 1.804933e+03 3.955172e-02 3.635100e-04 1.856386e-09 6.140520e-10 2.523319e-13 1.661036e+11 6.236064e+10 2.216556e+07 5.063852e+10 1.901143e+10 6.757421e+06 
300 1215900 1.700000e+00 1.774923e+03 3.716323e-02 3.810400e-04 1.343793e-09 4.894260e-10 1.968002e-13 1.221705e+11 4.191873e+10 1.769086e+07 3.724506e+10 1.277948e+10 5.393263e+06 
300 1215900 1.750000e+00 1.747603e+03 3.498466e-02 3.951500e-04 9.889749e-10 3.875646e-10 1.551491e-13 9.082686e+10 3.444597e+10 1.414747e+07 2.768963e+10 1.050132e+10 4.313025e+06 
300 1215900 1.800000e+00 1.721035e+03 3.260066e-02 4.370200e-04 7.267195e-10 2.764480e-10 1.235577e-13 6.776876e+10 3.315985e+10 1.124808e+07 2.066011e+10 1.010923e+10 3.429113e+06 



500 101325 5.000000e-01 1.637224e+03 1.860790e-01 4.375000e-04 5.388368e-09 4.871410e-09 1.165604e-12 1.144377e+12 1.044871e+12 2.499132e+08 3.470992e+11 3.169244e+11 7.579879e+07 
500 101325 5.500000e-01 1.732724e+03 2.696252e-01 3.645800e-04 1.776825e-08 1.696606e-08 3.229488e-12 3.434382e+12 3.215641e+12 6.307149e+08 1.041936e+12 9.755978e+11 1.913434e+08 
500 101325 6.000000e-01 1.819047e+03 3.588590e-01 3.208300e-04 4.660335e-08 4.411744e-08 7.448027e-12 8.251011e+12 7.780368e+12 1.340032e+09 2.503784e+12 2.361033e+12 4.066227e+08 
500 101325 6.500000e-01 1.904901e+03 4.477226e-01 2.916700e-04 1.049694e-07 1.008945e-07 1.517953e-11 1.715024e+13 1.639374e+13 2.522959e+09 5.205308e+12 4.975818e+12 7.657206e+08 
500 101325 7.000000e-01 1.985802e+03 5.336131e-01 2.770800e-04 2.094118e-07 1.969670e-07 2.815307e-11 3.170263e+13 2.960781e+13 4.338258e+09 9.623858e+12 8.988154e+12 1.316893e+09 
500 101325 7.500000e-01 2.062575e+03 6.128918e-01 2.552100e-04 3.829605e-07 3.618355e-07 4.829504e-11 5.373256e+13 5.076360e+13 6.929345e+09 1.631398e+13 1.541287e+13 2.103751e+09 
500 101325 8.000000e-01 2.133016e+03 6.817240e-01 2.333300e-04 6.520221e-07 6.413337e-07 7.803192e-11 8.533235e+13 8.355975e+13 1.046479e+10 2.591155e+13 2.537376e+13 3.177554e+09 
500 101325 8.500000e-01 2.197305e+03 7.460596e-01 2.333300e-04 1.046731e-06 9.903237e-07 1.217866e-10 1.279477e+14 1.237951e+14 1.533598e+10 3.885687e+13 3.759665e+13 4.657252e+09 
500 101325 9.000000e-01 2.252762e+03 7.981866e-01 2.041600e-04 1.599955e-06 1.598790e-06 1.793538e-10 1.839992e+14 1.839979e+14 2.124485e+10 5.588638e+13 5.588598e+13 6.452440e+09 
500 101325 9.500000e-01 2.297038e+03 8.360158e-01 2.041600e-04 2.333591e-06 2.332875e-06 2.602381e-10 2.524424e+14 2.524405e+14 2.899893e+10 7.668309e+13 7.668251e+13 8.808466e+09 
500 101325 1.000000e+00 2.329870e+03 8.675518e-01 2.041600e-04 3.305681e-06 3.305681e-06 3.667961e-10 3.356012e+14 3.347780e+14 3.839987e+10 1.019538e+14 1.017044e+14 1.166525e+10 
500 101325 1.050000e+00 2.341036e+03 8.760109e-01 2.260400e-04 4.424440e-06 4.262932e-06 5.115783e-10 4.247741e+14 4.166400e+14 5.069163e+10 1.290566e+14 1.265872e+14 1.540081e+10 
500 101325 1.100000e+00 2.330424e+03 8.639172e-01 2.187500e-04 5.603456e-06 5.593791e-06 6.663464e-10 5.122651e+14 5.087536e+14 6.250043e+10 1.556530e+14 1.545867e+14 1.899024e+10 
500 101325 1.150000e+00 2.304800e+03 8.379697e-01 2.406300e-04 6.798776e-06 6.737856e-06 8.612811e-10 5.912776e+14 5.862666e+14 7.676074e+10 1.796765e+14 1.781552e+14 2.332520e+10 
500 101325 1.200000e+00 2.269072e+03 7.887447e-01 2.843700e-04 7.661418e-06 7.163505e-06 1.075907e-09 6.363617e+14 5.951460e+14 9.132053e+10 1.933929e+14 1.808704e+14 2.775195e+10 
500 101325 1.250000e+00 2.230730e+03 7.161662e-01 3.281200e-04 7.836898e-06 7.203542e-06 1.254411e-09 6.246292e+14 5.738146e+14 1.020015e+11 1.898427e+14 1.744018e+14 3.100049e+10 
500 101325 1.300000e+00 2.193225e+03 6.260695e-01 3.572900e-04 7.032230e-06 6.597802e-06 1.326343e-09 5.428953e+14 5.150194e+14 1.043539e+11 1.650140e+14 1.565431e+14 3.171795e+10 
500 101325 1.350000e+00 2.155319e+03 5.266089e-01 5.031300e-04 5.306989e-06 4.254711e-06 1.300166e-09 3.985317e+14 3.230086e+14 9.898050e+10 1.211438e+14 9.818835e+13 3.008712e+10 
500 101325 1.400000e+00 2.114269e+03 4.226822e-01 7.175800e-04 3.062882e-06 2.150643e-06 1.048166e-09 2.271094e+14 1.586758e+14 7.819487e+10 6.904009e+13 4.823769e+13 2.377057e+10 
500 101325 1.450000e+00 2.078099e+03 3.480381e-01 1.058980e-03 1.533455e-06 7.607602e-07 7.064590e-10 1.140617e+14 5.514609e+13 5.241689e+10 3.467564e+13 1.676544e+13 1.593514e+10 
500 101325 1.500000e+00 2.042472e+03 2.988565e-01 1.222390e-03 8.108331e-07 4.000493e-07 4.286452e-10 6.115059e+13 2.911965e+13 3.216159e+10 1.859079e+13 8.853212e+12 9.777668e+09 
500 101325 1.550000e+00 2.007149e+03 2.644306e-01 1.563800e-03 4.625806e-07 1.526799e-07 2.756478e-10 3.540941e+13 1.579829e+13 2.058006e+10 1.076533e+13 4.803269e+12 6.256842e+09 
500 101325 1.600000e+00 1.973384e+03 2.374067e-01 1.727220e-03 2.792131e-07 8.873510e-08 1.811373e-10 2.170769e+13 9.037343e+12 1.373949e+10 6.599780e+12 2.747749e+12 4.177222e+09 
500 101325 1.650000e+00 1.941126e+03 2.164413e-01 1.890620e-03 1.744534e-07 5.392596e-08 1.226943e-10 1.377096e+13 4.020862e+12 9.584403e+09 4.186860e+12 1.222552e+12 2.914014e+09 
500 101325 1.700000e+00 1.910713e+03 1.977453e-01 2.246610e-03 1.111885e-07 2.701163e-08 8.574548e-11 8.922247e+12 2.580037e+12 6.702642e+09 2.712707e+12 7.844798e+11 2.037883e+09 
500 101325 1.750000e+00 1.882642e+03 1.826223e-01 2.588020e-03 7.348393e-08 1.470892e-08 6.138918e-11 5.957314e+12 1.371538e+12 4.872480e+09 1.811293e+12 4.170352e+11 1.481462e+09 
500 101325 1.800000e+00 1.855753e+03 1.686247e-01 2.736850e-03 4.822871e-08 9.831354e-09 4.322333e-11 3.988482e+12 9.313133e+11 3.483981e+09 1.212685e+12 2.831829e+11 1.059307e+09 



500 303975 5.000000e-01 1.637397e+03 9.260329e-02 1.998800e-04 1.574076e-09 1.483808e-09 1.532438e-13 3.159904e+11 2.935466e+11 3.084468e+07 9.618587e+10 8.935445e+10 9.388918e+06 
500 303975 5.500000e-01 1.729404e+03 1.485827e-01 1.578100e-04 6.898712e-09 6.382136e-09 5.390587e-13 1.251573e+12 1.171534e+12 9.873784e+07 3.810046e+11 3.566411e+11 3.005768e+07 
500 303975 6.000000e-01 1.818751e+03 2.103653e-01 1.367700e-04 2.182818e-08 1.998154e-08 1.451855e-12 3.622629e+12 3.305442e+12 2.430282e+08 1.102883e+12 1.006325e+12 7.398770e+07 
500 303975 6.500000e-01 1.904687e+03 2.739621e-01 1.157300e-04 5.524511e-08 5.243680e-08 3.235733e-12 8.427145e+12 7.978976e+12 4.994463e+08 2.565752e+12 2.429313e+12 1.520615e+08 
500 303975 7.000000e-01 1.986826e+03 3.366074e-01 1.078300e-04 1.197390e-07 1.128584e-07 6.429016e-12 1.691223e+13 1.592167e+13 9.186572e+08 5.149433e+12 4.847861e+12 2.797104e+08 
500 303975 7.500000e-01 2.065912e+03 3.958228e-01 9.468000e-05 2.340231e-07 2.302690e-07 1.159936e-11 3.072217e+13 3.007802e+13 1.542804e+09 9.354769e+12 9.158663e+12 4.697729e+08 
500 303975 8.000000e-01 2.139318e+03 4.502390e-01 8.942000e-05 4.183751e-07 4.135497e-07 1.962557e-11 5.107651e+13 5.036876e+13 2.437678e+09 1.555328e+13 1.533783e+13 7.422900e+08 
500 303975 8.500000e-01 2.207354e+03 4.978031e-01 9.205000e-05 6.932719e-07 6.554485e-07 3.175224e-11 7.920434e+13 7.496943e+13 3.687452e+09 2.411956e+13 2.283006e+13 1.122903e+09 
500 303975 9.000000e-01 2.268575e+03 5.363028e-01 8.416000e-05 1.085580e-06 1.080035e-06 4.810468e-11 1.164187e+14 1.154350e+14 5.254011e+09 3.545359e+13 3.515407e+13 1.600015e+09 
500 303975 9.500000e-01 2.320290e+03 5.656369e-01 8.416000e-05 1.617176e-06 1.596462e-06 7.113910e-11 1.629239e+14 1.605142e+14 7.312861e+09 4.961777e+13 4.888413e+13 2.227082e+09 
500 303975 1.000000e+00 2.356032e+03 5.832161e-01 8.416000e-05 2.277726e-06 2.267593e-06 1.010594e-10 2.168834e+14 2.151418e+14 9.806997e+09 6.605333e+13 6.552298e+13 2.986758e+09 
500 303975 1.050000e+00 2.365931e+03 5.866672e-01 9.205000e-05 3.028117e-06 2.913656e-06 1.405281e-10 2.732928e+14 2.626641e+14 1.287973e+10 8.323585e+13 7.999911e+13 3.922704e+09 
500 303975 1.100000e+00 2.348324e+03 5.770007e-01 9.731000e-05 3.799775e-06 3.554641e-06 1.857542e-10 3.248218e+14 3.038943e+14 1.614750e+10 9.893293e+13 9.255950e+13 4.918109e+09 
500 303975 1.150000e+00 2.315148e+03 5.492954e-01 1.025700e-04 4.362603e-06 4.191291e-06 2.319517e-10 3.553669e+14 3.412898e+14 1.920692e+10 1.082397e+14 1.039524e+14 5.850110e+09 
500 303975 1.200000e+00 2.275500e+03 5.002083e-01 1.262500e-04 4.429018e-06 3.909428e-06 2.724455e-10 3.459398e+14 3.300247e+14 2.132025e+10 1.053714e+14 1.005242e+14 6.493994e+09 
500 303975 1.250000e+00 2.236319e+03 4.387108e-01 1.578100e-04 3.818508e-06 3.123242e-06 2.871265e-10 2.883134e+14 2.763524e+14 2.145095e+10 8.782121e+13 8.417812e+13 6.533994e+09 
500 303975 1.300000e+00 2.194805e+03 3.659381e-01 2.077800e-04 2.577338e-06 2.004852e-06 2.553189e-10 1.896593e+14 1.450854e+14 1.891056e+10 5.777226e+13 4.419492e+13 5.760342e+09 
500 303975 1.350000e+00 2.156196e+03 3.010846e-01 2.945700e-04 1.349666e-06 8.661920e-07 1.848063e-10 9.843385e+13 6.231559e+13 1.349181e+10 2.998465e+13 1.898258e+13 4.109829e+09 
500 303975 1.400000e+00 2.119177e+03 2.563962e-01 4.050400e-04 6.365441e-07 3.096914e-07 1.109410e-10 4.671620e+13 2.201407e+13 8.107052e+09 1.423076e+13 6.706053e+12 2.469585e+09 
500 303975 1.450000e+00 2.080816e+03 2.246637e-01 4.911900e-04 3.257541e-07 1.386864e-07 6.569980e-11 2.427849e+13 9.927549e+12 4.862663e+09 7.395835e+12 3.024224e+12 1.481289e+09 
500 303975 1.500000e+00 2.043679e+03 2.022468e-01 5.773400e-04 1.822352e-07 6.808571e-08 4.147555e-11 1.382265e+13 4.897349e+12 3.110823e+09 4.210758e+12 1.491893e+12 9.476438e+08 
500 303975 1.550000e+00 2.007095e+03 1.842753e-01 7.601600e-04 1.087618e-07 2.590920e-08 2.818505e-11 8.359855e+12 1.860077e+12 2.138318e+09 2.546660e+12 5.666469e+11 6.513973e+08 
500 303975 1.600000e+00 1.972174e+03 1.699650e-01 9.377200e-04 6.844550e-08 1.211902e-08 1.992409e-11 5.333209e+12 1.155744e+12 1.503419e+09 1.624668e+12 3.520848e+11 4.579913e+08 
500 303975 1.650000e+00 1.938351e+03 1.573374e-01 1.120540e-03 4.454410e-08 6.532564e-09 1.439162e-11 3.527223e+12 5.885788e+11 1.101618e+09 1.074512e+12 1.793057e+11 3.355919e+08 
500 303975 1.700000e+00 1.906633e+03 1.463473e-01 1.292830e-03 2.991856e-08 3.800868e-09 1.056961e-11 2.399272e+12 3.978651e+11 8.085079e+08 7.309028e+11 1.212072e+11 2.463017e+08 
500 303975 1.750000e+00 1.877040e+03 1.360601e-01 1.282310e-03 2.054325e-08 3.131163e-09 7.690210e-12 1.672220e+12 2.755033e+11 6.056041e+08 5.094200e+11 8.393087e+10 1.844905e+08 
500 303975 1.800000e+00 1.848562e+03 1.258026e-01 1.465130e-03 1.422644e-08 1.939538e-09 5.770670e-12 1.176272e+12 2.006829e+11 4.564643e+08 3.583366e+11 6.113737e+10 1.390571e+08 



500 607950 5.000000e-01 1.637369e+03 5.536165e-02 1.366800e-04 4.769841e-10 4.449087e-10 3.082615e-14 9.291080e+10 9.033999e+10 5.966208e+06 2.830692e+10 2.752370e+10 1.817707e+06 
500 607950 5.500000e-01 1.729907e+03 9.379632e-02 9.700000e-05 2.858248e-09 2.691458e-09 1.384983e-13 4.990445e+11 4.727736e+11 2.437364e+07 1.520492e+11 1.440452e+11 7.426157e+06 
500 607950 6.000000e-01 1.819637e+03 1.401836e-01 7.496000e-05 1.105551e-08 1.080303e-08 4.365961e-13 1.759055e+12 1.719820e+12 6.996457e+07 5.359696e+11 5.240158e+11 2.131757e+07 
500 607950 6.500000e-01 1.905270e+03 1.899817e-01 6.834000e-05 3.202001e-08 2.964785e-08 1.104648e-12 4.657813e+12 4.365735e+12 1.623391e+08 1.419244e+12 1.330250e+12 4.946485e+07 
500 607950 7.000000e-01 1.987230e+03 2.404032e-01 6.393000e-05 7.612895e-08 7.146828e-08 2.383140e-12 1.026396e+13 9.379493e+12 3.219747e+08 3.127532e+12 2.858037e+12 9.810868e+07 
500 607950 7.500000e-01 2.066041e+03 2.888827e-01 5.291000e-05 1.577887e-07 1.567984e-07 4.449353e-12 1.966680e+13 1.947030e+13 5.607014e+08 5.992825e+12 5.932956e+12 1.708552e+08 
500 607950 8.000000e-01 2.140662e+03 3.330422e-01 4.850000e-05 2.944418e-07 2.944418e-07 7.778065e-12 3.421921e+13 3.411082e+13 9.149420e+08 1.042745e+13 1.039442e+13 2.788046e+08 
500 607950 8.500000e-01 2.210674e+03 3.714654e-01 5.070000e-05 5.039621e-07 4.837810e-07 1.305334e-11 5.470520e+13 5.298791e+13 1.436874e+09 1.667040e+13 1.614712e+13 4.378589e+08 
500 607950 9.000000e-01 2.274447e+03 4.031931e-01 4.849000e-05 8.026406e-07 7.900370e-07 2.026980e-11 8.176032e+13 8.003499e+13 2.090627e+09 2.491544e+13 2.438970e+13 6.370901e+08 
500 607950 9.500000e-01 2.329236e+03 4.261162e-01 4.960000e-05 1.198864e-06 1.171085e-06 3.031615e-11 1.150614e+14 1.118511e+14 2.942330e+09 3.506417e+13 3.408591e+13 8.966512e+08 
500 607950 1.000000e+00 2.368623e+03 4.390237e-01 4.960000e-05 1.690013e-06 1.663582e-06 4.324413e-11 1.528977e+14 1.500933e+14 3.963591e+09 4.659528e+13 4.574075e+13 1.207893e+09 
500 607950 1.050000e+00 2.378597e+03 4.406915e-01 5.180000e-05 2.222915e-06 2.143663e-06 5.928202e-11 1.904290e+14 1.849271e+14 5.153544e+09 5.803384e+13 5.635725e+13 1.570555e+09 
500 607950 1.100000e+00 2.354773e+03 4.280803e-01 5.842000e-05 2.684935e-06 2.529703e-06 7.764828e-11 2.185988e+14 2.043597e+14 6.391307e+09 6.661979e+13 6.228049e+13 1.947798e+09 
500 607950 1.150000e+00 2.316917e+03 4.003626e-01 6.283000e-05 2.867507e-06 2.744940e-06 9.286826e-11 2.226629e+14 2.116824e+14 7.302745e+09 6.785945e+13 6.451314e+13 2.225601e+09 
500 607950 1.200000e+00 2.275689e+03 3.567502e-01 7.495000e-05 2.557874e-06 2.429720e-06 9.911957e-11 1.916812e+14 1.779541e+14 7.482193e+09 5.841820e+13 5.423481e+13 2.280326e+09 
500 607950 1.250000e+00 2.235065e+03 3.079592e-01 1.014100e-04 1.824234e-06 1.515131e-06 9.145011e-11 1.329233e+14 1.098252e+14 6.710195e+09 4.051129e+13 3.347175e+13 2.045075e+09 
500 607950 1.300000e+00 2.194874e+03 2.589993e-01 1.454900e-04 9.801424e-07 6.869692e-07 6.775793e-11 7.023866e+13 4.850931e+13 4.883575e+09 2.140703e+13 1.478451e+13 1.488392e+09 
500 607950 1.350000e+00 2.156032e+03 2.221933e-01 1.917900e-04 4.438480e-07 2.808055e-07 3.959462e-11 3.208058e+13 1.966862e+13 2.858364e+09 9.777447e+12 5.994600e+12 8.711661e+08 
500 607950 1.400000e+00 2.118113e+03 1.984334e-01 2.557200e-04 2.222047e-07 9.995325e-08 2.367774e-11 1.626494e+13 7.114833e+12 1.724614e+09 4.957227e+12 2.168477e+12 5.256282e+08 
500 607950 1.450000e+00 2.083212e+03 1.796979e-01 3.527200e-04 1.262595e-07 3.204292e-08 1.570862e-11 9.408642e+12 2.991384e+12 1.140904e+09 2.867576e+12 9.117262e+11 3.477266e+08 
500 607950 1.500000e+00 2.046561e+03 1.644563e-01 4.451300e-04 7.602843e-08 1.456372e-08 1.080914e-11 5.766358e+12 1.383585e+12 7.930845e+08 1.757483e+12 4.216967e+11 2.417185e+08 
500 607950 1.550000e+00 2.009992e+03 1.515977e-01 5.375500e-04 4.791773e-08 7.701398e-09 7.672733e-12 3.680750e+12 6.826809e+11 5.715671e+08 1.121832e+12 2.080724e+11 1.742045e+08 
500 607950 1.600000e+00 1.974259e+03 1.398776e-01 6.255600e-04 3.133357e-08 4.417643e-09 5.573444e-12 2.463315e+12 4.688219e+11 4.160603e+08 7.507789e+11 1.428914e+11 1.268089e+08 
500 607950 1.650000e+00 1.939571e+03 1.304040e-01 6.211500e-04 2.130063e-08 3.679727e-09 4.025091e-12 1.693985e+12 2.698370e+11 3.139190e+08 5.163012e+11 8.224345e+10 9.567809e+07 
500 607950 1.700000e+00 1.906947e+03 1.217663e-01 7.091700e-04 1.496675e-08 2.210731e-09 3.061423e-12 1.205467e+12 2.247639e+11 2.356669e+08 3.674088e+11 6.850583e+10 7.182812e+07 
500 607950 1.750000e+00 1.875520e+03 1.139536e-01 7.003500e-04 1.063807e-08 1.871993e-09 2.292238e-12 8.700174e+11 1.434658e+11 1.840921e+08 2.651693e+11 4.372711e+10 5.610895e+07 
500 607950 1.800000e+00 1.845186e+03 1.061038e-01 6.871200e-04 7.611011e-09 1.542300e-09 1.716697e-12 6.317414e+11 1.222538e+11 1.403548e+08 1.925464e+11 3.726195e+10 4.277844e+07 



500 911925 5.000000e-01 1.637496e+03 4.207919e-02 1.085600e-04 1.995640e-10 1.984907e-10 1.054553e-14 3.832373e+10 3.802761e+10 2.036465e+06 1.167948e+10 1.158924e+10 6.206291e+05 
500 911925 5.500000e-01 1.729551e+03 7.094492e-02 7.841000e-05 1.453715e-09 1.381137e-09 5.559162e-14 2.494776e+11 2.344952e+11 9.580085e+06 7.603259e+10 7.146653e+10 2.919692e+06 
500 911925 6.000000e-01 1.818945e+03 1.086080e-01 6.433000e-05 6.608981e-09 6.070373e-09 2.025928e-13 1.029171e+12 9.850623e+11 3.132775e+07 3.136651e+11 3.002224e+11 9.547890e+06 
500 911925 6.500000e-01 1.905478e+03 1.510935e-01 5.126000e-05 2.137612e-08 2.029147e-08 5.499519e-13 3.034771e+12 2.886983e+12 7.861684e+07 9.249413e+11 8.798996e+11 2.396089e+07 
500 911925 7.000000e-01 1.988414e+03 1.952313e-01 4.624000e-05 5.490414e-08 5.181033e-08 1.256393e-12 7.166926e+12 6.755866e+12 1.654233e+08 2.184385e+12 2.059104e+12 5.041879e+07 
500 911925 7.500000e-01 2.068656e+03 2.377072e-01 4.021000e-05 1.203462e-07 1.159657e-07 2.503377e-12 1.456550e+13 1.400030e+13 3.056973e+08 4.439449e+12 4.267188e+12 9.317397e+07 
500 911925 8.000000e-01 2.144272e+03 2.770222e-01 4.021000e-05 2.315976e-07 2.112397e-07 4.569567e-12 2.610849e+13 2.562891e+13 5.111372e+08 7.957784e+12 7.811620e+12 1.557927e+08 
500 911925 8.500000e-01 2.215809e+03 3.116147e-01 3.920000e-05 4.062850e-07 3.721348e-07 7.705014e-12 4.279724e+13 4.227040e+13 8.057462e+08 1.304465e+13 1.288408e+13 2.455918e+08 
500 911925 9.000000e-01 2.281268e+03 3.389985e-01 3.719000e-05 6.570908e-07 6.303017e-07 1.214107e-11 6.495675e+13 6.076755e+13 1.206533e+09 1.979915e+13 1.852230e+13 3.677566e+08 
500 911925 9.500000e-01 2.338137e+03 3.586130e-01 3.719000e-05 9.896635e-07 9.129033e-07 1.826315e-11 9.209536e+13 8.470068e+13 1.713192e+09 2.807147e+13 2.581757e+13 5.221950e+08 
500 911925 1.000000e+00 2.379924e+03 3.697145e-01 3.317000e-05 1.392746e-06 1.383800e-06 2.547382e-11 1.221442e+14 1.215143e+14 2.264088e+09 3.723103e+13 3.703907e+13 6.901205e+08 
500 911925 1.050000e+00 2.387360e+03 3.694509e-01 4.021000e-05 1.799825e-06 1.646354e-06 3.558400e-11 1.496751e+14 1.468233e+14 2.941546e+09 4.562332e+13 4.475409e+13 8.966279e+08 
500 911925 1.100000e+00 2.360275e+03 3.575512e-01 3.820000e-05 2.103872e-06 2.097724e-06 4.414431e-11 1.662421e+14 1.652606e+14 3.532079e+09 5.067377e+13 5.037461e+13 1.076643e+09 
500 911925 1.150000e+00 2.320771e+03 3.318798e-01 5.127000e-05 2.102674e-06 1.900176e-06 5.234916e-11 1.591763e+14 1.428326e+14 3.996836e+09 4.852046e+13 4.353865e+13 1.218323e+09 
500 911925 1.200000e+00 2.279538e+03 2.943439e-01 6.232000e-05 1.710519e-06 1.488468e-06 5.235834e-11 1.254324e+14 1.077869e+14 3.862335e+09 3.823496e+13 3.285624e+13 1.177336e+09 
500 911925 1.250000e+00 2.238750e+03 2.532005e-01 8.846000e-05 1.073030e-06 7.691810e-07 4.372770e-11 7.686858e+13 6.423228e+13 3.113311e+09 2.343169e+13 1.957984e+13 9.490232e+08 
500 911925 1.300000e+00 2.199010e+03 2.180615e-01 1.226400e-04 5.264573e-07 3.155297e-07 2.904993e-11 3.765686e+13 2.210880e+13 2.075984e+09 1.147894e+13 6.739452e+12 6.328220e+08 
500 911925 1.350000e+00 2.159568e+03 1.922233e-01 1.507900e-04 2.464992e-07 1.391805e-07 1.669083e-11 1.787777e+13 9.733110e+12 1.203065e+09 5.449707e+12 2.966972e+12 3.667320e+08 
500 911925 1.400000e+00 2.120596e+03 1.743011e-01 2.111100e-04 1.301672e-07 4.400412e-08 1.050642e-11 9.593250e+12 3.148912e+12 7.660683e+08 2.924335e+12 9.598972e+11 2.335227e+08 
500 911925 1.450000e+00 2.082944e+03 1.601268e-01 2.714200e-04 7.636111e-08 1.821063e-08 7.089828e-12 5.714386e+12 1.758976e+12 5.128269e+08 1.741936e+12 5.361989e+11 1.563270e+08 
500 911925 1.500000e+00 2.047072e+03 1.475368e-01 3.317400e-04 4.799510e-08 9.098412e-09 5.045402e-12 3.648113e+12 6.386443e+11 3.768636e+08 1.112069e+12 1.946823e+11 1.148811e+08 
500 911925 1.550000e+00 2.010708e+03 1.369512e-01 3.741500e-04 3.152135e-08 5.502645e-09 3.655919e-12 2.433437e+12 3.940010e+11 2.771222e+08 7.417967e+11 1.201064e+11 8.447668e+07 
500 911925 1.600000e+00 1.975900e+03 1.275645e-01 4.185800e-04 2.164693e-08 3.518489e-09 2.729450e-12 1.699629e+12 2.556672e+11 2.099474e+08 5.181070e+11 7.793721e+10 6.399955e+07 
500 911925 1.650000e+00 1.940706e+03 1.190517e-01 4.630100e-04 1.511078e-08 2.325877e-09 2.052594e-12 1.203004e+12 2.175046e+11 1.572604e+08 3.667188e+11 6.630391e+10 4.793871e+07 
500 911925 1.700000e+00 1.906330e+03 1.110433e-01 4.589900e-04 1.072405e-08 1.962169e-09 1.533309e-12 8.671622e+11 1.469612e+11 1.217372e+08 2.643426e+11 4.479960e+10 3.711002e+07 
500 911925 1.750000e+00 1.874532e+03 1.038095e-01 4.994100e-04 7.768840e-09 1.342748e-09 1.192997e-12 6.401504e+11 1.323489e+11 9.478870e+07 1.951413e+11 4.034524e+10 2.889514e+07 
500 911925 1.800000e+00 1.843878e+03 9.749831e-02 4.953900e-04 5.734155e-09 1.182354e-09 9.193760e-13 4.758770e+11 1.187748e+11 7.412661e+07 1.450650e+11 3.620734e+10 2.259658e+07 



500 1215900 5.000000e-01 1.636988e+03 3.558030e-02 9.843000e-05 9.821438e-11 9.774845e-11 4.690425e-15 1.874118e+10 1.874083e+10 9.052456e+05 5.712386e+09 5.712280e+09 2.759221e+05 
500 1215900 5.500000e-01 1.728588e+03 5.891301e-02 6.625000e-05 8.378815e-10 8.095711e-10 2.752039e-14 1.421012e+11 1.392388e+11 4.714090e+06 4.331393e+10 4.244148e+10 1.436902e+06 
500 1215900 6.000000e-01 1.819636e+03 9.086379e-02 5.300000e-05 4.384646e-09 4.040751e-09 1.115034e-13 6.714928e+11 6.090831e+11 1.714762e+07 2.046818e+11 1.856585e+11 5.226865e+06 
500 1215900 6.500000e-01 1.905697e+03 1.282873e-01 4.164000e-05 1.536967e-08 1.499416e-08 3.231707e-13 2.144082e+12 2.069107e+12 4.534634e+07 6.535615e+11 6.307077e+11 1.382250e+07 
500 1215900 7.000000e-01 1.990187e+03 1.680788e-01 3.691000e-05 4.244977e-08 4.099594e-08 7.849070e-13 5.456216e+12 5.176213e+12 1.011881e+08 1.663193e+12 1.577843e+12 3.084465e+07 
500 1215900 7.500000e-01 2.069589e+03 2.069148e-01 3.502000e-05 9.609195e-08 8.750528e-08 1.627670e-12 1.142346e+13 1.130465e+13 1.912900e+08 3.482204e+12 3.445991e+12 5.831072e+07 
500 1215900 8.000000e-01 2.145480e+03 2.433329e-01 3.123000e-05 1.912022e-07 1.812345e-07 3.007316e-12 2.112695e+13 2.009770e+13 3.347448e+08 6.440186e+12 6.126446e+12 1.020411e+08 
500 1215900 8.500000e-01 2.217980e+03 2.746997e-01 3.029000e-05 3.437420e-07 3.286783e-07 5.172764e-12 3.537422e+13 3.309469e+13 5.359643e+08 1.078334e+13 1.008847e+13 1.633810e+08 
500 1215900 9.000000e-01 2.284824e+03 2.998460e-01 2.744000e-05 5.625437e-07 5.484772e-07 8.181464e-12 5.432922e+13 5.323525e+13 7.991575e+08 1.656166e+13 1.622819e+13 2.436140e+08 
500 1215900 9.500000e-01 2.343489e+03 3.175716e-01 2.839000e-05 8.490700e-07 8.192198e-07 1.243229e-11 7.729404e+13 7.438742e+13 1.142142e+09 2.356244e+13 2.267641e+13 3.481720e+08 
500 1215900 1.000000e+00 2.385819e+03 3.265363e-01 2.839000e-05 1.184162e-06 1.156145e-06 1.771620e-11 1.019507e+14 9.904833e+13 1.537580e+09 3.107909e+13 3.019435e+13 4.687218e+08 
500 1215900 1.050000e+00 2.391966e+03 3.260246e-01 3.123000e-05 1.519706e-06 1.434005e-06 2.415688e-11 1.236135e+14 1.168533e+14 1.983663e+09 3.768320e+13 3.562240e+13 6.047128e+08 
500 1215900 1.100000e+00 2.362711e+03 3.146319e-01 3.691000e-05 1.725772e-06 1.514996e-06 3.056971e-11 1.337985e+14 1.295495e+14 2.351900e+09 4.078840e+13 3.949311e+13 7.169744e+08 
500 1215900 1.150000e+00 2.323193e+03 2.910937e-01 4.164000e-05 1.645343e-06 1.478603e-06 3.385239e-11 1.223115e+14 1.092825e+14 2.536970e+09 3.728687e+13 3.331503e+13 7.733994e+08 
500 1215900 1.200000e+00 2.281644e+03 2.587908e-01 5.301000e-05 1.245173e-06 1.056457e-06 3.211105e-11 8.971755e+13 7.547455e+13 2.334383e+09 2.735074e+13 2.300876e+13 7.116455e+08 
500 1215900 1.250000e+00 2.240529e+03 2.247283e-01 7.098000e-05 7.230574e-07 5.571883e-07 2.486488e-11 5.141119e+13 3.970354e+13 1.778329e+09 1.567300e+13 1.210388e+13 5.421336e+08 
500 1215900 1.300000e+00 2.200167e+03 1.957607e-01 1.041100e-04 3.412682e-07 1.874674e-07 1.567594e-11 2.437759e+13 1.310501e+13 1.118379e+09 7.431684e+12 3.995170e+12 3.409459e+08 
500 1215900 1.350000e+00 2.161385e+03 1.761951e-01 1.173600e-04 1.689018e-07 1.030692e-07 9.188122e-12 1.227112e+13 7.255553e+12 6.631470e+08 3.740952e+12 2.211923e+12 2.021659e+08 
500 1215900 1.400000e+00 2.122628e+03 1.612949e-01 1.760400e-04 9.363961e-08 2.962331e-08 6.091981e-12 6.886806e+12 2.060943e+12 4.439259e+08 2.099506e+12 6.283005e+11 1.353349e+08 
500 1215900 1.450000e+00 2.084144e+03 1.490409e-01 2.328200e-04 5.648472e-08 1.123507e-08 4.237018e-12 4.232675e+12 1.110711e+12 3.055159e+08 1.290372e+12 3.386130e+11 9.313959e+07 
500 1215900 1.500000e+00 2.047289e+03 1.380812e-01 2.612200e-04 3.625306e-08 7.206336e-09 3.022607e-12 2.769350e+12 5.057919e+11 2.261247e+08 8.442650e+11 1.541969e+11 6.893653e+07 
500 1215900 1.550000e+00 2.010533e+03 1.278469e-01 3.180000e-04 2.415916e-08 3.725413e-09 2.240968e-12 1.877739e+12 3.306145e+11 1.673642e+08 5.724490e+11 1.007921e+11 5.102284e+07 
500 1215900 1.600000e+00 1.975296e+03 1.196578e-01 3.142200e-04 1.694889e-08 3.118782e-09 1.663241e-12 1.335459e+12 2.281678e+11 1.284120e+08 4.071296e+11 6.956005e+10 3.914791e+07 
500 1215900 1.650000e+00 1.940022e+03 1.120094e-01 3.589100e-04 1.208473e-08 1.906534e-09 1.280758e-12 9.652331e+11 1.998139e+11 9.794831e+07 2.942625e+11 6.091607e+10 2.986072e+07 
500 1215900 1.700000e+00 1.906314e+03 1.055618e-01 3.551200e-04 8.832244e-09 1.652537e-09 9.811391e-13 7.144937e+11 1.486882e+11 7.718053e+07 2.178219e+11 4.532973e+10 2.352944e+07 
500 1215900 1.750000e+00 1.874422e+03 9.892811e-02 3.475500e-04 6.531653e-09 1.448194e-09 7.611003e-13 5.362542e+11 1.381102e+11 6.101525e+07 1.634837e+11 4.210492e+10 1.860127e+07 
500 1215900 1.800000e+00 1.843783e+03 9.308077e-02 3.680000e-04 4.875744e-09 1.118624e-09 6.050565e-13 4.074845e+11 1.255967e+11 4.864157e+07 1.242267e+11 3.829001e+10 1.482901e+07 



700 101325 5.000000e-01 1.801509e+03 5.926614e-01 3.187500e-04 2.929664e-08 2.764378e-08 4.721512e-12 5.585948e+12 5.256674e+12 9.140973e+08 1.694474e+12 1.594643e+12 2.772766e+08 
700 101325 5.500000e-01 1.891347e+03 7.572861e-01 2.718700e-04 7.150613e-08 7.068430e-08 1.017145e-11 1.248320e+13 1.236452e+13 1.810497e+09 3.787607e+12 3.751666e+12 5.493092e+08 
700 101325 6.000000e-01 1.977143e+03 9.208774e-01 2.437500e-04 1.521813e-07 1.503607e-07 1.966683e-11 2.441832e+13 2.413155e+13 3.231735e+09 7.410425e+12 7.323551e+12 9.807138e+08 
700 101325 6.500000e-01 2.057846e+03 1.069772e+00 2.531300e-04 2.920435e-07 2.710441e-07 3.567417e-11 4.330051e+13 4.330051e+13 5.271696e+09 1.314316e+13 1.314316e+13 1.600050e+09 
700 101325 7.000000e-01 2.133165e+03 1.209621e+00 2.203100e-04 5.179660e-07 5.103100e-07 5.901432e-11 7.124834e+13 7.028428e+13 8.351623e+09 2.162979e+13 2.133749e+13 2.535271e+09 
700 101325 7.500000e-01 2.201527e+03 1.339378e+00 2.250000e-04 8.594391e-07 8.306197e-07 9.481790e-11 1.100838e+14 1.067142e+14 1.250086e+10 3.342465e+13 3.240226e+13 3.795398e+09 
700 101325 8.000000e-01 2.263546e+03 1.450364e+00 2.062500e-04 1.358766e-06 1.345668e-06 1.437527e-10 1.625654e+14 1.612428e+14 1.775208e+10 4.936602e+13 4.896499e+13 5.390437e+09 
700 101325 8.500000e-01 2.316649e+03 1.541060e+00 2.062500e-04 2.044414e-06 2.012693e-06 2.125280e-10 2.291367e+14 2.263345e+14 2.462095e+10 6.959031e+13 6.874002e+13 7.477088e+09 
700 101325 9.000000e-01 2.361227e+03 1.621134e+00 1.875000e-04 2.957871e-06 2.957871e-06 2.979324e-10 3.117774e+14 3.115125e+14 3.254900e+10 9.469944e+13 9.461781e+13 9.885852e+09 
700 101325 9.500000e-01 2.396196e+03 1.675922e+00 2.015600e-04 4.128333e-06 4.051077e-06 4.224119e-10 4.101975e+14 4.040237e+14 4.341372e+10 1.246059e+14 1.227324e+14 1.318714e+10 
700 101325 1.000000e+00 2.420684e+03 1.710117e+00 1.968800e-04 5.561822e-06 5.503755e-06 5.715421e-10 5.227017e+14 5.185341e+14 5.556131e+10 1.587971e+14 1.575325e+14 1.687871e+10 
700 101325 1.050000e+00 2.434227e+03 1.721924e+00 2.109400e-04 7.252907e-06 6.954273e-06 7.648343e-10 6.459589e+14 6.236290e+14 7.039723e+10 1.962599e+14 1.894795e+14 2.138766e+10 
700 101325 1.100000e+00 2.434454e+03 1.710132e+00 2.062500e-04 9.114552e-06 9.026242e-06 9.847016e-10 7.724342e+14 7.667018e+14 8.620375e+10 2.347072e+14 2.329673e+14 2.619219e+10 
700 101325 1.150000e+00 2.421220e+03 1.668655e+00 2.203100e-04 1.100927e-05 1.086681e-05 1.252091e-09 8.896001e+14 8.806419e+14 1.043816e+11 2.703298e+14 2.676105e+14 3.171802e+10 
700 101325 1.200000e+00 2.398448e+03 1.599066e+00 2.296900e-04 1.269977e-05 1.255786e-05 1.536237e-09 9.828892e+14 9.740644e+14 1.224694e+11 2.987011e+14 2.960220e+14 3.721728e+10 
700 101325 1.250000e+00 2.369253e+03 1.507346e+00 2.578100e-04 1.386924e-05 1.348381e-05 1.845543e-09 1.031543e+15 1.005585e+15 1.409781e+11 3.135106e+14 3.056251e+14 4.284527e+10 
700 101325 1.300000e+00 2.333669e+03 1.380606e+00 2.812500e-04 1.390516e-05 1.360028e-05 2.089129e-09 1.001205e+15 9.756592e+14 1.537166e+11 3.043122e+14 2.965514e+14 4.672030e+10 
700 101325 1.350000e+00 2.296544e+03 1.224734e+00 3.421900e-04 1.265610e-05 1.188338e-05 2.249265e-09 8.819902e+14 8.295181e+14 1.601563e+11 2.680950e+14 2.521505e+14 4.868115e+10 
700 101325 1.400000e+00 2.258375e+03 1.050387e+00 4.359400e-04 1.004879e-05 8.793493e-06 2.226988e-09 6.874878e+14 5.902956e+14 1.542736e+11 2.089870e+14 1.794460e+14 4.689633e+10 
700 101325 1.450000e+00 2.223285e+03 8.975638e-01 6.375000e-04 7.011661e-06 4.575524e-06 2.052422e-09 4.731017e+14 3.028017e+14 1.393041e+11 1.438254e+14 9.205610e+13 4.234865e+10 
700 101325 1.500000e+00 2.187247e+03 7.650063e-01 7.593700e-04 4.245544e-06 2.825894e-06 1.590643e-09 2.857267e+14 1.885821e+14 1.072704e+11 8.686616e+13 5.733466e+13 3.261213e+10 
700 101325 1.550000e+00 2.150949e+03 6.624815e-01 1.124210e-03 2.468304e-06 1.021199e-06 1.151043e-09 1.683267e+14 6.724088e+13 7.786819e+10 5.117606e+13 2.044416e+13 2.367419e+10 
700 101325 1.600000e+00 2.115290e+03 5.919693e-01 1.105460e-03 1.524789e-06 8.002549e-07 7.674952e-10 1.052005e+14 5.350695e+13 5.262357e+10 3.198463e+13 1.626886e+13 1.599951e+10 
700 101325 1.650000e+00 2.082629e+03 5.394039e-01 1.652730e-03 9.980275e-07 2.464775e-07 5.776904e-10 6.977740e+13 2.194749e+13 3.913234e+10 2.121540e+13 6.673396e+12 1.189801e+10 
700 101325 1.700000e+00 2.050908e+03 4.944448e-01 1.825780e-03 6.775449e-07 1.552790e-07 4.230842e-10 4.800570e+13 1.036354e+13 2.958970e+10 1.459593e+13 3.151233e+12 8.996773e+09 
700 101325 1.750000e+00 2.019990e+03 4.558342e-01 2.190620e-03 4.685409e-07 8.358984e-08 3.202189e-10 3.362294e+13 6.845621e+12 2.233024e+10 1.022302e+13 2.081576e+12 6.789622e+09 
700 101325 1.800000e+00 1.989185e+03 4.228776e-01 2.555470e-03 3.249713e-07 4.770300e-08 2.405859e-10 2.366465e+13 3.773434e+12 1.701562e+10 7.195394e+12 1.147428e+12 5.173771e+09 



700 303975 5.000000e-01 1.801156e+03 3.465318e-01 1.358500e-04 1.285194e-08 1.215723e-08 8.671025e-13 2.297307e+12 2.132905e+12 1.562110e+08 6.993207e+11 6.492795e+11 4.755156e+07 
700 303975 5.500000e-01 1.891644e+03 4.605714e-01 1.101500e-04 3.623343e-08 3.537173e-08 2.101124e-12 5.935037e+12 5.781054e+12 3.480566e+08 1.806813e+12 1.759946e+12 1.059584e+08 
700 303975 6.000000e-01 1.977633e+03 5.803513e-01 1.064800e-04 8.471090e-08 7.793656e-08 4.456778e-12 1.273313e+13 1.182216e+13 6.795175e+08 3.876634e+12 3.599318e+12 2.068784e+08 
700 303975 6.500000e-01 2.059092e+03 6.989962e-01 9.914000e-05 1.740231e-07 1.601283e-07 8.406575e-12 2.419450e+13 2.374989e+13 1.175264e+09 7.366508e+12 7.231177e+12 3.578290e+08 
700 303975 7.000000e-01 2.136426e+03 8.099078e-01 8.812000e-05 3.259302e-07 3.122267e-07 1.461172e-11 4.204449e+13 4.053194e+13 1.920931e+09 1.280197e+13 1.234153e+13 5.848910e+08 
700 303975 7.500000e-01 2.209488e+03 9.098410e-01 7.710000e-05 5.673836e-07 5.673836e-07 2.369593e-11 6.823933e+13 6.798907e+13 2.906253e+09 2.077898e+13 2.070281e+13 8.849471e+08 
700 303975 8.000000e-01 2.275737e+03 1.001105e+00 7.894000e-05 9.269181e-07 9.138061e-07 3.776810e-11 1.041185e+14 1.022933e+14 4.328825e+09 3.170559e+13 3.115000e+13 1.318175e+09 
700 303975 8.500000e-01 2.334866e+03 1.076584e+00 7.894000e-05 1.436478e-06 1.382673e-06 5.732052e-11 1.512786e+14 1.467724e+14 6.178476e+09 4.606839e+13 4.469649e+13 1.881491e+09 
700 303975 9.000000e-01 2.386067e+03 1.137999e+00 7.894000e-05 2.126536e-06 2.017717e-06 8.386171e-11 2.108607e+14 2.018420e+14 8.505444e+09 6.421523e+13 6.146914e+13 2.590205e+09 
700 303975 9.500000e-01 2.428239e+03 1.185243e+00 7.894000e-05 3.020916e-06 2.877041e-06 1.188182e-10 2.824453e+14 2.714133e+14 1.137147e+10 8.601846e+13 8.265924e+13 3.463132e+09 
700 303975 1.000000e+00 2.457602e+03 1.215380e+00 7.894000e-05 4.103997e-06 3.998135e-06 1.629857e-10 3.633694e+14 3.518334e+14 1.472500e+10 1.106676e+14 1.071547e+14 4.484585e+09 
700 303975 1.050000e+00 2.471387e+03 1.225272e+00 7.710000e-05 5.368505e-06 5.321349e-06 2.164930e-10 4.505647e+14 4.439349e+14 1.856844e+10 1.372278e+14 1.352091e+14 5.655302e+09 
700 303975 1.100000e+00 2.466157e+03 1.209914e+00 8.078000e-05 6.689861e-06 6.516985e-06 2.823965e-10 5.342095e+14 5.232362e+14 2.307947e+10 1.627081e+14 1.593666e+14 7.029413e+09 
700 303975 1.150000e+00 2.443719e+03 1.171762e+00 8.629000e-05 7.871921e-06 7.750133e-06 3.538003e-10 6.005473e+14 5.886853e+14 2.752992e+10 1.829182e+14 1.793060e+14 8.385149e+09 
700 303975 1.200000e+00 2.412003e+03 1.110338e+00 9.547000e-05 8.655311e-06 8.280928e-06 4.281385e-10 6.334646e+14 6.068610e+14 3.195770e+10 1.929495e+14 1.848471e+14 9.734043e+09 
700 303975 1.250000e+00 2.376428e+03 1.022582e+00 1.046400e-04 8.710644e-06 8.376918e-06 4.860889e-10 6.130873e+14 5.920945e+14 3.490625e+10 1.867477e+14 1.803539e+14 1.063243e+10 
700 303975 1.300000e+00 2.338441e+03 9.117832e-01 1.431900e-04 7.745288e-06 6.343555e-06 5.244930e-10 5.300948e+14 4.939311e+14 3.583037e+10 1.614716e+14 1.504569e+14 1.091420e+10 
700 303975 1.350000e+00 2.302590e+03 7.840498e-01 1.615600e-04 5.864170e-06 5.014129e-06 4.904490e-10 3.926382e+14 3.331570e+14 3.316192e+10 1.196038e+14 1.014858e+14 1.010161e+10 
700 303975 1.400000e+00 2.267053e+03 6.692078e-01 2.423400e-04 3.765422e-06 2.441501e-06 4.214514e-10 2.495143e+14 1.578492e+14 2.794308e+10 7.600751e+13 4.808488e+13 8.512052e+09 
700 303975 1.450000e+00 2.227747e+03 5.756650e-01 3.524900e-04 2.107034e-06 9.473059e-07 3.067162e-10 1.399851e+14 8.908524e+13 1.967752e+10 4.264314e+13 2.713806e+13 5.994285e+09 
700 303975 1.500000e+00 2.191301e+03 5.086297e-01 4.002200e-04 1.195979e-06 5.279600e-07 2.024961e-10 8.014680e+13 3.429302e+13 1.348662e+10 2.441505e+13 1.044685e+13 4.108425e+09 
700 303975 1.550000e+00 2.155425e+03 4.603273e-01 5.140500e-04 7.279551e-07 2.351993e-07 1.410306e-10 4.947661e+13 1.497099e+13 9.471499e+09 1.507217e+13 4.560742e+12 2.885329e+09 
700 303975 1.600000e+00 2.122133e+03 4.199323e-01 6.242000e-04 4.658291e-07 1.170870e-07 1.015324e-10 3.218148e+13 7.606930e+12 6.906218e+09 9.803575e+12 2.317385e+12 2.103876e+09 
700 303975 1.650000e+00 2.087956e+03 3.890564e-01 8.094100e-04 3.102296e-07 5.272545e-08 7.641754e-11 2.172167e+13 3.431274e+12 5.248696e+09 6.617199e+12 1.045319e+12 1.598950e+09 
700 303975 1.700000e+00 2.053637e+03 3.604439e-01 9.946200e-04 2.101963e-07 2.850355e-08 5.774818e-11 1.487484e+13 2.262470e+12 3.936657e+09 4.531443e+12 6.892543e+11 1.199261e+09 
700 303975 1.750000e+00 2.020047e+03 3.353020e-01 1.179840e-03 1.453506e-07 1.754146e-08 4.421204e-11 1.046677e+13 1.560621e+12 3.002063e+09 3.188589e+12 4.754413e+11 9.145523e+08 
700 303975 1.800000e+00 1.987966e+03 3.120058e-01 1.357710e-03 1.025040e-07 1.104558e-08 3.387766e-11 7.522263e+12 9.385035e+11 2.347646e+09 2.291581e+12 2.859157e+11 7.151929e+08 



700 607950 5.000000e-01 1.801692e+03 2.290595e-01 8.440000e-05 6.262300e-09 5.844386e-09 2.562796e-13 1.075311e+12 9.852980e+11 4.421759e+07 3.276200e+11 3.001962e+11 1.347193e+07 
700 607950 5.500000e-01 1.892246e+03 3.187160e-01 6.980000e-05 2.049352e-08 1.886195e-08 7.064472e-13 3.197886e+12 2.953646e+12 1.113164e+08 9.743523e+11 8.999385e+11 3.391646e+07 
700 607950 6.000000e-01 1.978721e+03 4.145141e-01 6.005000e-05 5.304074e-08 4.932865e-08 1.607746e-12 7.601511e+12 7.087079e+12 2.326886e+08 2.316153e+12 2.159417e+12 7.089914e+07 
700 607950 6.500000e-01 2.061282e+03 5.092036e-01 5.356000e-05 1.170519e-07 1.121663e-07 3.217270e-12 1.550901e+13 1.487192e+13 4.303713e+08 4.725682e+12 4.531572e+12 1.311360e+08 
700 607950 7.000000e-01 2.139714e+03 6.011560e-01 5.031000e-05 2.304438e-07 2.147654e-07 5.879983e-12 2.825717e+13 2.644410e+13 7.304698e+08 8.610344e+12 8.057915e+12 2.225833e+08 
700 607950 7.500000e-01 2.214075e+03 6.852867e-01 4.707000e-05 4.153691e-07 3.999420e-07 9.985030e-12 4.744985e+13 4.588222e+13 1.157296e+09 1.445897e+13 1.398132e+13 3.526508e+08 
700 607950 8.000000e-01 2.283237e+03 7.630181e-01 4.220000e-05 6.974591e-07 6.943023e-07 1.584757e-11 7.450610e+13 7.419049e+13 1.722364e+09 2.270407e+13 2.260792e+13 5.248495e+08 
700 607950 8.500000e-01 2.346371e+03 8.291078e-01 4.301000e-05 1.101029e-06 1.070629e-06 2.457431e-11 1.103371e+14 1.074899e+14 2.504241e+09 3.362345e+13 3.275589e+13 7.631235e+08 
700 607950 9.000000e-01 2.402092e+03 8.816128e-01 4.382000e-05 1.651272e-06 1.586539e-06 3.648692e-11 1.557073e+14 1.504716e+14 3.498565e+09 4.745015e+13 4.585477e+13 1.066146e+09 
700 607950 9.500000e-01 2.447739e+03 9.193782e-01 4.382000e-05 2.355132e-06 2.255425e-06 5.200284e-11 2.096194e+14 2.019044e+14 4.707729e+09 6.388040e+13 6.152950e+13 1.434649e+09 
700 607950 1.000000e+00 2.480720e+03 9.446722e-01 4.382000e-05 3.214989e-06 3.133886e-06 7.168218e-11 2.712258e+14 2.619391e+14 6.133953e+09 8.265599e+13 7.982608e+13 1.869312e+09 
700 607950 1.050000e+00 2.494165e+03 9.505541e-01 4.301000e-05 4.176935e-06 4.149166e-06 9.498964e-11 3.339015e+14 3.299661e+14 7.725026e+09 1.017580e+14 1.005587e+14 2.354226e+09 
700 607950 1.100000e+00 2.482834e+03 9.315277e-01 4.788000e-05 5.082294e-06 4.932865e-06 1.238220e-10 3.867052e+14 3.726503e+14 9.568235e+09 1.178518e+14 1.135688e+14 2.915994e+09 
700 607950 1.150000e+00 2.455548e+03 8.924239e-01 5.194000e-05 5.774216e-06 5.552120e-06 1.528286e-10 4.200492e+14 4.030527e+14 1.130072e+10 1.280157e+14 1.228360e+14 3.444033e+09 
700 607950 1.200000e+00 2.421345e+03 8.330918e-01 6.168000e-05 5.962279e-06 5.303863e-06 1.789547e-10 4.178658e+14 4.061104e+14 1.248092e+10 1.273520e+14 1.237695e+14 3.803767e+09 
700 607950 1.250000e+00 2.383868e+03 7.525084e-01 7.141000e-05 5.431013e-06 4.830203e-06 1.911090e-10 3.680866e+14 3.248130e+14 1.308614e+10 1.121823e+14 9.899413e+13 3.988271e+09 
700 607950 1.300000e+00 2.346282e+03 6.630378e-01 9.251000e-05 4.230377e-06 3.284341e-06 1.852499e-10 2.797858e+14 2.384681e+14 1.221657e+10 8.527173e+13 7.267943e+13 3.723297e+09 
700 607950 1.350000e+00 2.307977e+03 5.736053e-01 1.265900e-04 2.724258e-06 1.773654e-06 1.562232e-10 1.782403e+14 1.369829e+14 1.006747e+10 5.432373e+13 4.174961e+13 3.068339e+09 
700 607950 1.400000e+00 2.270490e+03 4.982567e-01 1.736700e-04 1.526171e-06 7.712989e-07 1.132732e-10 9.966275e+13 4.924939e+13 7.380427e+09 3.037525e+13 1.501036e+13 2.249408e+09 
700 607950 1.450000e+00 2.233140e+03 4.416814e-01 2.207400e-04 8.508823e-07 3.391502e-07 7.584179e-11 5.631134e+13 2.156683e+13 4.975093e+09 1.716268e+13 6.573244e+12 1.516319e+09 
700 607950 1.500000e+00 2.196449e+03 4.008495e-01 2.694300e-04 5.104429e-07 1.671595e-07 5.243932e-11 3.432611e+13 1.062157e+13 3.474853e+09 1.046202e+13 3.237312e+12 1.059078e+09 
700 607950 1.550000e+00 2.160641e+03 3.691941e-01 3.700500e-04 3.258750e-07 6.399065e-08 3.872979e-11 2.211799e+13 5.794799e+12 2.524447e+09 6.741211e+12 1.766187e+12 7.694137e+08 
700 607950 1.600000e+00 2.124781e+03 3.416381e-01 4.706900e-04 2.148023e-07 3.212575e-08 2.904827e-11 1.484516e+13 2.571490e+12 1.923575e+09 4.524591e+12 7.837645e+11 5.862793e+08 
700 607950 1.650000e+00 2.089773e+03 3.181641e-01 5.713200e-04 1.460037e-07 1.881945e-08 2.215394e-11 1.027228e+13 1.727377e+12 1.459917e+09 3.130847e+12 5.264892e+11 4.449641e+08 
700 607950 1.700000e+00 2.055497e+03 2.974872e-01 5.648300e-04 1.020634e-07 1.515148e-08 1.643265e-11 7.266220e+12 9.930120e+11 1.143543e+09 2.214646e+12 3.026625e+11 3.485383e+08 
700 607950 1.750000e+00 2.021063e+03 2.774225e-01 5.615800e-04 7.225608e-08 1.225036e-08 1.226114e-11 5.247398e+12 8.174516e+11 8.675629e+08 1.599341e+12 2.491536e+11 2.644235e+08 
700 607950 1.800000e+00 1.988289e+03 2.603580e-01 7.512100e-04 5.282630e-08 6.144761e-09 9.945702e-12 3.879187e+12 5.074186e+11 6.921004e+08 1.182328e+12 1.546582e+11 2.109450e+08 



700 911925 5.000000e-01 1.802130e+03 1.770901e-01 6.562000e-05 3.667321e-09 3.282119e-09 1.149032e-13 6.159090e+11 6.034129e+11 1.918836e+07 1.877064e+11 1.838983e+11 5.847896e+06 
700 911925 5.500000e-01 1.893221e+03 2.521371e-01 5.341000e-05 1.352982e-08 1.212596e-08 3.497009e-13 2.063663e+12 2.040442e+12 5.271841e+07 6.289448e+11 6.218685e+11 1.606701e+07 
700 911925 6.000000e-01 1.979388e+03 3.361405e-01 4.426000e-05 3.780484e-08 3.466325e-08 8.435580e-13 5.265597e+12 4.893459e+12 1.187810e+08 1.604838e+12 1.491422e+12 3.620175e+07 
700 911925 6.500000e-01 2.062339e+03 4.199172e-01 3.892000e-05 8.845010e-08 8.599470e-08 1.764381e-12 1.135200e+13 1.102844e+13 2.288087e+08 3.459908e+12 3.361297e+12 6.973708e+07 
700 911925 7.000000e-01 2.141596e+03 5.008645e-01 3.587000e-05 1.816687e-07 1.742094e-07 3.340540e-12 2.163300e+13 2.091138e+13 4.026617e+08 6.593508e+12 6.373579e+12 1.227267e+08 
700 911925 7.500000e-01 2.217187e+03 5.787732e-01 3.205000e-05 3.373828e-07 3.334521e-07 5.776174e-12 3.743099e+13 3.712220e+13 6.496614e+08 1.140875e+13 1.131464e+13 1.980125e+08 
700 911925 8.000000e-01 2.287404e+03 6.482587e-01 3.357000e-05 5.773293e-07 5.388461e-07 9.598689e-12 5.982196e+13 5.530829e+13 1.005244e+09 1.823365e+13 1.685794e+13 3.063963e+08 
700 911925 8.500000e-01 2.352802e+03 7.054679e-01 3.129000e-05 9.270274e-07 8.851080e-07 1.487463e-11 9.000449e+13 8.682028e+13 1.466793e+09 2.743360e+13 2.646311e+13 4.470814e+08 
700 911925 9.000000e-01 2.410612e+03 7.524354e-01 2.900000e-05 1.402334e-06 1.391718e-06 2.186029e-11 1.281106e+14 1.265471e+14 2.027334e+09 3.904892e+13 3.857242e+13 6.179429e+08 
700 911925 9.500000e-01 2.458783e+03 7.869948e-01 2.900000e-05 2.007609e-06 1.985403e-06 3.134504e-11 1.733074e+14 1.721079e+14 2.752478e+09 5.282584e+13 5.246026e+13 8.389806e+08 
700 911925 1.000000e+00 2.492665e+03 8.059496e-01 2.900000e-05 2.728601e-06 2.720058e-06 4.312085e-11 2.226830e+14 2.211854e+14 3.576803e+09 6.787678e+13 6.742032e+13 1.090255e+09 
700 911925 1.050000e+00 2.504380e+03 8.083803e-01 3.434000e-05 3.497746e-06 3.200778e-06 5.882702e-11 2.714982e+14 2.673213e+14 4.575004e+09 8.275712e+13 8.148403e+13 1.394533e+09 
700 911925 1.100000e+00 2.491456e+03 7.929716e-01 3.357000e-05 4.200560e-06 4.149261e-06 7.414391e-11 3.109793e+14 3.048937e+14 5.558173e+09 9.479258e+13 9.293765e+13 1.694236e+09 
700 911925 1.150000e+00 2.461780e+03 7.584360e-01 3.739000e-05 4.630235e-06 4.430206e-06 9.020395e-11 3.281339e+14 3.153810e+14 6.478332e+09 1.000226e+14 9.613538e+13 1.974737e+09 
700 911925 1.200000e+00 2.426072e+03 7.031802e-01 4.731000e-05 4.563716e-06 3.856954e-06 1.033114e-10 3.104345e+14 3.020062e+14 6.979752e+09 9.462832e+13 9.205926e+13 2.127601e+09 
700 911925 1.250000e+00 2.387907e+03 6.330614e-01 5.646000e-05 3.862582e-06 3.142021e-06 1.049971e-10 2.557559e+14 2.080348e+14 7.014225e+09 7.796147e+13 6.341500e+13 2.138128e+09 
700 911925 1.300000e+00 2.347561e+03 5.513179e-01 7.173000e-05 2.698751e-06 2.104667e-06 9.310567e-11 1.753995e+14 1.354066e+14 6.086573e+09 5.346702e+13 4.127615e+13 1.855369e+09 
700 911925 1.350000e+00 2.310511e+03 4.830786e-01 9.920000e-05 1.614205e-06 1.027279e-06 7.285092e-11 1.043247e+14 6.461781e+13 4.706245e+09 3.180149e+13 1.969766e+13 1.434613e+09 
700 911925 1.400000e+00 2.272677e+03 4.280588e-01 1.205700e-04 8.893409e-07 5.310803e-07 4.926843e-11 5.790887e+13 3.325409e+13 3.195519e+09 1.765255e+13 1.013700e+13 9.741003e+08 
700 911925 1.450000e+00 2.234981e+03 3.877050e-01 1.663400e-04 5.134759e-07 1.943917e-07 3.407414e-11 3.397088e+13 1.235800e+13 2.231354e+09 1.035549e+13 3.767166e+12 6.801932e+08 
700 911925 1.500000e+00 2.197707e+03 3.557841e-01 2.136600e-04 3.166014e-07 8.814182e-08 2.436779e-11 2.128576e+13 5.490620e+12 1.611819e+09 6.488644e+12 1.673746e+12 4.913392e+08 
700 911925 1.550000e+00 2.161443e+03 3.287698e-01 3.082800e-04 2.069334e-07 3.195919e-08 1.862224e-11 1.412323e+13 2.914325e+12 1.208302e+09 4.305263e+12 8.883983e+11 3.683341e+08 
700 911925 1.600000e+00 2.125600e+03 3.057625e-01 3.540500e-04 1.403549e-07 2.016759e-08 1.399448e-11 9.729834e+12 1.699982e+12 9.220334e+08 2.966003e+12 5.182216e+11 2.810698e+08 
700 911925 1.650000e+00 2.091274e+03 2.872505e-01 3.998400e-04 9.923583e-08 1.335490e-08 1.079912e-11 6.982462e+12 1.074467e+12 7.220777e+08 2.128510e+12 3.275408e+11 2.201164e+08 
700 911925 1.700000e+00 2.056002e+03 2.677079e-01 4.456200e-04 7.046571e-08 8.924369e-09 8.266001e-12 5.041349e+12 7.080778e+11 5.637949e+08 1.536789e+12 2.158512e+11 1.718662e+08 
700 911925 1.750000e+00 2.022394e+03 2.516687e-01 4.425700e-04 5.153468e-08 7.127874e-09 6.323842e-12 3.747757e+12 4.769162e+11 4.479165e+08 1.142457e+12 1.453839e+11 1.365422e+08 
700 911925 1.800000e+00 1.989517e+03 2.370173e-01 4.395100e-04 3.826231e-08 5.834643e-09 4.890677e-12 2.830635e+12 3.988642e+11 3.520104e+08 8.628846e+11 1.215906e+11 1.073065e+08 



700 1215900 5.000000e-01 1.802383e+03 1.481710e-01 5.282000e-05 2.381275e-09 2.290405e-09 6.215738e-14 3.945899e+11 3.753901e+11 1.035749e+07 1.202740e+11 1.144218e+11 3.157038e+06 
700 1215900 5.500000e-01 1.893352e+03 2.134413e-01 4.401000e-05 9.651505e-09 9.036357e-09 2.046979e-13 1.443853e+12 1.329918e+12 3.082784e+07 4.401059e+11 4.053775e+11 9.396727e+06 
700 1215900 6.000000e-01 1.979920e+03 2.879405e-01 3.815000e-05 2.885978e-08 2.600239e-08 5.258116e-13 3.956280e+12 3.814518e+12 7.175734e+07 1.205948e+12 1.162738e+12 2.187294e+07 
700 1215900 6.500000e-01 2.063205e+03 3.649704e-01 3.154000e-05 7.091877e-08 6.749637e-08 1.138987e-12 8.932752e+12 8.495843e+12 1.447322e+08 2.722909e+12 2.589734e+12 4.411766e+07 
700 1215900 7.000000e-01 2.143384e+03 4.405084e-01 2.934000e-05 1.509848e-07 1.447104e-07 2.227297e-12 1.761767e+13 1.680801e+13 2.620878e+08 5.370345e+12 5.123547e+12 7.989136e+07 
700 1215900 7.500000e-01 2.218940e+03 5.116943e-01 2.861000e-05 2.871844e-07 2.669711e-07 3.990659e-12 3.117756e+13 2.891758e+13 4.368000e+08 9.503882e+12 8.814989e+12 1.331499e+08 
700 1215900 8.000000e-01 2.290590e+03 5.749657e-01 2.714000e-05 5.018138e-07 4.707567e-07 6.636672e-12 5.075198e+13 4.762454e+13 6.790459e+08 1.547093e+13 1.451761e+13 2.069960e+08 
700 1215900 8.500000e-01 2.356640e+03 6.287075e-01 2.494000e-05 8.128063e-07 7.878975e-07 1.035016e-11 7.718755e+13 7.447899e+13 9.946017e+08 2.352964e+13 2.270400e+13 3.031910e+08 
700 1215900 9.000000e-01 2.415125e+03 6.725926e-01 2.568000e-05 1.231460e-06 1.167720e-06 1.555559e-11 1.101034e+14 1.042107e+14 1.406006e+09 3.356391e+13 3.176765e+13 4.286063e+08 
700 1215900 9.500000e-01 2.464521e+03 7.025430e-01 2.568000e-05 1.768795e-06 1.651313e-06 2.234326e-11 1.490217e+14 1.389857e+14 1.906714e+09 4.542815e+13 4.236885e+13 5.812467e+08 
700 1215900 1.000000e+00 2.500358e+03 7.200858e-01 2.568000e-05 2.394696e-06 2.288456e-06 3.082403e-11 1.916089e+14 1.823888e+14 2.491306e+09 5.841104e+13 5.560043e+13 7.594613e+08 
700 1215900 1.050000e+00 2.512027e+03 7.218375e-01 2.494000e-05 3.055252e-06 3.010654e-06 4.045736e-11 2.320603e+14 2.272965e+14 3.110490e+09 7.074300e+13 6.929084e+13 9.482235e+08 
700 1215900 1.100000e+00 2.496614e+03 7.060887e-01 2.641000e-05 3.617473e-06 3.516384e-06 5.120767e-11 2.614119e+14 2.569098e+14 3.763210e+09 7.969132e+13 7.831898e+13 1.147212e+09 
700 1215900 1.150000e+00 2.465249e+03 6.734599e-01 3.081000e-05 3.870997e-06 3.612298e-06 6.151368e-11 2.687948e+14 2.535974e+14 4.323128e+09 8.194263e+13 7.730979e+13 1.317913e+09 
700 1215900 1.200000e+00 2.426872e+03 6.195950e-01 3.815000e-05 3.620397e-06 3.191289e-06 6.750998e-11 2.429350e+14 2.111693e+14 4.564431e+09 7.405970e+13 6.437595e+13 1.391484e+09 
700 1215900 1.250000e+00 2.388605e+03 5.574443e-01 4.769000e-05 2.899338e-06 2.390904e-06 6.615682e-11 1.892643e+14 1.531484e+14 4.348646e+09 5.769832e+13 4.668832e+13 1.325709e+09 
700 1215900 1.300000e+00 2.349545e+03 4.913344e-01 5.943000e-05 1.922430e-06 1.505301e-06 5.579074e-11 1.236176e+14 9.625467e+13 3.610369e+09 3.768573e+13 2.934404e+13 1.100647e+09 
700 1215900 1.350000e+00 2.311023e+03 4.323929e-01 8.657000e-05 1.091472e-06 6.180628e-07 4.145174e-11 7.032306e+13 3.866638e+13 2.664672e+09 2.143860e+13 1.178783e+13 8.123484e+08 
700 1215900 1.400000e+00 2.274024e+03 3.896352e-01 1.188500e-04 6.184981e-07 2.251436e-07 2.874743e-11 4.014054e+13 2.400773e+13 1.798334e+09 1.223723e+13 7.319018e+12 5.482395e+08 
700 1215900 1.450000e+00 2.236857e+03 3.566769e-01 1.408500e-04 3.693790e-07 1.212650e-07 1.991777e-11 2.447958e+13 7.771168e+12 1.302551e+09 7.462850e+12 2.369135e+12 3.970962e+08 
700 1215900 1.500000e+00 2.200060e+03 3.302803e-01 1.863500e-04 2.355864e-07 5.211024e-08 1.472740e-11 1.580489e+13 3.295848e+12 9.729228e+08 4.818295e+12 1.004782e+12 2.966064e+08 
700 1215900 1.550000e+00 2.162452e+03 3.059254e-01 2.083500e-04 1.550732e-07 3.379132e-08 1.077646e-11 1.062257e+13 2.143941e+12 7.226104e+08 3.238411e+12 6.536096e+11 2.202963e+08 
700 1215900 1.600000e+00 2.126607e+03 2.857048e-01 2.538400e-04 1.075070e-07 1.886511e-08 8.321024e-12 7.472388e+12 1.192791e+12 5.644964e+08 2.278046e+12 3.636394e+11 1.720937e+08 
700 1215900 1.650000e+00 2.091165e+03 2.676515e-01 2.978600e-04 7.662450e-08 1.132186e-08 6.475577e-12 5.412601e+12 7.298233e+11 4.458328e+08 1.650096e+12 2.224976e+11 1.359178e+08 
700 1215900 1.700000e+00 2.056030e+03 2.508913e-01 3.433400e-04 5.558869e-08 7.168897e-09 5.072328e-12 3.992358e+12 6.080690e+11 3.448259e+08 1.217120e+12 1.853792e+11 1.051247e+08 
700 1215900 1.750000e+00 2.022778e+03 2.368925e-01 3.404100e-04 4.153865e-08 5.799159e-09 3.935645e-12 3.025966e+12 5.118796e+11 2.716766e+08 9.225042e+11 1.560545e+11 8.282427e+07 
700 1215900 1.800000e+00 1.990063e+03 2.237513e-01 3.374700e-04 3.149128e-08 4.766319e-09 3.083994e-12 2.324372e+12 4.403856e+11 2.164213e+08 7.086151e+11 1.342586e+11 6.597899e+07 



