T(K) p(Pa) phi Tf(K) SL(m/s) Xf(m) maxXCH mpXCH intXCH maxSM mpSM intSM maxCM mpCM intCM
300 101325 5.000000e-01 1.513109e+03 8.407179e-02 3.912800e-04 1.578871e-09 1.549092e-09 3.254410e-13 4.082948e+11 4.015863e+11 8.490046e+07 1.237938e+11 1.217603e+11 2.574100e+07 
300 101325 5.500000e-01 1.610946e+03 1.244522e-01 3.125000e-04 6.195148e-09 6.115269e-09 1.053340e-12 1.445262e+12 1.430125e+12 2.489894e+08 4.383279e+11 4.337380e+11 7.551308e+07 
300 101325 6.000000e-01 1.703673e+03 1.661238e-01 2.916700e-04 1.787781e-08 1.733556e-08 2.717931e-12 3.827077e+12 3.633744e+12 5.840772e+08 1.160980e+12 1.102345e+12 1.771812e+08 
300 101325 6.500000e-01 1.799767e+03 2.124656e-01 2.864600e-04 4.597593e-08 4.155842e-08 6.387386e-12 8.936027e+12 8.578877e+12 1.240715e+09 2.711476e+12 2.603137e+12 3.764628e+08 
300 101325 7.000000e-01 1.888473e+03 2.549505e-01 2.656200e-04 9.896571e-08 8.984251e-08 1.280450e-11 1.766794e+13 1.706348e+13 2.287483e+09 5.362052e+12 5.178683e+12 6.942123e+08 
300 101325 7.500000e-01 1.970351e+03 2.931009e-01 2.343800e-04 1.880738e-07 1.788985e-07 2.298587e-11 3.113777e+13 2.939050e+13 3.852392e+09 9.451630e+12 8.921388e+12 1.169330e+09 
300 101325 8.000000e-01 2.049551e+03 3.302631e-01 2.239600e-04 3.398484e-07 3.280115e-07 4.003187e-11 5.199971e+13 4.992173e+13 6.221326e+09 1.578657e+13 1.515598e+13 1.888681e+09 
300 101325 8.500000e-01 2.121001e+03 3.622296e-01 2.083300e-04 5.664314e-07 5.598686e-07 6.463793e-11 8.082448e+13 7.931215e+13 9.380437e+09 2.454099e+13 2.408200e+13 2.848123e+09 
300 101325 9.000000e-01 2.184200e+03 3.895276e-01 2.135400e-04 8.987750e-07 8.801871e-07 1.021541e-10 1.196925e+14 1.166415e+14 1.385341e+10 3.634724e+13 3.542115e+13 4.206763e+09 
300 101325 9.500000e-01 2.233708e+03 4.108078e-01 2.135400e-04 1.355952e-06 1.323572e-06 1.544883e-10 1.691802e+14 1.641760e+14 1.964123e+10 5.138148e+13 4.986222e+13 5.965022e+09 
300 101325 1.000000e+00 2.267390e+03 4.266444e-01 2.135400e-04 1.969060e-06 1.940141e-06 2.261960e-10 2.303073e+14 2.261875e+14 2.703231e+10 6.995405e+13 6.870347e+13 8.210618e+09 
300 101325 1.050000e+00 2.275939e+03 4.364686e-01 2.083300e-04 2.748978e-06 2.742877e-06 3.206971e-10 3.022237e+14 3.005324e+14 3.610346e+10 9.180861e+13 9.129507e+13 1.096705e+10 
300 101325 1.100000e+00 2.258444e+03 4.366185e-01 2.448000e-04 3.611988e-06 3.435811e-06 4.508508e-10 3.761268e+14 3.551024e+14 4.790775e+10 1.142699e+14 1.078838e+14 1.455427e+10 
300 101325 1.150000e+00 2.226667e+03 4.287461e-01 2.343800e-04 4.514010e-06 4.483517e-06 5.867293e-10 4.460104e+14 4.419935e+14 5.930643e+10 1.355140e+14 1.342940e+14 1.801890e+10 
300 101325 1.200000e+00 2.187886e+03 4.095136e-01 2.656200e-04 5.197694e-06 5.086298e-06 7.436287e-10 4.914518e+14 4.783831e+14 7.179465e+10 1.493331e+14 1.453635e+14 2.181509e+10 
300 101325 1.250000e+00 2.145941e+03 3.793285e-01 3.333400e-04 5.488735e-06 4.844060e-06 9.101344e-10 4.987206e+14 4.417978e+14 8.427026e+10 1.515552e+14 1.342591e+14 2.560820e+10 
300 101325 1.300000e+00 2.104888e+03 3.401515e-01 4.010400e-04 5.170323e-06 4.436830e-06 1.024385e-09 4.540346e+14 3.896402e+14 9.126220e+10 1.379884e+14 1.184195e+14 2.773551e+10 
300 101325 1.350000e+00 2.064193e+03 2.930422e-01 4.716800e-04 4.120782e-06 3.604389e-06 1.019409e-09 3.523746e+14 3.065034e+14 8.821135e+10 1.071011e+14 9.316007e+13 2.681062e+10 
300 101325 1.400000e+00 2.022691e+03 2.412493e-01 7.304700e-04 2.537608e-06 1.679181e-06 8.817945e-10 2.133551e+14 1.402909e+14 7.456122e+10 6.485229e+13 4.264410e+13 2.266369e+10 
300 101325 1.450000e+00 1.983842e+03 1.964854e-01 1.085940e-03 1.187438e-06 5.731148e-07 5.601980e-10 1.003055e+14 4.646529e+13 4.712355e+10 3.049104e+13 1.412492e+13 1.432462e+10 
300 101325 1.500000e+00 1.949561e+03 1.685397e-01 1.258470e-03 6.029800e-07 2.742628e-07 3.184477e-10 5.169372e+13 3.194719e+13 2.649896e+10 1.571449e+13 9.711916e+12 8.055423e+09 
300 101325 1.550000e+00 1.918201e+03 1.485684e-01 1.227220e-03 3.303213e-07 1.864271e-07 1.861514e-10 2.887381e+13 1.578562e+13 1.620297e+10 8.777626e+12 4.798952e+12 4.925672e+09 
300 101325 1.600000e+00 1.887662e+03 1.329612e-01 1.399740e-03 1.884298e-07 9.558616e-08 1.154068e-10 1.675483e+13 8.191726e+12 1.021785e+10 5.093572e+12 2.490413e+12 3.106280e+09 
300 101325 1.650000e+00 1.858532e+03 1.196838e-01 1.572270e-03 1.084629e-07 5.044036e-08 7.213433e-11 9.819358e+12 5.851464e+12 6.380378e+09 2.985213e+12 1.778977e+12 1.939713e+09 
300 101325 1.700000e+00 1.830898e+03 1.083708e-01 1.734380e-03 6.346672e-08 2.730646e-08 4.577174e-11 5.856182e+12 3.161169e+12 4.132528e+09 1.780393e+12 9.610918e+11 1.256369e+09 
300 101325 1.750000e+00 1.806643e+03 9.891326e-02 1.713550e-03 3.912240e-08 2.057023e-08 2.998763e-11 3.681362e+12 1.842944e+12 2.802429e+09 1.119223e+12 5.603217e+11 8.520072e+08 
300 101325 1.800000e+00 1.783411e+03 9.030978e-02 1.875650e-03 2.444372e-08 1.201980e-08 2.016407e-11 2.346762e+12 1.092302e+12 1.917475e+09 7.134827e+11 3.321058e+11 5.829695e+08 



300 303975 5.000000e-01 1.509305e+03 4.779524e-02 1.987200e-04 3.261952e-10 3.203307e-10 3.375061e-14 8.159201e+10 7.948457e+10 8.490825e+06 2.483284e+10 2.419147e+10 2.584200e+06 
300 303975 5.500000e-01 1.608927e+03 7.961546e-02 1.620200e-04 1.992283e-09 1.807641e-09 1.557993e-13 4.476790e+11 4.229203e+11 3.507462e+07 1.362666e+11 1.287308e+11 1.067610e+07 
300 303975 6.000000e-01 1.704927e+03 1.140558e-01 1.302500e-04 7.519074e-09 6.877738e-09 4.871539e-13 1.530571e+12 1.405054e+12 9.996564e+07 4.659220e+11 4.277148e+11 3.043038e+07 
300 303975 6.500000e-01 1.798305e+03 1.495718e-01 1.111900e-04 2.164115e-08 1.974858e-08 1.232943e-12 4.029982e+12 3.681790e+12 2.309772e+08 1.226860e+12 1.120864e+12 7.031664e+07 
300 303975 7.000000e-01 1.884584e+03 1.823878e-01 9.848000e-05 5.018011e-08 4.744402e-08 2.609170e-12 8.600410e+12 8.150191e+12 4.508640e+08 2.618413e+12 2.481353e+12 1.372655e+08 
300 303975 7.500000e-01 1.969350e+03 2.145377e-01 9.530000e-05 1.045622e-07 9.919832e-08 5.124141e-12 1.652719e+13 1.526046e+13 8.143431e+08 5.032025e+12 4.646370e+12 2.479410e+08 
300 303975 8.000000e-01 2.049333e+03 2.430921e-01 8.737000e-05 1.961727e-07 1.901616e-07 9.142698e-12 2.876818e+13 2.766703e+13 1.353471e+09 8.759485e+12 8.424233e+12 4.121086e+08 
300 303975 8.500000e-01 2.125137e+03 2.690230e-01 9.054000e-05 3.450139e-07 3.189609e-07 1.585391e-11 4.714282e+13 4.351524e+13 2.184097e+09 1.435498e+13 1.325045e+13 6.650521e+08 
300 303975 9.000000e-01 2.194044e+03 2.903742e-01 9.372000e-05 5.693966e-07 5.107994e-07 2.588305e-11 7.239348e+13 7.146172e+13 3.248489e+09 2.204475e+13 2.176108e+13 9.891994e+08 
300 303975 9.500000e-01 2.251525e+03 3.072333e-01 8.101000e-05 8.860310e-07 8.702158e-07 3.934236e-11 1.054493e+14 1.035633e+14 4.755083e+09 3.211196e+13 3.153773e+13 1.448032e+09 
300 303975 1.000000e+00 2.292120e+03 3.201149e-01 9.372000e-05 1.320538e-06 1.180632e-06 6.097100e-11 1.476461e+14 1.458060e+14 6.737096e+09 4.496379e+13 4.440349e+13 2.051683e+09 
300 303975 1.050000e+00 2.296188e+03 3.255174e-01 9.213000e-05 1.848913e-06 1.738254e-06 8.760135e-11 1.943696e+14 1.828256e+14 9.327494e+09 5.919506e+13 5.567959e+13 2.840657e+09 
300 303975 1.100000e+00 2.268416e+03 3.238430e-01 1.016600e-04 2.427129e-06 2.191925e-06 1.218642e-10 2.401964e+14 2.374478e+14 1.201727e+10 7.315418e+13 7.231716e+13 3.659949e+09 
300 303975 1.150000e+00 2.228577e+03 3.125659e-01 1.096000e-04 2.904959e-06 2.615114e-06 1.592433e-10 2.747728e+14 2.462521e+14 1.523487e+10 8.368746e+13 7.500131e+13 4.640050e+09 
300 303975 1.200000e+00 2.186306e+03 2.922402e-01 1.302500e-04 3.148400e-06 2.683276e-06 1.967612e-10 2.835222e+14 2.686158e+14 1.771780e+10 8.635511e+13 8.181529e+13 5.396455e+09 
300 303975 1.250000e+00 2.145715e+03 2.639280e-01 1.461300e-04 2.923519e-06 2.501238e-06 2.159905e-10 2.544459e+14 2.156028e+14 1.899512e+10 7.750144e+13 6.567060e+13 5.785677e+09 
300 303975 1.300000e+00 2.106020e+03 2.295931e-01 2.001400e-04 2.240710e-06 1.618963e-06 2.128906e-10 1.891618e+14 1.670785e+14 1.779361e+10 5.761827e+13 5.089200e+13 5.419872e+09 
300 303975 1.350000e+00 2.065923e+03 1.915214e-01 2.899700e-04 1.250270e-06 7.587861e-07 1.648350e-10 1.039832e+14 6.102070e+13 1.371652e+10 3.167390e+13 1.858741e+13 4.178124e+09 
300 303975 1.450000e+00 1.989485e+03 1.379119e-01 4.165000e-04 2.577326e-07 1.418484e-07 4.786841e-11 2.202534e+13 1.169100e+13 4.073000e+09 6.709264e+12 3.561299e+12 1.240698e+09 
300 303975 1.500000e+00 1.952125e+03 1.220658e-01 4.069700e-04 1.313513e-07 8.940673e-08 2.630106e-11 1.146406e+13 7.520928e+12 2.285335e+09 3.492171e+12 2.291041e+12 6.961556e+08 
300 303975 1.550000e+00 1.914609e+03 1.092888e-01 4.945000e-04 6.982969e-08 3.834972e-08 1.561668e-11 6.208915e+12 3.251634e+12 1.380422e+09 1.891371e+12 9.905324e+11 4.205071e+08 
300 303975 1.600000e+00 1.884144e+03 9.899298e-02 5.852100e-04 4.243758e-08 1.915300e-08 1.044562e-11 3.857089e+12 1.643563e+12 9.400821e+08 1.174961e+12 5.006755e+11 2.863714e+08 
300 303975 1.650000e+00 1.850231e+03 9.020912e-02 6.695600e-04 2.467177e-08 9.577143e-09 6.681348e-12 2.282396e+12 1.199367e+12 5.973428e+08 6.952786e+11 3.653645e+11 1.819668e+08 
300 303975 1.700000e+00 1.822446e+03 8.253879e-02 6.568500e-04 1.571307e-08 7.476986e-09 4.537869e-12 1.481507e+12 6.743917e+11 4.231086e+08 4.513096e+11 2.054422e+11 1.288911e+08 
300 303975 1.750000e+00 1.794585e+03 7.592265e-02 7.475600e-04 9.943772e-09 4.302664e-09 3.131890e-12 9.551858e+11 3.840487e+11 2.960526e+08 2.909787e+11 1.169951e+11 9.018693e+07 
300 303975 1.800000e+00 1.769899e+03 7.019828e-02 8.319100e-04 6.506048e-09 2.597815e-09 2.220471e-12 6.360829e+11 2.343132e+11 2.129135e+08 1.937716e+11 7.138080e+10 6.486063e+07 



300 607950 5.000000e-01 1.510999e+03 2.935603e-02 1.726900e-04 6.827388e-11 6.779173e-11 5.777607e-15 1.658397e+10 1.643136e+10 1.418025e+06 5.052255e+09 5.005765e+09 4.319957e+05 
300 607950 5.500000e-01 1.609755e+03 5.501100e-02 1.069800e-04 6.814610e-10 6.447368e-10 3.611593e-14 1.481481e+11 1.405628e+11 7.921652e+06 4.513512e+10 4.282422e+10 2.413420e+06 
300 607950 6.000000e-01 1.706879e+03 8.493157e-02 8.139000e-05 3.489534e-09 3.263227e-09 1.414677e-13 6.844747e+11 6.278799e+11 2.790202e+07 2.085427e+11 1.913000e+11 8.501036e+06 
300 607950 6.500000e-01 1.797656e+03 1.149856e-01 6.512000e-05 1.147765e-08 1.117060e-08 3.923265e-13 2.064328e+12 1.969000e+12 7.068251e+07 6.289723e+11 5.999285e+11 2.153593e+07 
300 607950 7.000000e-01 1.884510e+03 1.441342e-01 6.046000e-05 2.975596e-08 2.812453e-08 9.164088e-13 4.909191e+12 4.596182e+12 1.519932e+08 1.495810e+12 1.400440e+12 4.631152e+07 
300 607950 7.500000e-01 1.972201e+03 1.733899e-01 5.233000e-05 6.857599e-08 6.733580e-08 1.919961e-12 1.040122e+13 1.016326e+13 2.932328e+08 3.169301e+12 3.096799e+12 8.934916e+07 
300 607950 8.000000e-01 2.053067e+03 1.985416e-01 5.582000e-05 1.361142e-07 1.215826e-07 3.695716e-12 1.913414e+13 1.828444e+13 5.160439e+08 5.830414e+12 5.571509e+12 1.572446e+08 
300 607950 8.500000e-01 2.130145e+03 2.206918e-01 4.884000e-05 2.478602e-07 2.403897e-07 6.396820e-12 3.236790e+13 3.108884e+13 8.419174e+08 9.863134e+12 9.473401e+12 2.565480e+08 
300 607950 9.000000e-01 2.200511e+03 2.384980e-01 5.000000e-05 4.168053e-07 3.877903e-07 1.066688e-11 5.074971e+13 4.674402e+13 1.309694e+09 1.546475e+13 1.424417e+13 3.990970e+08 
300 607950 9.500000e-01 2.261405e+03 2.522666e-01 5.117000e-05 6.575722e-07 6.070290e-07 1.690953e-11 7.499354e+13 6.825530e+13 1.943778e+09 2.285296e+13 2.079966e+13 5.923303e+08 
300 607950 1.000000e+00 2.303930e+03 2.611321e-01 5.117000e-05 9.779068e-07 9.145926e-07 2.554689e-11 1.047135e+14 9.655873e+13 2.758571e+09 3.191020e+13 2.942522e+13 8.406396e+08 
300 607950 1.050000e+00 2.304555e+03 2.651813e-01 5.000000e-05 1.371642e-06 1.335655e-06 3.692282e-11 1.378993e+14 1.333641e+14 3.755191e+09 4.202402e+13 4.064200e+13 1.144369e+09 
300 607950 1.100000e+00 2.271126e+03 2.612887e-01 5.698000e-05 1.747627e-06 1.617214e-06 5.105668e-11 1.665119e+14 1.519709e+14 4.908149e+09 5.074444e+13 4.631320e+13 1.495752e+09 
300 607950 1.150000e+00 2.229838e+03 2.503204e-01 6.395000e-05 2.016274e-06 1.870793e-06 6.582504e-11 1.822942e+14 1.667966e+14 6.007114e+09 5.555511e+13 5.083228e+13 1.830695e+09 
300 607950 1.200000e+00 2.188117e+03 2.306644e-01 7.791000e-05 1.974825e-06 1.668772e-06 7.612347e-11 1.713601e+14 1.445639e+14 6.664505e+09 5.222376e+13 4.405749e+13 2.031072e+09 
300 607950 1.250000e+00 2.146276e+03 2.036208e-01 1.011600e-04 1.559997e-06 1.207988e-06 7.587232e-11 1.307166e+14 1.004510e+14 6.408964e+09 3.983784e+13 3.061408e+13 1.953226e+09 
300 607950 1.300000e+00 2.106392e+03 1.736975e-01 1.325600e-04 9.372159e-07 6.782549e-07 6.028977e-11 7.740160e+13 5.487120e+13 4.995646e+09 2.358961e+13 1.672311e+13 1.522516e+09 
300 607950 1.350000e+00 2.066748e+03 1.465523e-01 1.837300e-04 4.178369e-07 2.479628e-07 3.486786e-11 3.467733e+13 1.979025e+13 2.888740e+09 1.056869e+13 6.031549e+12 8.804069e+08 
300 607950 1.400000e+00 2.028047e+03 1.270982e-01 2.276800e-04 1.877813e-07 9.062445e-08 1.805250e-11 1.593651e+13 9.382763e+12 1.498641e+09 4.857040e+12 2.859643e+12 4.567474e+08 
300 607950 1.450000e+00 1.991070e+03 1.130234e-01 2.230300e-04 9.641016e-08 5.898596e-08 1.004174e-11 8.354956e+12 4.850368e+12 8.643068e+08 2.546390e+12 1.478285e+12 2.634200e+08 
300 607950 1.500000e+00 1.954532e+03 1.015871e-01 2.669900e-04 5.349341e-08 2.655923e-08 6.204637e-12 4.731452e+12 2.248927e+12 5.440444e+08 1.442040e+12 6.854274e+11 1.658125e+08 
300 607950 1.550000e+00 1.918607e+03 9.214448e-02 3.109500e-04 3.123981e-08 1.317730e-08 4.004651e-12 2.819689e+12 1.127148e+12 3.572585e+08 8.593814e+11 3.435337e+11 1.088849e+08 
300 607950 1.600000e+00 1.883555e+03 8.412519e-02 3.549100e-04 1.891455e-08 7.168424e-09 2.680437e-12 1.740412e+12 8.651280e+11 2.377522e+08 5.304428e+11 2.636760e+11 7.246222e+07 
300 607950 1.650000e+00 1.850218e+03 7.728568e-02 3.965400e-04 1.184339e-08 4.130142e-09 1.840656e-12 1.109231e+12 4.967981e+11 1.664995e+08 3.380730e+11 1.514161e+11 5.074601e+07 
300 607950 1.700000e+00 1.818579e+03 7.116211e-02 4.405000e-04 7.666057e-09 2.570371e-09 1.304129e-12 7.316312e+11 2.938240e+11 1.198125e+08 2.229884e+11 8.955327e+10 3.651682e+07 
300 607950 1.750000e+00 1.790049e+03 6.582738e-02 4.312000e-04 5.097278e-09 2.119449e-09 9.290554e-13 4.954649e+11 1.899588e+11 8.822369e+07 1.510096e+11 5.789690e+10 2.688919e+07 
300 607950 1.800000e+00 1.765599e+03 6.075293e-02 4.265500e-04 3.576838e-09 1.780331e-09 6.869546e-13 3.534312e+11 1.633614e+11 6.639831e+07 1.077202e+11 4.979044e+10 2.023719e+07 



300 911925 5.000000e-01 1.509810e+03 2.105435e-02 1.769400e-04 1.948326e-11 1.853531e-11 1.763541e-15 4.665387e+09 4.420998e+09 4.313696e+05 1.421751e+09 1.347274e+09 1.314572e+05 
300 911925 5.500000e-01 1.609325e+03 4.178911e-02 9.882000e-05 2.793816e-10 2.662201e-10 1.316406e-14 5.974589e+10 5.787198e+10 2.821452e+06 1.820784e+10 1.763677e+10 8.598491e+05 
300 911925 6.000000e-01 1.706895e+03 6.844216e-02 6.588000e-05 1.869972e-09 1.760622e-09 6.106303e-14 3.601414e+11 3.323287e+11 1.180871e+07 1.097580e+11 1.012818e+11 3.598858e+06 
300 911925 6.500000e-01 1.797417e+03 9.581875e-02 5.329000e-05 7.147062e-09 6.496063e-09 1.896758e-13 1.250307e+12 1.134581e+12 3.347809e+07 3.810572e+11 3.457877e+11 1.020313e+07 
300 911925 7.000000e-01 1.884618e+03 1.232184e-01 4.651000e-05 2.045195e-08 1.883739e-08 4.738202e-13 3.292414e+12 3.010553e+12 7.672612e+07 1.003452e+12 9.175493e+11 2.338432e+07 
300 911925 7.500000e-01 1.972445e+03 1.502678e-01 4.360000e-05 5.029071e-08 4.430321e-08 1.063459e-12 7.431112e+12 7.115075e+12 1.560429e+08 2.264877e+12 2.168558e+12 4.755917e+07 
300 911925 8.000000e-01 2.055777e+03 1.748535e-01 3.876000e-05 1.059242e-07 9.814917e-08 2.090028e-12 1.447504e+13 1.327975e+13 2.871073e+08 4.411826e+12 4.047522e+12 8.750684e+07 
300 911925 8.500000e-01 2.132729e+03 1.951124e-01 3.682000e-05 1.975402e-07 1.843015e-07 3.743590e-12 2.506320e+13 2.317008e+13 4.784188e+08 7.639090e+12 7.062096e+12 1.458185e+08 
300 911925 9.000000e-01 2.204046e+03 2.115766e-01 3.778000e-05 3.385826e-07 2.956063e-07 6.342709e-12 4.014564e+13 3.844998e+13 7.450052e+08 1.223629e+13 1.171948e+13 2.270753e+08 
300 911925 9.500000e-01 2.267729e+03 2.240695e-01 3.488000e-05 5.415006e-07 5.170544e-07 1.002815e-11 6.010107e+13 5.675241e+13 1.120579e+09 1.831890e+13 1.729826e+13 3.415538e+08 
300 911925 1.000000e+00 2.311837e+03 2.318556e-01 3.488000e-05 8.073146e-07 7.764522e-07 1.518277e-11 8.404166e+13 8.000561e+13 1.594232e+09 2.561636e+13 2.438619e+13 4.859299e+08 
300 911925 1.050000e+00 2.308754e+03 2.340047e-01 3.875000e-05 1.112802e-06 1.060359e-06 2.220716e-11 1.090745e+14 1.027512e+14 2.193863e+09 3.324693e+13 3.131958e+13 6.687088e+08 
300 911925 1.100000e+00 2.272486e+03 2.295471e-01 4.457000e-05 1.392802e-06 1.233437e-06 3.045186e-11 1.291890e+14 1.228510e+14 2.807017e+09 3.937853e+13 3.744665e+13 8.556147e+08 
300 911925 1.150000e+00 2.230965e+03 2.178034e-01 4.941000e-05 1.525799e-06 1.320012e-06 3.772392e-11 1.347164e+14 1.173212e+14 3.360537e+09 4.106383e+13 3.576157e+13 1.024347e+09 
300 911925 1.200000e+00 2.188689e+03 1.989205e-01 6.200000e-05 1.377846e-06 1.096314e-06 4.125600e-11 1.170767e+14 1.016072e+14 3.499653e+09 3.568737e+13 3.097202e+13 1.066764e+09 
300 911925 1.250000e+00 2.147705e+03 1.747029e-01 7.848000e-05 9.750025e-07 7.628047e-07 3.721514e-11 8.050607e+13 6.129745e+13 3.088999e+09 2.454013e+13 1.868495e+13 9.415986e+08 
300 911925 1.300000e+00 2.107128e+03 1.490839e-01 1.133600e-04 5.006234e-07 3.056279e-07 2.568565e-11 4.108424e+13 2.438507e+13 2.107777e+09 1.252354e+13 7.433229e+12 6.425049e+08 
300 911925 1.350000e+00 2.066756e+03 1.281022e-01 1.395200e-04 2.175926e-07 1.144660e-07 1.343368e-11 1.813828e+13 9.293674e+12 1.116965e+09 5.529049e+12 2.832982e+12 3.404819e+08 
300 911925 1.400000e+00 2.028996e+03 1.130757e-01 1.530800e-04 1.068634e-07 5.881118e-08 7.337328e-12 9.145417e+12 4.770139e+12 6.224140e+08 2.787788e+12 1.454083e+12 1.897298e+08 
300 911925 1.450000e+00 1.990232e+03 1.014542e-01 1.735200e-04 5.617711e-08 2.797038e-08 4.277213e-12 4.912494e+12 2.361090e+12 3.704319e+08 1.497477e+12 7.197350e+11 1.129188e+08 
300 911925 1.500000e+00 1.954547e+03 9.212617e-02 1.959200e-04 3.323691e-08 1.563639e-08 2.776694e-12 2.960174e+12 1.303627e+12 2.445882e+08 9.023524e+11 3.973880e+11 7.455807e+07 
300 911925 1.550000e+00 1.917337e+03 8.426114e-02 2.406800e-04 1.995554e-08 6.925890e-09 1.868494e-12 1.813082e+12 9.981366e+11 1.616150e+08 5.526851e+11 3.042655e+11 4.926545e+07 
300 911925 1.600000e+00 1.884552e+03 7.718077e-02 2.368000e-04 1.302465e-08 5.725202e-09 1.308514e-12 1.206224e+12 4.991141e+11 1.192833e+08 3.676963e+11 1.521472e+11 3.636147e+07 
300 911925 1.650000e+00 1.850613e+03 7.117105e-02 2.815800e-04 8.485692e-09 3.027192e-09 9.456929e-13 7.996761e+11 4.125309e+11 8.496999e+07 2.437680e+11 1.257539e+11 2.590171e+07 
300 911925 1.700000e+00 1.819252e+03 6.584002e-02 2.777000e-04 5.665794e-09 2.551471e-09 6.785327e-13 5.430853e+11 2.249493e+11 6.364723e+07 1.655509e+11 6.857267e+10 1.940187e+07 
300 911925 1.750000e+00 1.789833e+03 6.102844e-02 3.205400e-04 3.871197e-09 1.475008e-09 5.082058e-13 3.771696e+11 1.330521e+11 4.832411e+07 1.149744e+11 4.055921e+10 1.473089e+07 
300 911925 1.800000e+00 1.762575e+03 5.681039e-02 3.653100e-04 2.686650e-09 9.303459e-10 3.849035e-13 2.656770e+11 1.142127e+11 3.629597e+07 8.098778e+10 3.481631e+10 1.106432e+07 



300 1215900 5.000000e-01 1.508619e+03 1.682764e-02 1.975800e-04 7.558128e-12 7.000254e-12 8.120129e-16 1.802719e+09 1.675512e+09 1.994434e+05 5.494566e+08 5.106849e+08 6.078888e+04 
300 1215900 5.500000e-01 1.608602e+03 3.345144e-02 9.461000e-05 1.307882e-10 1.287526e-10 6.046413e-15 2.759477e+10 2.721562e+10 1.295009e+06 8.410912e+09 8.295349e+09 3.947192e+05 
300 1215900 6.000000e-01 1.707434e+03 5.766150e-02 5.959000e-05 1.107390e-09 1.037729e-09 3.215278e-14 2.098693e+11 1.930524e+11 6.131126e+06 6.396979e+10 5.884392e+10 1.868812e+06 
300 1215900 6.500000e-01 1.795961e+03 8.279309e-02 4.682000e-05 4.694273e-09 4.286869e-09 1.065376e-13 8.123737e+11 7.396050e+11 1.855189e+07 2.476220e+11 2.254415e+11 5.654851e+06 
300 1215900 7.000000e-01 1.884743e+03 1.087736e-01 3.745000e-05 1.495136e-08 1.419233e-08 2.854833e-13 2.366440e+12 2.236142e+12 4.550569e+07 7.213329e+11 6.816168e+11 1.387093e+07 
300 1215900 7.500000e-01 1.972055e+03 1.345404e-01 3.490000e-05 3.874297e-08 3.476365e-08 6.675126e-13 5.639486e+12 5.029615e+12 9.755784e+07 1.719041e+12 1.533142e+12 2.973777e+07 
300 1215900 8.000000e-01 2.055633e+03 1.580764e-01 3.064000e-05 8.515989e-08 7.959048e-08 1.353843e-12 1.141917e+13 1.060470e+13 1.827876e+08 3.480865e+12 3.232595e+12 5.571843e+07 
300 1215900 8.500000e-01 2.132712e+03 1.774476e-01 2.894000e-05 1.625299e-07 1.527436e-07 2.471872e-12 2.030966e+13 1.890961e+13 3.104103e+08 6.190992e+12 5.764222e+12 9.462220e+07 
300 1215900 9.000000e-01 2.206023e+03 1.935563e-01 3.065000e-05 2.864216e-07 2.577488e-07 4.303110e-12 3.331789e+13 3.255302e+13 4.940288e+08 1.015639e+13 9.923248e+12 1.505962e+08 
300 1215900 9.500000e-01 2.271084e+03 2.052973e-01 2.809000e-05 4.621382e-07 4.490510e-07 6.840777e-12 5.023681e+13 4.763575e+13 7.470347e+08 1.531399e+13 1.452112e+13 2.277230e+08 
300 1215900 1.000000e+00 2.316512e+03 2.123672e-01 3.150000e-05 6.884710e-07 6.130765e-07 1.058935e-11 7.023112e+13 6.839376e+13 1.069880e+09 2.140919e+13 2.084912e+13 3.261409e+08 
300 1215900 1.050000e+00 2.311030e+03 2.139907e-01 3.065000e-05 9.427741e-07 8.969363e-07 1.514388e-11 9.080417e+13 8.535274e+13 1.466924e+09 2.768093e+13 2.601914e+13 4.471798e+08 
300 1215900 1.100000e+00 2.273036e+03 2.091054e-01 3.575000e-05 1.158175e-06 1.010226e-06 2.057855e-11 1.055155e+14 9.044634e+13 1.883285e+09 3.216587e+13 2.757217e+13 5.741095e+08 
300 1215900 1.150000e+00 2.226388e+03 1.970262e-01 4.086000e-05 1.211704e-06 1.057896e-06 2.469005e-11 1.052723e+14 9.031431e+13 2.157620e+09 3.209202e+13 2.753217e+13 6.577451e+08 
300 1215900 1.200000e+00 2.183099e+03 1.791549e-01 5.193000e-05 1.023358e-06 8.092749e-07 2.567613e-11 8.605646e+13 6.621307e+13 2.161791e+09 2.623434e+13 2.018512e+13 6.590222e+08 
300 1215900 1.250000e+00 2.140533e+03 1.566907e-01 6.980000e-05 6.520438e-07 4.610343e-07 2.135449e-11 5.352081e+13 3.655706e+13 1.754918e+09 1.631596e+13 1.114454e+13 5.349910e+08 
300 1215900 1.300000e+00 2.101462e+03 1.346673e-01 8.768000e-05 3.113968e-07 2.121963e-07 1.303884e-11 2.559265e+13 1.667166e+13 1.069165e+09 7.802033e+12 5.082443e+12 3.259397e+08 
300 1215900 1.350000e+00 2.068420e+03 1.180995e-01 1.123600e-04 1.485215e-07 7.795620e-08 7.270388e-12 1.243910e+13 8.174076e+12 5.950659e+08 3.792128e+12 2.491919e+12 1.814091e+08 
300 1215900 1.400000e+00 2.028398e+03 1.048861e-01 1.225700e-04 7.281114e-08 3.752402e-08 3.964453e-12 6.260264e+12 3.058148e+12 3.375063e+08 1.908482e+12 9.322999e+11 1.028910e+08 
300 1215900 1.450000e+00 1.990279e+03 9.464680e-02 1.344900e-04 4.059368e-08 2.113232e-08 2.427752e-12 3.561337e+12 1.747604e+12 2.108552e+08 1.085700e+12 5.327720e+11 6.428075e+07 
300 1215900 1.500000e+00 1.952522e+03 8.646322e-02 1.571300e-04 2.409654e-08 1.103849e-08 1.601550e-12 2.158123e+12 9.228023e+11 1.414379e+08 6.579209e+11 2.813249e+11 4.311848e+07 
300 1215900 1.550000e+00 1.918587e+03 7.933443e-02 1.780500e-04 1.557101e-08 6.334421e-09 1.141959e-12 1.422695e+12 5.346797e+11 1.024433e+08 4.337209e+11 1.630024e+11 3.123074e+07 
300 1215900 1.600000e+00 1.883105e+03 7.314759e-02 1.989900e-04 1.008141e-08 3.822501e-09 8.115569e-13 9.353351e+11 4.541083e+11 7.267228e+07 2.851454e+11 1.384397e+11 2.215482e+07 
300 1215900 1.650000e+00 1.851557e+03 6.751318e-02 2.216100e-04 6.899447e-09 2.509180e-09 6.058854e-13 6.520119e+11 2.879001e+11 5.515817e+07 1.987721e+11 8.776952e+10 1.681551e+07 
300 1215900 1.700000e+00 1.819430e+03 6.266711e-02 2.182100e-04 4.709425e-09 2.148655e-09 4.440273e-13 4.523284e+11 1.899205e+11 4.171555e+07 1.378969e+11 5.789948e+10 1.271742e+07 
300 1215900 1.750000e+00 1.790076e+03 5.826072e-02 2.617700e-04 3.281498e-09 1.150618e-09 3.414253e-13 3.201398e+11 1.628907e+11 3.146498e+07 9.759800e+10 4.965919e+10 9.592444e+06 
300 1215900 1.800000e+00 1.762168e+03 5.432062e-02 2.583700e-04 2.310428e-09 9.949667e-10 2.557710e-13 2.289001e+11 9.142835e+10 2.470094e+07 6.978271e+10 2.787309e+10 7.530365e+06 



500 101325 5.000000e-01 1.668744e+03 3.124164e-01 3.135400e-04 1.013435e-08 9.298293e-09 1.572005e-12 2.348985e+12 2.160248e+12 3.687607e+08 7.123159e+11 6.550982e+11 1.118217e+08 
500 101325 5.500000e-01 1.765248e+03 4.076179e-01 2.625000e-04 2.794759e-08 2.735701e-08 3.817263e-12 5.894027e+12 5.665398e+12 8.119859e+08 1.787822e+12 1.718501e+12 2.462901e+08 
500 101325 6.000000e-01 1.858186e+03 5.012595e-01 2.479200e-04 6.505170e-08 6.068447e-08 8.197084e-12 1.253253e+13 1.164418e+13 1.599032e+09 3.802351e+12 3.532905e+12 4.851277e+08 
500 101325 6.500000e-01 1.945631e+03 5.920311e-01 2.333300e-04 1.333104e-07 1.258022e-07 1.574838e-11 2.357020e+13 2.216352e+13 2.826599e+09 7.152589e+12 6.725899e+12 8.577313e+08 
500 101325 7.000000e-01 2.027574e+03 6.747979e-01 2.114600e-04 2.477970e-07 2.401611e-07 2.766472e-11 4.047471e+13 3.929366e+13 4.600490e+09 1.228462e+13 1.192637e+13 1.396262e+09 
500 101325 7.500000e-01 2.105786e+03 7.539747e-01 2.187500e-04 4.342629e-07 4.082162e-07 4.733933e-11 6.563021e+13 6.061229e+13 7.276376e+09 1.992298e+13 1.840017e+13 2.208765e+09 
500 101325 8.000000e-01 2.176526e+03 8.237855e-01 1.895900e-04 7.128456e-07 7.057461e-07 7.436434e-11 1.002415e+14 9.879004e+13 1.069213e+10 3.043403e+13 2.999378e+13 3.246095e+09 
500 101325 8.500000e-01 2.239134e+03 8.830471e-01 1.932300e-04 1.115835e-06 1.098111e-06 1.155707e-10 1.463383e+14 1.438719e+14 1.551290e+10 4.443522e+13 4.368702e+13 4.710291e+09 
500 101325 9.000000e-01 2.292769e+03 9.332305e-01 1.932300e-04 1.670633e-06 1.637518e-06 1.721572e-10 2.052045e+14 2.009145e+14 2.166560e+10 6.231745e+13 6.101562e+13 6.579277e+09 
500 101325 9.500000e-01 2.335341e+03 9.771198e-01 1.932300e-04 2.439510e-06 2.403451e-06 2.518084e-10 2.805345e+14 2.762863e+14 2.972705e+10 8.520443e+13 8.391492e+13 9.028389e+09 
500 101325 1.000000e+00 2.363566e+03 1.002350e+00 1.895900e-04 3.360560e-06 3.337068e-06 3.494919e-10 3.650003e+14 3.607054e+14 3.898937e+10 1.108691e+14 1.095658e+14 1.184265e+10 
500 101325 1.050000e+00 2.376838e+03 1.019654e+00 2.151000e-04 4.538251e-06 4.226517e-06 4.911296e-10 4.638130e+14 4.632360e+14 5.035186e+10 1.408973e+14 1.407234e+14 1.529545e+10 
500 101325 1.100000e+00 2.372008e+03 1.020846e+00 2.114600e-04 5.859620e-06 5.696471e-06 6.514950e-10 5.677559e+14 5.541764e+14 6.501231e+10 1.724910e+14 1.683669e+14 1.975073e+10 
500 101325 1.150000e+00 2.348027e+03 1.003319e+00 2.333300e-04 7.181570e-06 6.731933e-06 8.509674e-10 6.660323e+14 6.205774e+14 8.077681e+10 2.023651e+14 1.885577e+14 2.454219e+10 
500 101325 1.200000e+00 2.317839e+03 9.745939e-01 2.552100e-04 8.505557e-06 7.758664e-06 1.081283e-09 7.537161e+14 7.439579e+14 9.620727e+10 2.290262e+14 2.260628e+14 2.923287e+10 
500 101325 1.250000e+00 2.282923e+03 9.279736e-01 2.479200e-04 9.511119e-06 9.390548e-06 1.292110e-09 8.084345e+14 7.941833e+14 1.125506e+11 2.456719e+14 2.413436e+14 3.420161e+10 
500 101325 1.300000e+00 2.243103e+03 8.615820e-01 2.953100e-04 9.850475e-06 9.306820e-06 1.532279e-09 8.077223e+14 7.666466e+14 1.285178e+11 2.454751e+14 2.329952e+14 3.905695e+10 
500 101325 1.350000e+00 2.202580e+03 7.776061e-01 3.427000e-04 9.278224e-06 8.738610e-06 1.700145e-09 7.378204e+14 6.901089e+14 1.377575e+11 2.242488e+14 2.097509e+14 4.186838e+10 
500 101325 1.400000e+00 2.165144e+03 6.887892e-01 4.447900e-04 7.833412e-06 6.654211e-06 1.777176e-09 6.087458e+14 5.095706e+14 1.400308e+11 1.850318e+14 1.548900e+14 4.256251e+10 
500 101325 1.450000e+00 2.128933e+03 5.961960e-01 5.979200e-04 5.704807e-06 4.071031e-06 1.672220e-09 4.376227e+14 3.102885e+14 1.292790e+11 1.330265e+14 9.432213e+13 3.929711e+10 
500 101325 1.500000e+00 2.092271e+03 5.058063e-01 7.759100e-04 3.450404e-06 2.289275e-06 1.323133e-09 2.640498e+14 1.712780e+14 1.013631e+11 8.026842e+13 5.206832e+13 3.081322e+10 
500 101325 1.550000e+00 2.055409e+03 4.335930e-01 1.146480e-03 1.854222e-06 7.580321e-07 8.732786e-10 1.437442e+14 5.601154e+13 6.717289e+10 4.369870e+13 1.702832e+13 2.042072e+10 
500 101325 1.600000e+00 2.019906e+03 3.827707e-01 1.131900e-03 1.054211e-06 5.377049e-07 5.312092e-10 8.290052e+13 4.034600e+13 4.150161e+10 2.520289e+13 1.226618e+13 1.261701e+10 
500 101325 1.650000e+00 1.986885e+03 3.446651e-01 1.309890e-03 6.442231e-07 2.758309e-07 3.523635e-10 5.173027e+13 2.117443e+13 2.799772e+10 1.572699e+13 6.437704e+12 8.511833e+09 
500 101325 1.700000e+00 1.956368e+03 3.130537e-01 1.295310e-03 4.078865e-07 2.056307e-07 2.337889e-10 3.327868e+13 1.592146e+13 1.892756e+10 1.011748e+13 4.840700e+12 5.754419e+09 
500 101325 1.750000e+00 1.925772e+03 2.867402e-01 1.280730e-03 2.578268e-07 1.511067e-07 1.555352e-10 2.137681e+13 1.194316e+13 1.282785e+10 6.499148e+12 3.631214e+12 3.900036e+09 
500 101325 1.800000e+00 1.897541e+03 2.635441e-01 1.651300e-03 1.641227e-07 6.288197e-08 1.093952e-10 1.384771e+13 4.978403e+12 9.145990e+09 4.210197e+12 1.513682e+12 2.780704e+09 



500 303975 5.000000e-01 1.668550e+03 2.070912e-01 1.288800e-04 3.789873e-09 3.633924e-09 2.534325e-13 8.453196e+11 8.087270e+11 5.694046e+07 2.572915e+11 2.461548e+11 1.733094e+07 
500 303975 5.500000e-01 1.764080e+03 2.814441e-01 1.183500e-04 1.230348e-08 1.101757e-08 7.104660e-13 2.488368e+12 2.409184e+12 1.428354e+08 7.574564e+11 7.333558e+11 4.347856e+07 
500 303975 6.000000e-01 1.856767e+03 3.564949e-01 9.731000e-05 3.223797e-08 3.047942e-08 1.641376e-12 5.942059e+12 5.615258e+12 3.056789e+08 1.808893e+12 1.709420e+12 9.305467e+07 
500 303975 6.500000e-01 1.945796e+03 4.299160e-01 9.468000e-05 7.229227e-08 6.600727e-08 3.417273e-12 1.223219e+13 1.111843e+13 5.841910e+08 3.723999e+12 3.384952e+12 1.778512e+08 
500 303975 7.000000e-01 2.029702e+03 4.982061e-01 8.942000e-05 1.433673e-07 1.324655e-07 6.393700e-12 2.241676e+13 2.060146e+13 1.010443e+09 6.825031e+12 6.092166e+12 3.065096e+08 
500 303975 7.500000e-01 2.108409e+03 5.608140e-01 8.153000e-05 2.604547e-07 2.483433e-07 1.106276e-11 3.788435e+13 3.599012e+13 1.624697e+09 1.153492e+13 1.095824e+13 4.946784e+08 
500 303975 8.000000e-01 2.183474e+03 6.188940e-01 8.416000e-05 4.483005e-07 4.095849e-07 1.856778e-11 6.044553e+13 5.953773e+13 2.477881e+09 1.840520e+13 1.812883e+13 7.544876e+08 
500 303975 8.500000e-01 2.252091e+03 6.689262e-01 7.495000e-05 7.277581e-07 7.142772e-07 2.914901e-11 9.176591e+13 8.876048e+13 3.717258e+09 2.794324e+13 2.702821e+13 1.131916e+09 
500 303975 9.000000e-01 2.311516e+03 7.103815e-01 7.495000e-05 1.125661e-06 1.087762e-06 4.470302e-11 1.322869e+14 1.276838e+14 5.349626e+09 4.028382e+13 3.888225e+13 1.629043e+09 
500 303975 9.500000e-01 2.361542e+03 7.451861e-01 7.495000e-05 1.679460e-06 1.622176e-06 6.660028e-11 1.849935e+14 1.784990e+14 7.481191e+09 5.633618e+13 5.435863e+13 2.278227e+09 
500 303975 1.000000e+00 2.394625e+03 7.687338e-01 7.495000e-05 2.376947e-06 2.333463e-06 9.542060e-11 2.476018e+14 2.418309e+14 1.010351e+10 7.540494e+13 7.364778e+13 3.076905e+09 
500 303975 1.050000e+00 2.404853e+03 7.793063e-01 8.416000e-05 3.216952e-06 2.971528e-06 1.349214e-10 3.162742e+14 2.897514e+14 1.347347e+10 9.632184e+13 8.824487e+13 4.103329e+09 
500 303975 1.100000e+00 2.391806e+03 7.783007e-01 8.153000e-05 4.172189e-06 4.025025e-06 1.803696e-10 3.884643e+14 3.739625e+14 1.710200e+10 1.183111e+14 1.138951e+14 5.208562e+09 
500 303975 1.150000e+00 2.363433e+03 7.648409e-01 8.942000e-05 5.127741e-06 4.854247e-06 2.369528e-10 4.548069e+14 4.267168e+14 2.136135e+10 1.385208e+14 1.299662e+14 6.505987e+09 
500 303975 1.200000e+00 2.325683e+03 7.333650e-01 9.731000e-05 5.881203e-06 5.595990e-06 2.968777e-10 4.973621e+14 4.716586e+14 2.556971e+10 1.514863e+14 1.436584e+14 7.787957e+09 
500 303975 1.250000e+00 2.285597e+03 6.854456e-01 1.130900e-04 6.157376e-06 5.511916e-06 3.535693e-10 5.012431e+14 4.502111e+14 2.926650e+10 1.526729e+14 1.371300e+14 8.914178e+09 
500 303975 1.300000e+00 2.246771e+03 6.259393e-01 1.394000e-04 5.811587e-06 4.697027e-06 3.948517e-10 4.581892e+14 4.044058e+14 3.117636e+10 1.395630e+14 1.231815e+14 9.496163e+09 
500 303975 1.350000e+00 2.208590e+03 5.555700e-01 1.762200e-04 4.759524e-06 3.537206e-06 3.996905e-10 3.654482e+14 2.654220e+14 3.095393e+10 1.113170e+14 8.084936e+13 9.428658e+09 
500 303975 1.400000e+00 2.170939e+03 4.796156e-01 2.130400e-04 3.193196e-06 2.503072e-06 3.455124e-10 2.416555e+14 1.838259e+14 2.623955e+10 7.361091e+13 5.599588e+13 7.992832e+09 
500 303975 1.450000e+00 2.133430e+03 4.079117e-01 3.313900e-04 1.726607e-06 8.394842e-07 2.473542e-10 1.310419e+14 6.119034e+13 1.867577e+10 3.991749e+13 1.863980e+13 5.688934e+09 
500 303975 1.500000e+00 2.094459e+03 3.534749e-01 3.682100e-04 8.736093e-07 4.458857e-07 1.422068e-10 6.727776e+13 3.275300e+13 1.087487e+10 2.049418e+13 9.977369e+12 3.312703e+09 
500 303975 1.550000e+00 2.059445e+03 3.164203e-01 4.471200e-04 4.956185e-07 1.949885e-07 8.919798e-11 3.897503e+13 1.849608e+13 6.847138e+09 1.187268e+13 5.634414e+12 2.085795e+09 
500 303975 1.600000e+00 2.021892e+03 2.850993e-01 4.901900e-04 2.854218e-07 1.074908e-07 5.576333e-11 2.282033e+13 1.033836e+13 4.348852e+09 6.951647e+12 3.149379e+12 1.324772e+09 
500 303975 1.650000e+00 1.988566e+03 2.609824e-01 5.332700e-04 1.785591e-07 6.432858e-08 3.763320e-11 1.453728e+13 4.892332e+12 3.030604e+09 4.428441e+12 1.490365e+12 9.232056e+08 
500 303975 1.700000e+00 1.954783e+03 2.396659e-01 6.246800e-04 1.121645e-07 3.251551e-08 2.588580e-11 9.331608e+12 3.804682e+12 2.067825e+09 2.842682e+12 1.159038e+12 6.299206e+08 
500 303975 1.750000e+00 1.925607e+03 2.215089e-01 6.194200e-04 7.535407e-08 2.623909e-08 1.836081e-11 6.382111e+12 2.093165e+12 1.532422e+09 1.944185e+12 6.376543e+11 4.668234e+08 
500 303975 1.800000e+00 1.894926e+03 2.049952e-01 7.108300e-04 4.990635e-08 1.455594e-08 1.317547e-11 4.299814e+12 1.674600e+12 1.092157e+09 1.309860e+12 5.101471e+11 3.327066e+08 



500 607950 5.000000e-01 1.666929e+03 1.473068e-01 8.377000e-05 1.508422e-09 1.447042e-09 6.578545e-14 3.262129e+11 3.132662e+11 1.435525e+07 9.938251e+10 9.543842e+10 4.373388e+06 
500 607950 5.500000e-01 1.764793e+03 2.127782e-01 7.054000e-05 6.242622e-09 5.648959e-09 2.201775e-13 1.216719e+12 1.106718e+12 4.329564e+07 3.706973e+11 3.371843e+11 1.319081e+07 
500 607950 6.000000e-01 1.857158e+03 2.789429e-01 5.842000e-05 1.847454e-08 1.765839e-08 5.599876e-13 3.282028e+12 3.112897e+12 1.002707e+08 9.999723e+11 9.484432e+11 3.055047e+07 
500 607950 6.500000e-01 1.944856e+03 3.413833e-01 5.511000e-05 4.465147e-08 4.131215e-08 1.229566e-12 7.289205e+12 6.664741e+12 2.020652e+08 2.220954e+12 2.030695e+12 6.156724e+07 
500 607950 7.000000e-01 2.030185e+03 4.025160e-01 4.960000e-05 9.539484e-08 9.044045e-08 2.428216e-12 1.436208e+13 1.348456e+13 3.681214e+08 4.376130e+12 4.108760e+12 1.121662e+08 
500 607950 7.500000e-01 2.111856e+03 4.586581e-01 4.740000e-05 1.843952e-07 1.735056e-07 4.457415e-12 2.567929e+13 2.391687e+13 6.255124e+08 7.824696e+12 7.287696e+12 1.905981e+08 
500 607950 8.000000e-01 2.188664e+03 5.099249e-01 4.409000e-05 3.300941e-07 3.151180e-07 7.631682e-12 4.266555e+13 4.025454e+13 9.958606e+08 1.300088e+13 1.226624e+13 3.034534e+08 
500 607950 8.500000e-01 2.258742e+03 5.530336e-01 4.519000e-05 5.493544e-07 5.047227e-07 1.248638e-11 6.621021e+13 6.013584e+13 1.519750e+09 2.017574e+13 1.832483e+13 4.631005e+08 
500 607950 9.000000e-01 2.321802e+03 5.888283e-01 4.630000e-05 8.633396e-07 7.851213e-07 1.951401e-11 9.742174e+13 9.474522e+13 2.194416e+09 2.968724e+13 2.887168e+13 6.686993e+08 
500 607950 9.500000e-01 2.374338e+03 6.161603e-01 4.189000e-05 1.293713e-06 1.263224e-06 2.882332e-11 1.369702e+14 1.324836e+14 3.092431e+09 4.173954e+13 4.037248e+13 9.423676e+08 
500 607950 1.000000e+00 2.410249e+03 6.345948e-01 4.630000e-05 1.849071e-06 1.708837e-06 4.243419e-11 1.844856e+14 1.805198e+14 4.217970e+09 5.622023e+13 5.501178e+13 1.285381e+09 
500 607950 1.050000e+00 2.419395e+03 6.430534e-01 4.519000e-05 2.513725e-06 2.393938e-06 5.904417e-11 2.367256e+14 2.230521e+14 5.629731e+09 7.214109e+13 6.797438e+13 1.715630e+09 
500 607950 1.100000e+00 2.400163e+03 6.396331e-01 4.409000e-05 3.217618e-06 3.193687e-06 7.822166e-11 2.873856e+14 2.831665e+14 7.092654e+09 8.758095e+13 8.629532e+13 2.161483e+09 
500 607950 1.150000e+00 2.365975e+03 6.232866e-01 5.070000e-05 3.843244e-06 3.647847e-06 1.025527e-10 3.269553e+14 3.058165e+14 8.832797e+09 9.964143e+13 9.319956e+13 2.691835e+09 
500 607950 1.200000e+00 2.328008e+03 5.930450e-01 5.731000e-05 4.197926e-06 3.877803e-06 1.252255e-10 3.423456e+14 3.166484e+14 1.035054e+10 1.043333e+14 9.650211e+13 3.154421e+09 
500 607950 1.250000e+00 2.287860e+03 5.488770e-01 7.275000e-05 4.097666e-06 3.376821e-06 1.442221e-10 3.222457e+14 3.001176e+14 1.120465e+10 9.820911e+13 9.146551e+13 3.414772e+09 
500 607950 1.300000e+00 2.248316e+03 4.932900e-01 8.707000e-05 3.442564e-06 2.746906e-06 1.471425e-10 2.625639e+14 2.074146e+14 1.131522e+10 8.002123e+13 6.321376e+13 3.448516e+09 
500 607950 1.350000e+00 2.209464e+03 4.310732e-01 1.190500e-04 2.370386e-06 1.567822e-06 1.308804e-10 1.776962e+14 1.147118e+14 9.845440e+09 5.415684e+13 3.496114e+13 3.000611e+09 
500 607950 1.400000e+00 2.171173e+03 3.703005e-01 1.675400e-04 1.284313e-06 6.177321e-07 9.221362e-11 9.645492e+13 5.731914e+13 6.802515e+09 2.939704e+13 1.746955e+13 2.073234e+09 
500 607950 1.450000e+00 2.134134e+03 3.236519e-01 1.829700e-04 6.556720e-07 3.521193e-07 5.390252e-11 5.006481e+13 2.543110e+13 4.085199e+09 1.525859e+13 7.750869e+12 1.245074e+09 
500 607950 1.500000e+00 2.098443e+03 2.894528e-01 2.160400e-04 3.609776e-07 1.641699e-07 3.304244e-11 2.818129e+13 1.197484e+13 2.547231e+09 8.589046e+12 3.649701e+12 7.763406e+08 
500 607950 1.550000e+00 2.061940e+03 2.624725e-01 2.667400e-04 2.110354e-07 6.888306e-08 2.137380e-11 1.678568e+13 6.055068e+12 1.660775e+09 5.115928e+12 1.845478e+12 5.061704e+08 
500 607950 1.600000e+00 2.026154e+03 2.401106e-01 2.821700e-04 1.295085e-07 4.505373e-08 1.424916e-11 1.050525e+13 3.357335e+12 1.136438e+09 3.201797e+12 1.023261e+12 3.463646e+08 
500 607950 1.650000e+00 1.990383e+03 2.208271e-01 3.152300e-04 8.219206e-08 2.631998e-08 9.817851e-12 6.789901e+12 1.977288e+12 7.964023e+08 2.069437e+12 6.026480e+11 2.427292e+08 
500 607950 1.700000e+00 1.956023e+03 2.038524e-01 3.461000e-04 5.397886e-08 1.610414e-08 6.990235e-12 4.542439e+12 1.244916e+12 5.769128e+08 1.384457e+12 3.794333e+11 1.758333e+08 
500 607950 1.750000e+00 1.923181e+03 1.889727e-01 3.791700e-04 3.639530e-08 1.046489e-08 5.099933e-12 3.116586e+12 8.201330e+11 4.276806e+08 9.498847e+11 2.499661e+11 1.303503e+08 
500 607950 1.800000e+00 1.891082e+03 1.756925e-01 4.231700e-04 2.492488e-08 6.431217e-09 3.776019e-12 2.173140e+12 6.974173e+11 3.160970e+08 6.623391e+11 2.125645e+11 9.634164e+07 



500 911925 5.000000e-01 1.668127e+03 1.160888e-01 7.439000e-05 7.633209e-10 7.169503e-10 2.789877e-14 1.613732e+11 1.530333e+11 5.964440e+06 4.917856e+10 4.663704e+10 1.817662e+06 
500 911925 5.500000e-01 1.763819e+03 1.742823e-01 5.428000e-05 3.657247e-09 3.458708e-09 1.010017e-13 6.988080e+11 6.476189e+11 1.940526e+07 2.129683e+11 1.973684e+11 5.913926e+06 
500 911925 6.000000e-01 1.855579e+03 2.345736e-01 4.625000e-05 1.213121e-08 1.113470e-08 2.808834e-13 2.109747e+12 1.924425e+12 4.921353e+07 6.429820e+11 5.865030e+11 1.499864e+07 
500 911925 6.500000e-01 1.945611e+03 2.946155e-01 3.920000e-05 3.231619e-08 3.100070e-08 6.570449e-13 5.141889e+12 4.923757e+12 1.054151e+08 1.567115e+12 1.500637e+12 3.212773e+07 
500 911925 7.000000e-01 2.031816e+03 3.521690e-01 3.719000e-05 7.305413e-08 6.515897e-08 1.370491e-12 1.070118e+13 9.489357e+12 2.021479e+08 3.261508e+12 2.892177e+12 6.161056e+07 
500 911925 7.500000e-01 2.113993e+03 4.050147e-01 3.518000e-05 1.464207e-07 1.304397e-07 2.584201e-12 1.980369e+13 1.756859e+13 3.526190e+08 6.035878e+12 5.354671e+12 1.074730e+08 
500 911925 8.000000e-01 2.191249e+03 4.515801e-01 3.317000e-05 2.667474e-07 2.513547e-07 4.497713e-12 3.353613e+13 3.058904e+13 5.687668e+08 1.022150e+13 9.323278e+12 1.733544e+08 
500 911925 8.500000e-01 2.262433e+03 4.921567e-01 3.368000e-05 4.525700e-07 4.006154e-07 7.464160e-12 5.307705e+13 5.147319e+13 8.654674e+08 1.617762e+13 1.568881e+13 2.637896e+08 
500 911925 9.000000e-01 2.327519e+03 5.251802e-01 3.016000e-05 7.214040e-07 6.963297e-07 1.157655e-11 7.921309e+13 7.590120e+13 1.285422e+09 2.414410e+13 2.313468e+13 3.917948e+08 
500 911925 9.500000e-01 2.382653e+03 5.503808e-01 3.066000e-05 1.089813e-06 1.049540e-06 1.754127e-11 1.122651e+14 1.076766e+14 1.828967e+09 3.421874e+13 3.282024e+13 5.574737e+08 
500 911925 1.000000e+00 2.420825e+03 5.666328e-01 3.066000e-05 1.563028e-06 1.525195e-06 2.552005e-11 1.517646e+14 1.473501e+14 2.507123e+09 4.625891e+13 4.491341e+13 7.641866e+08 
500 911925 1.050000e+00 2.429508e+03 5.727332e-01 3.418000e-05 2.115837e-06 1.964378e-06 3.624833e-11 1.940610e+14 1.781012e+14 3.358612e+09 5.915182e+13 5.428725e+13 1.023738e+09 
500 911925 1.100000e+00 2.405830e+03 5.670163e-01 3.719000e-05 2.681611e-06 2.415686e-06 4.900421e-11 2.329049e+14 2.279166e+14 4.229527e+09 7.099261e+13 6.947225e+13 1.289216e+09 
500 911925 1.150000e+00 2.369468e+03 5.494328e-01 3.971000e-05 3.118804e-06 2.826769e-06 6.211325e-11 2.588998e+14 2.312180e+14 5.200112e+09 7.891709e+13 7.047942e+13 1.585081e+09 
500 911925 1.200000e+00 2.329379e+03 5.184698e-01 4.624000e-05 3.270263e-06 2.835331e-06 7.409924e-11 2.600618e+14 2.213694e+14 5.942528e+09 7.927210e+13 6.747810e+13 1.811401e+09 
500 911925 1.250000e+00 2.289714e+03 4.757506e-01 5.630000e-05 2.982789e-06 2.378973e-06 8.030522e-11 2.295370e+14 1.983065e+14 6.161850e+09 6.996822e+13 6.044860e+13 1.878272e+09 
500 911925 1.300000e+00 2.250858e+03 4.256195e-01 6.534000e-05 2.291498e-06 1.835945e-06 7.579243e-11 1.722167e+14 1.371381e+14 5.733279e+09 5.249609e+13 4.180336e+13 1.747649e+09 
500 911925 1.350000e+00 2.212312e+03 3.720570e-01 9.550000e-05 1.406374e-06 8.384744e-07 6.094864e-11 1.048673e+14 7.222917e+13 4.485229e+09 3.196648e+13 2.201755e+13 1.367222e+09 
500 911925 1.400000e+00 2.174870e+03 3.244981e-01 1.256600e-04 7.362339e-07 3.442813e-07 3.916478e-11 5.545000e+13 3.331306e+13 2.874100e+09 1.690279e+13 1.015485e+13 8.761101e+08 
500 911925 1.450000e+00 2.137542e+03 2.881479e-01 1.407300e-04 3.901485e-07 1.827019e-07 2.323904e-11 2.988790e+13 1.323902e+13 1.766794e+09 9.110749e+12 4.035682e+12 5.385728e+08 
500 911925 1.500000e+00 2.100196e+03 2.597722e-01 1.708900e-04 2.213824e-07 7.775045e-08 1.462677e-11 1.737801e+13 7.269094e+12 1.118117e+09 5.297365e+12 2.215863e+12 3.408373e+08 
500 911925 1.550000e+00 2.062761e+03 2.368642e-01 1.849600e-04 1.325496e-07 4.626834e-08 9.565086e-12 1.065755e+13 4.309831e+12 7.451141e+08 3.248766e+12 1.313784e+12 2.271349e+08 
500 911925 1.600000e+00 2.026514e+03 2.178645e-01 2.151200e-04 8.411000e-08 2.401492e-08 6.646167e-12 6.895274e+12 2.202856e+12 5.275655e+08 2.101907e+12 6.715081e+11 1.608195e+08 
500 911925 1.650000e+00 1.991410e+03 2.013181e-01 2.452800e-04 5.560964e-08 1.391009e-08 4.796659e-12 4.636099e+12 1.819283e+12 3.787310e+08 1.413238e+12 5.545826e+11 1.154501e+08 
500 911925 1.700000e+00 1.957412e+03 1.871075e-01 2.593600e-04 3.781357e-08 9.940385e-09 3.524863e-12 3.202671e+12 1.067838e+12 2.864174e+08 9.762833e+11 3.255161e+11 8.730994e+07 
500 911925 1.750000e+00 1.924689e+03 1.740362e-01 2.573500e-04 2.631734e-08 8.476321e-09 2.613845e-12 2.270247e+12 6.638038e+11 2.201576e+08 6.920504e+11 2.023522e+11 6.711182e+07 
500 911925 1.800000e+00 1.893006e+03 1.623935e-01 2.875000e-04 1.851939e-08 5.495338e-09 1.988908e-12 1.623517e+12 5.809675e+11 1.671176e+08 4.949053e+11 1.771009e+11 5.094342e+07 



500 1215900 5.000000e-01 1.667778e+03 9.554117e-02 6.625000e-05 4.199471e-10 4.080994e-10 1.409798e-14 8.753436e+10 8.584517e+10 2.982374e+06 2.668029e+10 2.616544e+10 9.090195e+05 
500 1215900 5.500000e-01 1.763886e+03 1.491367e-01 4.827000e-05 2.366626e-09 2.214399e-09 5.659459e-14 4.456019e+11 4.160443e+11 1.074136e+07 1.358216e+11 1.268124e+11 3.274011e+06 
500 1215900 6.000000e-01 1.856222e+03 2.058369e-01 4.070000e-05 8.693702e-09 7.627237e-09 1.693820e-13 1.488921e+12 1.432315e+12 2.881508e+07 4.538389e+11 4.365852e+11 8.783125e+06 
500 1215900 6.500000e-01 1.946742e+03 2.637112e-01 3.313000e-05 2.487703e-08 2.255234e-08 4.174167e-13 3.894039e+12 3.522644e+12 6.571452e+07 1.186965e+12 1.073759e+12 2.003079e+07 
500 1215900 7.000000e-01 2.031358e+03 3.169890e-01 2.840000e-05 5.776582e-08 5.542662e-08 8.704395e-13 8.311117e+12 7.952564e+12 1.264379e+08 2.533397e+12 2.424105e+12 3.854077e+07 
500 1215900 7.500000e-01 2.113344e+03 3.669676e-01 2.650000e-05 1.190775e-07 1.153484e-07 1.676358e-12 1.590780e+13 1.513400e+13 2.248029e+08 4.849082e+12 4.613217e+12 6.852527e+07 
500 1215900 8.000000e-01 2.192078e+03 4.123680e-01 2.792000e-05 2.248231e-07 2.029367e-07 3.058855e-12 2.785645e+13 2.748358e+13 3.709137e+08 8.491424e+12 8.377772e+12 1.130647e+08 
500 1215900 8.500000e-01 2.265728e+03 4.515632e-01 2.461000e-05 3.908369e-07 3.755555e-07 5.066960e-12 4.500816e+13 4.248855e+13 5.876473e+08 1.371990e+13 1.295186e+13 1.791331e+08 
500 1215900 9.000000e-01 2.333145e+03 4.835796e-01 2.508000e-05 6.349908e-07 5.933513e-07 8.162674e-12 6.834165e+13 6.372235e+13 8.860281e+08 2.083289e+13 1.942481e+13 2.700916e+08 
500 1215900 9.500000e-01 2.390140e+03 5.069655e-01 2.556000e-05 9.617202e-07 9.013714e-07 1.245134e-11 9.757272e+13 8.928475e+13 1.266125e+09 2.974382e+13 2.721740e+13 3.859617e+08 
500 1215900 1.000000e+00 2.428859e+03 5.220933e-01 2.556000e-05 1.384752e-06 1.313958e-06 1.816168e-11 1.317938e+14 1.227222e+14 1.739623e+09 4.017605e+13 3.741075e+13 5.303063e+08 
500 1215900 1.050000e+00 2.435033e+03 5.272834e-01 2.508000e-05 1.860825e-06 1.823933e-06 2.515623e-11 1.676164e+14 1.616652e+14 2.281553e+09 5.109667e+13 4.928257e+13 6.955145e+08 
500 1215900 1.100000e+00 2.409874e+03 5.212131e-01 2.792000e-05 2.328702e-06 2.204675e-06 3.386334e-11 1.982506e+14 1.867536e+14 2.915636e+09 6.043583e+13 5.693109e+13 8.888173e+08 
500 1215900 1.150000e+00 2.372529e+03 5.033541e-01 3.029000e-05 2.654502e-06 2.490056e-06 4.255618e-11 2.163642e+14 2.003134e+14 3.493165e+09 6.595820e+13 6.106527e+13 1.064883e+09 
500 1215900 1.200000e+00 2.332763e+03 4.728978e-01 3.691000e-05 2.679195e-06 2.364823e-06 4.956751e-11 2.100050e+14 1.826719e+14 3.907744e+09 6.402008e+13 5.568771e+13 1.191276e+09 
500 1215900 1.250000e+00 2.291964e+03 4.312354e-01 4.638000e-05 2.315955e-06 1.796343e-06 5.161535e-11 1.760535e+14 1.528885e+14 3.901738e+09 5.367033e+13 4.601867e+13 1.188059e+09 
500 1215900 1.300000e+00 2.251539e+03 3.836298e-01 5.584000e-05 1.639903e-06 1.274581e-06 4.581006e-11 1.221089e+14 9.216123e+13 3.421482e+09 3.722545e+13 2.809583e+13 1.043053e+09 
500 1215900 1.350000e+00 2.213345e+03 3.370577e-01 7.666000e-05 9.496194e-07 5.812548e-07 3.396269e-11 7.082127e+13 4.222935e+13 2.521721e+09 2.159027e+13 1.287391e+13 7.687610e+08 
500 1215900 1.400000e+00 2.175419e+03 2.973611e-01 9.086000e-05 4.967220e-07 2.875811e-07 2.075635e-11 3.760485e+13 2.093118e+13 1.559185e+09 1.146409e+13 6.381036e+12 4.753281e+08 
500 1215900 1.450000e+00 2.137863e+03 2.667687e-01 1.050500e-04 2.723840e-07 1.424338e-07 1.265725e-11 2.106684e+13 1.023829e+13 9.669949e+08 6.422385e+12 3.121235e+12 2.947957e+08 
500 1215900 1.500000e+00 2.101447e+03 2.423063e-01 1.334500e-04 1.621045e-07 5.635191e-08 8.403540e-12 1.280189e+13 5.580006e+12 6.427513e+08 3.902760e+12 1.701119e+12 1.959480e+08 
500 1215900 1.550000e+00 2.063710e+03 2.220526e-01 1.476400e-04 9.970969e-08 3.321653e-08 5.646168e-12 8.041210e+12 3.241358e+12 4.400248e+08 2.451433e+12 9.881619e+11 1.341455e+08 
500 1215900 1.600000e+00 2.027548e+03 2.051187e-01 1.618400e-04 6.490129e-08 2.123013e-08 3.997745e-12 5.340858e+12 1.596712e+12 3.218102e+08 1.628210e+12 4.867755e+11 9.810693e+07 
500 1215900 1.650000e+00 1.991602e+03 1.898755e-01 1.892900e-04 4.350535e-08 1.116940e-08 2.942633e-12 3.642889e+12 1.069623e+12 2.380002e+08 1.110570e+12 3.260872e+11 7.255677e+07 
500 1215900 1.700000e+00 1.958049e+03 1.763352e-01 2.025400e-04 3.038012e-08 8.008887e-09 2.218488e-12 2.587311e+12 7.443854e+11 1.823132e+08 7.887681e+11 2.269349e+11 5.558012e+07 
500 1215900 1.750000e+00 1.924652e+03 1.646321e-01 2.157900e-04 2.137836e-08 5.725423e-09 1.678297e-12 1.849598e+12 6.712594e+11 1.388455e+08 5.638696e+11 2.046418e+11 4.232857e+07 
500 1215900 1.800000e+00 1.893171e+03 1.543342e-01 2.139000e-04 1.536313e-08 5.096303e-09 1.289842e-12 1.349286e+12 4.164087e+11 1.106901e+08 4.113445e+11 1.269476e+11 3.374514e+07 



700 101325 5.000000e-01 1.834337e+03 8.666924e-01 2.484400e-04 4.540040e-08 4.257743e-08 5.679000e-12 9.389004e+12 8.717142e+12 1.191105e+09 2.847629e+12 2.643945e+12 3.612404e+08 
700 101325 5.500000e-01 1.927113e+03 1.035560e+00 2.203100e-04 9.969113e-08 9.620981e-08 1.142941e-11 1.879670e+13 1.799588e+13 2.191225e+09 5.702293e+12 5.459518e+12 6.647185e+08 
700 101325 6.000000e-01 2.014991e+03 1.192591e+00 2.062500e-04 1.955204e-07 1.886005e-07 2.115087e-11 3.383730e+13 3.277942e+13 3.736670e+09 1.026732e+13 9.946544e+12 1.133771e+09 
700 101325 6.500000e-01 2.096682e+03 1.337449e+00 1.921900e-04 3.513449e-07 3.446180e-07 3.611445e-11 5.612535e+13 5.467870e+13 5.889006e+09 1.703326e+13 1.659463e+13 1.787154e+09 
700 101325 7.000000e-01 2.172158e+03 1.474059e+00 1.968700e-04 5.959092e-07 5.761079e-07 5.979587e-11 8.814871e+13 8.419264e+13 9.036368e+09 2.675639e+13 2.555633e+13 2.742747e+09 
700 101325 7.500000e-01 2.240805e+03 1.594426e+00 1.968700e-04 9.554417e-07 9.019961e-07 9.393735e-11 1.313130e+14 1.222759e+14 1.321183e+10 3.986411e+13 3.712212e+13 4.010698e+09 
700 101325 8.000000e-01 2.300600e+03 1.696231e+00 1.968700e-04 1.459792e-06 1.359267e-06 1.416691e-10 1.873592e+14 1.839879e+14 1.837291e+10 5.688659e+13 5.586406e+13 5.578189e+09 
700 101325 8.500000e-01 2.350800e+03 1.781292e+00 1.781200e-04 2.144685e-06 2.123956e-06 2.035959e-10 2.578438e+14 2.531749e+14 2.514818e+10 7.829701e+13 7.688066e+13 7.636164e+09 
700 101325 9.000000e-01 2.393310e+03 1.853423e+00 1.734400e-04 3.057668e-06 3.009991e-06 2.888287e-10 3.450207e+14 3.407281e+14 3.364361e+10 1.047809e+14 1.034792e+14 1.021695e+10 
700 101325 9.500000e-01 2.427862e+03 1.910123e+00 1.921900e-04 4.233555e-06 3.985370e-06 4.083642e-10 4.501761e+14 4.454184e+14 4.395668e+10 1.367315e+14 1.352880e+14 1.335029e+10 
700 101325 1.000000e+00 2.449869e+03 1.943950e+00 1.921900e-04 5.653865e-06 5.475637e-06 5.521742e-10 5.675620e+14 5.452521e+14 5.708068e+10 1.724005e+14 1.656288e+14 1.733797e+10 
700 101325 1.050000e+00 2.463857e+03 1.964019e+00 1.875000e-04 7.372086e-06 7.252322e-06 7.307755e-10 7.012076e+14 6.834807e+14 7.163784e+10 2.130160e+14 2.076360e+14 2.176169e+10 
700 101325 1.100000e+00 2.466389e+03 1.963752e+00 1.828100e-04 9.328993e-06 9.281891e-06 9.424083e-10 8.439566e+14 8.403541e+14 8.816075e+10 2.564054e+14 2.553121e+14 2.678325e+10 
700 101325 1.150000e+00 2.456515e+03 1.941852e+00 2.156300e-04 1.141187e-05 1.059016e-05 1.232571e-09 9.839887e+14 9.717370e+14 1.082354e+11 2.989719e+14 2.952544e+14 3.288475e+10 
700 101325 1.200000e+00 2.437584e+03 1.902258e+00 2.109400e-04 1.357138e-05 1.327077e-05 1.532155e-09 1.118527e+15 1.095801e+15 1.302517e+11 3.398769e+14 3.329776e+14 3.957715e+10 
700 101325 1.250000e+00 2.411285e+03 1.839310e+00 2.437500e-04 1.548609e-05 1.440624e-05 1.901522e-09 1.225197e+15 1.143253e+15 1.547358e+11 3.723197e+14 3.474258e+14 4.702040e+10 
700 101325 1.300000e+00 2.381819e+03 1.754364e+00 2.718700e-04 1.690382e-05 1.482699e-05 2.281664e-09 1.288632e+15 1.268730e+15 1.743982e+11 3.916254e+14 3.855812e+14 5.299930e+10 
700 101325 1.350000e+00 2.348749e+03 1.644698e+00 2.671900e-04 1.737711e-05 1.698658e-05 2.570048e-09 1.284991e+15 1.252564e+15 1.948319e+11 3.905460e+14 3.806946e+14 5.921329e+10 
700 101325 1.400000e+00 2.312742e+03 1.511420e+00 3.328100e-04 1.663559e-05 1.500545e-05 2.890140e-09 1.197081e+15 1.073920e+15 2.123392e+11 3.638509e+14 3.264241e+14 6.453872e+10 
700 101325 1.450000e+00 2.276484e+03 1.364970e+00 3.984400e-04 1.460999e-05 1.264569e-05 3.041446e-09 1.029523e+15 8.940854e+14 2.181382e+11 3.129423e+14 2.717802e+14 6.630581e+10 
700 101325 1.500000e+00 2.242387e+03 1.219559e+00 5.390600e-04 1.171642e-05 8.294806e-06 3.049446e-09 8.147827e+14 5.732596e+14 2.144070e+11 2.476810e+14 1.742678e+14 6.517559e+10 
700 101325 1.550000e+00 2.206876e+03 1.073210e+00 6.796900e-04 8.275685e-06 5.370935e-06 2.726768e-09 5.748675e+14 3.640763e+14 1.895574e+11 1.747590e+14 1.106830e+14 5.762485e+10 
700 101325 1.600000e+00 2.170274e+03 9.394125e-01 1.012110e-03 5.161717e-06 2.078730e-06 2.159454e-09 3.614410e+14 1.381049e+14 1.496151e+11 1.098822e+14 4.198757e+13 4.548472e+10 
700 101325 1.650000e+00 2.135490e+03 8.391588e-01 1.199210e-03 3.289692e-06 1.127780e-06 1.537873e-09 2.329139e+14 7.414193e+13 1.075215e+11 7.081018e+13 2.254191e+13 3.268883e+10 
700 101325 1.700000e+00 2.102490e+03 7.623556e-01 1.381640e-03 2.153077e-06 6.095348e-07 1.087163e-09 1.548632e+14 5.864621e+13 7.542500e+10 4.708274e+13 1.783107e+13 2.293136e+10 
700 101325 1.750000e+00 2.068962e+03 6.987920e-01 1.372260e-03 1.432359e-06 4.690227e-07 7.595275e-10 1.045852e+14 3.216770e+13 5.470346e+10 3.179742e+13 9.780667e+12 1.663180e+10 
700 101325 1.800000e+00 2.039650e+03 6.454028e-01 1.554690e-03 1.004109e-06 2.697333e-07 5.653529e-10 7.452700e+13 2.580393e+13 4.054437e+10 2.265893e+13 7.845832e+12 1.232707e+10 



700 303975 5.000000e-01 1.833085e+03 6.057207e-01 1.028100e-04 2.147570e-08 2.018398e-08 1.102074e-12 4.260756e+12 3.906819e+12 2.208191e+08 1.296925e+12 1.189201e+12 6.721401e+07 
700 303975 5.500000e-01 1.925340e+03 7.446613e-01 9.363000e-05 5.127630e-08 4.753020e-08 2.378761e-12 9.319711e+12 8.542412e+12 4.365805e+08 2.837034e+12 2.600441e+12 1.328989e+08 
700 303975 6.000000e-01 2.016246e+03 8.784258e-01 8.261000e-05 1.105770e-07 1.064962e-07 4.705177e-12 1.838037e+13 1.756455e+13 7.919534e+08 5.595605e+12 5.347292e+12 2.410949e+08 
700 303975 6.500000e-01 2.100225e+03 1.001319e+00 7.711000e-05 2.115485e-07 2.041811e-07 8.502788e-12 3.245755e+13 3.096332e+13 1.321596e+09 9.881796e+12 9.426951e+12 4.023590e+08 
700 303975 7.000000e-01 2.179079e+03 1.115145e+00 7.159000e-05 3.760378e-07 3.695473e-07 1.435167e-11 5.339781e+13 5.220178e+13 2.071237e+09 1.625799e+13 1.589396e+13 6.306212e+08 
700 303975 7.500000e-01 2.252626e+03 1.219407e+00 7.159000e-05 6.292727e-07 5.986789e-07 2.344657e-11 8.307012e+13 7.827521e+13 3.145422e+09 2.529358e+13 2.383386e+13 9.577226e+08 
700 303975 8.000000e-01 2.318088e+03 1.309820e+00 7.343000e-05 9.975278e-07 9.437695e-07 3.661955e-11 1.227858e+14 1.147176e+14 4.587979e+09 3.738805e+13 3.493173e+13 1.397017e+09 
700 303975 8.500000e-01 2.376599e+03 1.388558e+00 7.343000e-05 1.519236e-06 1.415729e-06 5.509652e-11 1.751437e+14 1.724924e+14 6.369342e+09 5.333323e+13 5.252618e+13 1.939515e+09 
700 303975 9.000000e-01 2.425549e+03 1.453228e+00 7.343000e-05 2.223293e-06 2.071043e-06 8.028470e-11 2.406650e+14 2.370151e+14 8.726449e+09 7.328803e+13 7.217696e+13 2.657375e+09 
700 303975 9.500000e-01 2.464609e+03 1.502077e+00 7.159000e-05 3.131042e-06 2.889321e-06 1.132345e-10 3.190430e+14 3.164330e+14 1.162849e+10 9.715932e+13 9.636504e+13 3.541232e+09 
700 303975 1.000000e+00 2.492297e+03 1.537332e+00 7.159000e-05 4.291782e-06 4.074625e-06 1.569316e-10 4.130417e+14 3.881642e+14 1.541651e+10 1.257896e+14 1.182144e+14 4.694964e+09 
700 303975 1.050000e+00 2.505562e+03 1.555076e+00 6.976000e-05 5.656703e-06 5.477762e-06 2.101553e-10 5.157999e+14 5.020514e+14 1.964202e+10 1.570891e+14 1.529029e+14 5.981995e+09 
700 303975 1.100000e+00 2.503706e+03 1.557877e+00 6.976000e-05 7.216576e-06 7.197584e-06 2.752451e-10 6.244511e+14 6.193635e+14 2.439961e+10 1.901848e+14 1.886362e+14 7.431153e+09 
700 303975 1.150000e+00 2.485830e+03 1.536829e+00 8.078000e-05 8.786577e-06 8.024482e-06 3.597840e-10 7.258594e+14 6.677542e+14 3.041159e+10 2.210764e+14 2.033811e+14 9.262431e+09 
700 303975 1.200000e+00 2.459573e+03 1.497932e+00 7.894000e-05 1.026745e-05 1.002625e-05 4.429759e-10 8.118616e+14 7.942835e+14 3.588249e+10 2.472768e+14 2.419243e+14 1.092900e+10 
700 303975 1.250000e+00 2.426444e+03 1.436062e+00 9.179000e-05 1.137414e-05 1.068686e-05 5.426989e-10 8.649384e+14 8.139059e+14 4.214022e+10 2.634498e+14 2.479079e+14 1.283530e+10 
700 303975 1.300000e+00 2.391118e+03 1.352430e+00 1.028100e-04 1.182303e-05 1.077656e-05 6.336658e-10 8.676297e+14 7.884395e+14 4.740268e+10 2.642765e+14 2.401573e+14 1.443855e+10 
700 303975 1.350000e+00 2.355124e+03 1.247784e+00 1.303500e-04 1.129445e-05 9.219117e-06 7.112212e-10 8.051529e+14 7.478544e+14 5.054910e+10 2.452520e+14 2.278004e+14 1.539731e+10 
700 303975 1.400000e+00 2.319358e+03 1.129238e+00 1.560500e-04 9.755887e-06 7.589420e-06 7.388532e-10 6.792913e+14 5.208506e+14 5.197397e+10 2.069189e+14 1.586580e+14 1.583171e+10 
700 303975 1.450000e+00 2.283942e+03 1.002990e+00 1.817500e-04 7.416595e-06 5.926550e-06 6.922898e-10 5.084855e+14 3.977301e+14 4.779989e+10 1.548926e+14 1.211561e+14 1.456054e+10 
700 303975 1.500000e+00 2.248567e+03 8.801805e-01 2.662000e-04 4.877163e-06 2.712081e-06 5.861805e-10 3.341313e+14 1.777006e+14 4.004494e+10 1.017832e+14 5.413201e+13 1.219848e+10 
700 303975 1.550000e+00 2.210461e+03 7.765356e-01 3.212800e-04 2.876197e-06 1.436266e-06 4.112897e-10 1.998144e+14 9.485322e+13 2.825279e+10 6.086821e+13 2.889505e+13 8.606472e+09 
700 303975 1.600000e+00 2.176974e+03 6.989141e-01 3.781900e-04 1.791283e-06 7.567251e-07 2.828888e-10 1.262182e+14 4.952543e+13 1.966768e+10 3.844932e+13 1.508704e+13 5.991294e+09 
700 303975 1.650000e+00 2.143504e+03 6.376233e-01 4.332600e-04 1.143406e-06 4.084009e-07 1.962234e-10 8.185929e+13 2.746150e+13 1.385423e+10 2.493661e+13 8.365728e+12 4.220396e+09 
700 303975 1.700000e+00 2.109468e+03 5.858588e-01 5.470900e-04 7.492306e-07 1.756784e-07 1.416917e-10 5.459561e+13 1.588007e+13 9.974136e+09 1.663143e+13 4.837658e+12 3.038429e+09 
700 303975 1.750000e+00 2.076308e+03 5.422154e-01 6.058400e-04 5.041919e-07 1.093054e-07 1.026051e-10 3.743601e+13 9.514827e+12 7.333546e+09 1.140420e+13 2.898589e+12 2.234037e+09 
700 303975 1.800000e+00 2.043808e+03 5.035219e-01 7.090600e-04 3.460115e-07 6.066496e-08 7.636212e-11 2.612920e+13 6.098387e+12 5.485167e+09 7.959823e+12 1.857819e+12 1.670970e+09 



700 607950 5.000000e-01 1.833052e+03 4.662607e-01 5.843000e-05 1.175256e-08 1.146441e-08 3.589017e-13 2.259772e+12 2.163380e+12 6.944796e+07 6.884714e+11 6.591064e+11 2.115820e+07 
700 607950 5.500000e-01 1.926803e+03 5.881545e-01 5.518000e-05 3.155696e-08 2.789098e-08 8.596291e-13 5.528586e+12 5.388303e+12 1.488461e+08 1.684429e+12 1.641693e+12 4.534968e+07 
700 607950 6.000000e-01 2.014403e+03 7.022445e-01 4.545000e-05 7.035741e-08 6.877852e-08 1.720430e-12 1.131986e+13 1.100511e+13 2.796297e+08 3.449007e+12 3.353120e+12 8.519904e+07 
700 607950 6.500000e-01 2.100439e+03 8.139375e-01 4.707000e-05 1.438051e-07 1.277335e-07 3.333798e-12 2.126768e+13 2.022954e+13 4.936464e+08 6.480176e+12 6.163889e+12 1.504114e+08 
700 607950 7.000000e-01 2.181160e+03 9.145191e-01 4.220000e-05 2.665716e-07 2.548643e-07 5.812691e-12 3.648559e+13 3.427310e+13 8.039337e+08 1.111733e+13 1.044322e+13 2.449611e+08 
700 607950 7.500000e-01 2.257864e+03 1.007991e+00 4.302000e-05 4.648792e-07 4.217426e-07 9.807686e-12 5.906862e+13 5.651979e+13 1.246251e+09 1.799894e+13 1.722235e+13 3.797462e+08 
700 607950 8.000000e-01 2.328753e+03 1.091496e+00 3.652000e-05 7.646742e-07 7.524890e-07 1.531970e-11 9.050828e+13 8.903007e+13 1.843608e+09 2.757964e+13 2.712926e+13 5.617804e+08 
700 607950 8.500000e-01 2.391496e+03 1.161252e+00 3.733000e-05 1.191894e-06 1.169583e-06 2.362945e-11 1.319874e+14 1.278826e+14 2.653963e+09 4.021998e+13 3.896927e+13 8.087272e+08 
700 607950 9.000000e-01 2.445458e+03 1.218845e+00 3.733000e-05 1.775913e-06 1.734622e-06 3.502718e-11 1.845269e+14 1.777611e+14 3.693722e+09 5.623124e+13 5.416966e+13 1.125589e+09 
700 607950 9.500000e-01 2.488496e+03 1.263389e+00 3.733000e-05 2.536696e-06 2.489170e-06 5.016379e-11 2.482429e+14 2.404260e+14 4.985901e+09 7.564885e+13 7.326701e+13 1.519383e+09 
700 607950 1.000000e+00 2.518255e+03 1.293774e+00 3.652000e-05 3.485095e-06 3.429386e-06 6.948753e-11 3.220847e+14 3.166686e+14 6.547765e+09 9.815292e+13 9.650261e+13 1.995373e+09 
700 607950 1.050000e+00 2.530688e+03 1.308153e+00 4.302000e-05 4.584570e-06 4.193393e-06 9.648379e-11 4.034820e+14 3.993086e+14 8.338818e+09 1.229601e+14 1.216884e+14 2.541221e+09 
700 607950 1.100000e+00 2.523048e+03 1.304339e+00 4.139000e-05 5.814251e-06 5.495556e-06 1.259583e-10 4.840041e+14 4.561243e+14 1.067090e+10 1.475012e+14 1.390053e+14 3.251965e+09 
700 607950 1.150000e+00 2.501190e+03 1.283501e+00 4.707000e-05 7.026794e-06 6.286251e-06 1.634410e-10 5.585817e+14 5.523255e+14 1.287109e+10 1.702313e+14 1.683250e+14 3.922530e+09 
700 607950 1.200000e+00 2.470245e+03 1.243666e+00 4.545000e-05 8.016785e-06 7.767356e-06 1.985852e-10 6.105786e+14 5.863008e+14 1.537351e+10 1.860804e+14 1.786819e+14 4.685223e+09 
700 607950 1.250000e+00 2.435093e+03 1.183813e+00 5.762000e-05 8.533240e-06 7.395050e-06 2.399636e-10 6.261379e+14 6.004775e+14 1.751223e+10 1.908247e+14 1.830048e+14 5.337090e+09 
700 607950 1.300000e+00 2.397692e+03 1.102579e+00 6.167000e-05 8.337467e-06 7.411318e-06 2.660108e-10 5.910986e+14 5.258230e+14 1.913941e+10 1.801480e+14 1.602549e+14 5.833070e+09 
700 607950 1.350000e+00 2.360747e+03 1.006584e+00 7.953000e-05 7.312072e-06 5.624217e-06 2.802940e-10 5.058949e+14 3.867881e+14 1.958985e+10 1.541824e+14 1.178828e+14 5.970417e+09 
700 607950 1.400000e+00 2.323589e+03 9.001662e-01 1.038800e-04 5.585252e-06 3.693958e-06 2.676992e-10 3.803585e+14 3.040771e+14 1.793853e+10 1.159236e+14 9.267557e+13 5.467204e+09 
700 607950 1.450000e+00 2.286514e+03 7.927144e-01 1.395800e-04 3.593230e-06 1.826438e-06 2.207476e-10 2.442564e+14 1.780953e+14 1.443459e+10 7.444383e+13 5.427980e+13 4.399332e+09 
700 607950 1.500000e+00 2.250022e+03 7.011831e-01 1.655500e-04 2.102311e-06 1.047614e-06 1.523518e-10 1.442435e+14 6.700983e+13 1.034142e+10 4.396243e+13 2.042340e+13 3.151850e+09 
700 607950 1.550000e+00 2.214801e+03 6.322845e-01 2.158700e-04 1.278479e-06 4.157790e-07 1.047945e-10 8.924763e+13 3.720337e+13 7.079348e+09 2.720093e+13 1.133898e+13 2.157649e+09 
700 607950 1.600000e+00 2.180140e+03 5.789156e-01 2.402100e-04 8.109207e-07 2.424737e-07 7.253395e-11 5.767544e+13 2.106918e+13 4.978691e+09 1.757839e+13 6.421572e+12 1.517415e+09 
700 607950 1.650000e+00 2.146258e+03 5.324379e-01 2.905300e-04 5.341309e-07 1.206263e-07 5.259265e-11 3.880685e+13 9.825112e+12 3.672469e+09 1.182764e+13 2.994560e+12 1.119306e+09 
700 607950 1.700000e+00 2.112084e+03 4.947167e-01 3.408500e-04 3.601755e-07 6.464233e-08 3.858617e-11 2.648960e+13 5.084111e+12 2.738455e+09 8.073594e+12 1.549574e+12 8.346369e+08 
700 607950 1.750000e+00 2.078328e+03 4.603024e-01 3.927800e-04 2.480979e-07 3.848963e-08 2.889964e-11 1.866094e+13 3.584944e+12 2.059568e+09 5.687550e+12 1.092649e+12 6.277249e+08 
700 607950 1.800000e+00 2.044697e+03 4.292635e-01 4.430900e-04 1.730535e-07 2.394331e-08 2.180064e-11 1.328667e+13 2.132570e+12 1.581298e+09 4.049573e+12 6.499849e+11 4.819569e+08 



700 911925 5.000000e-01 1.834038e+03 3.915444e-01 4.883000e-05 7.674701e-09 6.854510e-09 1.816671e-13 1.438912e+12 1.371536e+12 3.415985e+07 4.385178e+11 4.179852e+11 1.041040e+07 
700 911925 6.000000e-01 2.016061e+03 6.097315e-01 3.663000e-05 5.319248e-08 4.816010e-08 9.699046e-13 8.337037e+12 7.430660e+12 1.530112e+08 2.540890e+12 2.264660e+12 4.663329e+07 
700 911925 6.500000e-01 2.102927e+03 7.139660e-01 3.205000e-05 1.135915e-07 1.078819e-07 1.896558e-12 1.635252e+13 1.534786e+13 2.755097e+08 4.983880e+12 4.677700e+12 8.396897e+07 
700 911925 7.000000e-01 2.185216e+03 8.107968e-01 2.975000e-05 2.186951e-07 2.072030e-07 3.430841e-12 2.912405e+13 2.730153e+13 4.610215e+08 8.876523e+12 8.321077e+12 1.405113e+08 
700 911925 7.500000e-01 2.262696e+03 8.978617e-01 3.052000e-05 3.891491e-07 3.478983e-07 5.901498e-12 4.804805e+13 4.634951e+13 7.247420e+08 1.464448e+13 1.412683e+13 2.208924e+08 
700 911925 8.000000e-01 2.334003e+03 9.749766e-01 2.823000e-05 6.475933e-07 6.159325e-07 9.436795e-12 7.457486e+13 7.022380e+13 1.099067e+09 2.272989e+13 2.140380e+13 3.349870e+08 
700 911925 8.500000e-01 2.398470e+03 1.039898e+00 2.823000e-05 1.017729e-06 9.392599e-07 1.461854e-11 1.098215e+14 9.987340e+13 1.593197e+09 3.347331e+13 3.044126e+13 4.856008e+08 
700 911925 9.000000e-01 2.454471e+03 1.092749e+00 2.823000e-05 1.527881e-06 1.384267e-06 2.176484e-11 1.546108e+14 1.510431e+14 2.191305e+09 4.712552e+13 4.603822e+13 6.679107e+08 
700 911925 9.500000e-01 2.499805e+03 1.132956e+00 2.823000e-05 2.191660e-06 1.995915e-06 3.132106e-11 2.088931e+14 2.045664e+14 2.971408e+09 6.367160e+13 6.235296e+13 9.056971e+08 
700 911925 1.000000e+00 2.530826e+03 1.159217e+00 2.823000e-05 3.016095e-06 2.821306e-06 4.368493e-11 2.719949e+14 2.507188e+14 3.986380e+09 8.290631e+13 7.642144e+13 1.215079e+09 
700 911925 1.050000e+00 2.542609e+03 1.170786e+00 2.823000e-05 3.973044e-06 3.863246e-06 5.895522e-11 3.395721e+14 3.268356e+14 5.106365e+09 1.035055e+14 9.962352e+13 1.556475e+09 
700 911925 1.100000e+00 2.532598e+03 1.165840e+00 3.052000e-05 4.996039e-06 4.720397e-06 7.820670e-11 4.056911e+14 3.768830e+14 6.432667e+09 1.236606e+14 1.148798e+14 1.960767e+09 
700 911925 1.150000e+00 2.507343e+03 1.144440e+00 3.281000e-05 5.956969e-06 5.575292e-06 9.968951e-11 4.617750e+14 4.253224e+14 7.823848e+09 1.407571e+14 1.296462e+14 2.384842e+09 
700 911925 1.200000e+00 2.472905e+03 1.102697e+00 3.739000e-05 6.643398e-06 5.697474e-06 1.226642e-10 4.937611e+14 4.628498e+14 9.133249e+09 1.505085e+14 1.410865e+14 2.783996e+09 
700 911925 1.250000e+00 2.436624e+03 1.042191e+00 4.274000e-05 6.825639e-06 5.772336e-06 1.428129e-10 4.892078e+14 4.399002e+14 1.022506e+10 1.491219e+14 1.340922e+14 3.116829e+09 
700 911925 1.300000e+00 2.399149e+03 9.650246e-01 4.731000e-05 6.341926e-06 5.453741e-06 1.535648e-10 4.404997e+14 3.761704e+14 1.078141e+10 1.342757e+14 1.146669e+14 3.286446e+09 
700 911925 1.350000e+00 2.362341e+03 8.764925e-01 5.799000e-05 5.183412e-06 4.160783e-06 1.525360e-10 3.528977e+14 2.777574e+14 1.044102e+10 1.075731e+14 8.466860e+13 3.182712e+09 
700 911925 1.400000e+00 2.325486e+03 7.813966e-01 7.554000e-05 3.621226e-06 2.591363e-06 1.339370e-10 2.439040e+14 1.688879e+14 9.022051e+09 7.434925e+13 5.148233e+13 2.750189e+09 
700 911925 1.450000e+00 2.289069e+03 6.925330e-01 9.843000e-05 2.211214e-06 1.264312e-06 1.003303e-10 1.498032e+14 8.258530e+13 6.755656e+09 4.566470e+13 2.517473e+13 2.059335e+09 
700 911925 1.500000e+00 2.253215e+03 6.228543e-01 1.343000e-04 1.319942e-06 4.784081e-07 6.962842e-11 9.083153e+13 4.932071e+13 4.594719e+09 2.768835e+13 1.503464e+13 1.400619e+09 
700 911925 1.550000e+00 2.216078e+03 5.663712e-01 1.571900e-04 8.019810e-07 2.363878e-07 4.683856e-11 5.636071e+13 1.911660e+13 3.201636e+09 1.718059e+13 5.827416e+12 9.759649e+08 
700 911925 1.600000e+00 2.181303e+03 5.209180e-01 1.816100e-04 5.216350e-07 1.338530e-07 3.333891e-11 3.741471e+13 1.013106e+13 2.312862e+09 1.140525e+13 3.088315e+12 7.050388e+08 
700 911925 1.650000e+00 2.146263e+03 4.819387e-01 2.045000e-04 3.482640e-07 7.759552e-08 2.416221e-11 2.547490e+13 5.922935e+12 1.706076e+09 7.765614e+12 1.805530e+12 5.200710e+08 
700 911925 1.700000e+00 2.112163e+03 4.490389e-01 2.533300e-04 2.403493e-07 3.897596e-08 1.841630e-11 1.790597e+13 3.256399e+12 1.307534e+09 5.458357e+12 9.926738e+11 3.985824e+08 
700 911925 1.750000e+00 2.079332e+03 4.196640e-01 2.762200e-04 1.711333e-07 2.702010e-08 1.412145e-11 1.297022e+13 2.171602e+12 1.018860e+09 3.953776e+12 6.619880e+11 3.105851e+08 
700 911925 1.800000e+00 2.046385e+03 3.940237e-01 2.991200e-04 1.230937e-07 1.855547e-08 1.086371e-11 9.491132e+12 1.877669e+12 7.859143e+08 2.893236e+12 5.723867e+11 2.395752e+08 



700 1215900 5.000000e-01 1.833930e+03 3.387934e-01 4.182000e-05 5.349875e-09 4.799226e-09 1.073220e-13 9.902171e+11 9.421278e+11 1.981666e+07 3.018204e+11 2.871631e+11 6.040149e+06 
700 1215900 5.500000e-01 1.926727e+03 4.443921e-01 3.374000e-05 1.660481e-08 1.551469e-08 2.784796e-13 2.796189e+12 2.587389e+12 4.719426e+07 8.523015e+11 7.886593e+11 1.438517e+07 
700 1215900 6.000000e-01 2.017515e+03 5.492432e-01 2.934000e-05 4.264650e-08 3.875338e-08 6.313911e-13 6.560419e+12 5.892808e+12 9.773743e+07 1.999706e+12 1.796213e+12 2.979165e+07 
700 1215900 6.500000e-01 2.104756e+03 6.490737e-01 2.788000e-05 9.461725e-08 8.266916e-08 1.285422e-12 1.333741e+13 1.281345e+13 1.799835e+08 4.065485e+12 3.905782e+12 5.486219e+07 
700 1215900 7.000000e-01 2.186320e+03 7.405100e-01 2.568000e-05 1.852846e-07 1.620993e-07 2.352434e-12 2.419146e+13 2.341290e+13 3.041894e+08 7.374103e+12 7.136793e+12 9.272362e+07 
700 1215900 7.500000e-01 2.262383e+03 8.218141e-01 2.348000e-05 3.305432e-07 3.057509e-07 3.982479e-12 4.017702e+13 3.672825e+13 4.880978e+08 1.224702e+13 1.119577e+13 1.487848e+08 
700 1215900 8.000000e-01 2.335027e+03 8.971499e-01 2.421000e-05 5.584959e-07 4.946859e-07 6.551487e-12 6.324902e+13 6.192185e+13 7.346815e+08 1.928019e+13 1.887565e+13 2.239523e+08 
700 1215900 8.500000e-01 2.401226e+03 9.583647e-01 2.165000e-05 8.911272e-07 8.622299e-07 1.008402e-11 9.456197e+13 8.982310e+13 1.078127e+09 2.882560e+13 2.738110e+13 3.286479e+08 
700 1215900 9.000000e-01 2.459374e+03 1.009620e+00 2.165000e-05 1.351161e-06 1.288845e-06 1.517736e-11 1.344075e+14 1.270489e+14 1.525697e+09 4.097225e+13 3.872916e+13 4.650865e+08 
700 1215900 9.500000e-01 2.506768e+03 1.046954e+00 2.165000e-05 1.949948e-06 1.859696e-06 2.195688e-11 1.826758e+14 1.726011e+14 2.079986e+09 5.568665e+13 5.261562e+13 6.340591e+08 
700 1215900 1.000000e+00 2.539547e+03 1.072545e+00 2.165000e-05 2.690919e-06 2.607481e-06 3.059931e-11 2.384929e+14 2.289263e+14 2.742723e+09 7.270245e+13 6.978630e+13 8.360934e+08 
700 1215900 1.050000e+00 2.552148e+03 1.083636e+00 2.128000e-05 3.539197e-06 3.495437e-06 4.116081e-11 2.976087e+14 2.922842e+14 3.503337e+09 9.072416e+13 8.910111e+13 1.067968e+09 
700 1215900 1.100000e+00 2.539785e+03 1.076815e+00 2.348000e-05 4.425839e-06 4.207153e-06 5.479339e-11 3.533802e+14 3.311337e+14 4.424463e+09 1.077265e+14 1.009450e+14 1.348778e+09 
700 1215900 1.150000e+00 2.512772e+03 1.054160e+00 2.605000e-05 5.220531e-06 4.901178e-06 6.986950e-11 3.981925e+14 3.681519e+14 5.380843e+09 1.213883e+14 1.122307e+14 1.640338e+09 
700 1215900 1.200000e+00 2.477725e+03 1.012769e+00 3.081000e-05 5.719121e-06 4.772153e-06 8.518919e-11 4.183611e+14 3.884667e+14 6.214416e+09 1.275375e+14 1.184245e+14 1.894465e+09 
700 1215900 1.250000e+00 2.439300e+03 9.536754e-01 3.301000e-05 5.708653e-06 5.090809e-06 9.627297e-11 4.029531e+14 3.518825e+14 6.852975e+09 1.228412e+14 1.072725e+14 2.089144e+09 
700 1215900 1.300000e+00 2.400842e+03 8.779559e-01 4.035000e-05 5.066251e-06 4.034313e-06 1.015302e-10 3.478877e+14 2.755750e+14 7.027543e+09 1.060551e+14 8.401051e+13 2.142375e+09 
700 1215900 1.350000e+00 2.363217e+03 7.943179e-01 5.135000e-05 3.906679e-06 2.824346e-06 9.673971e-11 2.637193e+14 1.823730e+14 6.531507e+09 8.039639e+13 5.559771e+13 1.991168e+09 
700 1215900 1.400000e+00 2.325505e+03 7.087980e-01 6.236000e-05 2.559275e-06 1.797986e-06 7.838653e-11 1.717866e+14 1.144877e+14 5.244826e+09 5.237037e+13 3.490256e+13 1.598923e+09 
700 1215900 1.450000e+00 2.289480e+03 6.339916e-01 8.511000e-05 1.538613e-06 7.595060e-07 5.685546e-11 1.046074e+14 4.865040e+13 3.821069e+09 3.189039e+13 1.483155e+13 1.164884e+09 
700 1215900 1.500000e+00 2.253117e+03 5.737347e-01 1.078400e-04 9.302666e-07 3.227351e-07 3.891288e-11 6.446560e+13 2.744500e+13 2.608101e+09 1.965290e+13 8.366899e+12 7.951031e+08 
700 1215900 1.550000e+00 2.217900e+03 5.259214e-01 1.305900e-04 5.928472e-07 1.534420e-07 2.743105e-11 4.191391e+13 1.261367e+13 1.871553e+09 1.277785e+13 3.845422e+12 5.705609e+08 
700 1215900 1.600000e+00 2.182731e+03 4.859651e-01 1.533300e-04 3.936399e-07 8.326559e-08 1.993463e-11 2.833289e+13 8.013142e+12 1.365235e+09 8.637552e+12 2.442902e+12 4.162055e+08 
700 1215900 1.650000e+00 2.147727e+03 4.512794e-01 1.760700e-04 2.684349e-07 4.828519e-08 1.479964e-11 1.974895e+13 4.512764e+12 1.032933e+09 6.020667e+12 1.375773e+12 3.149005e+08 
700 1215900 1.700000e+00 2.112979e+03 4.207110e-01 1.980800e-04 1.876835e-07 2.959546e-08 1.118796e-11 1.407902e+13 2.667884e+12 7.957966e+08 4.292138e+12 8.133393e+11 2.426073e+08 
700 1215900 1.750000e+00 2.079035e+03 3.942322e-01 2.215500e-04 1.342340e-07 1.995782e-08 8.645053e-12 1.024920e+13 1.910682e+12 6.186880e+08 3.124580e+12 5.824970e+11 1.886141e+08 
700 1215900 1.800000e+00 2.045933e+03 3.705424e-01 2.200900e-04 9.802355e-08 1.644808e-08 6.643061e-12 7.607858e+12 1.459016e+12 4.883762e+08 2.319341e+12 4.448011e+11 1.488873e+08 



