T(K) p(Pa) phi Tf(K) SL(m/s) Xf(m) maxXCH mpXCH intXCH maxSM mpSM intSM maxCM mpCM intCM
300 101325 5.000000e-01 1.521060e+03 6.884741e-02 3.942100e-04 1.498249e-09 1.450405e-09 3.103448e-13 3.887358e+11 3.786315e+11 8.128289e+07 1.178453e+11 1.147828e+11 2.464042e+07 
300 101325 5.500000e-01 1.621537e+03 1.087395e-01 3.295900e-04 6.340282e-09 6.136579e-09 1.085086e-12 1.490995e+12 1.422840e+12 2.568649e+08 4.521357e+11 4.314720e+11 7.789097e+07 
300 101325 6.000000e-01 1.713975e+03 1.496258e-01 2.916700e-04 1.839874e-08 1.724756e-08 2.779096e-12 3.949206e+12 3.734881e+12 6.058011e+08 1.197881e+12 1.132883e+12 1.837474e+08 
300 101325 6.500000e-01 1.808857e+03 1.945578e-01 2.812500e-04 4.611091e-08 4.317309e-08 6.387268e-12 9.117417e+12 8.280077e+12 1.269206e+09 2.766161e+12 2.512169e+12 3.850583e+08 
300 101325 7.000000e-01 1.898391e+03 2.373175e-01 2.604100e-04 9.941127e-08 9.026851e-08 1.278298e-11 1.800157e+13 1.758988e+13 2.324050e+09 5.462706e+12 5.337836e+12 7.052274e+08 
300 101325 7.500000e-01 1.983075e+03 2.769916e-01 2.343800e-04 1.915283e-07 1.829515e-07 2.325691e-11 3.200537e+13 3.080731e+13 3.956591e+09 9.714034e+12 9.350539e+12 1.200836e+09 
300 101325 8.000000e-01 2.058874e+03 3.109626e-01 2.239600e-04 3.341986e-07 3.231197e-07 3.919912e-11 5.180295e+13 4.986504e+13 6.190859e+09 1.572525e+13 1.513726e+13 1.879234e+09 
300 101325 8.500000e-01 2.132318e+03 3.434835e-01 2.083300e-04 5.650733e-07 5.589031e-07 6.414026e-11 8.132740e+13 8.070360e+13 9.442651e+09 2.469156e+13 2.450234e+13 2.866752e+09 
300 101325 9.000000e-01 2.194488e+03 3.690287e-01 2.135400e-04 8.961361e-07 8.788470e-07 1.012393e-10 1.201433e+14 1.173771e+14 1.386278e+10 3.648121e+13 3.564169e+13 4.209253e+09 
300 101325 9.500000e-01 2.244375e+03 3.881284e-01 2.135400e-04 1.357951e-06 1.329587e-06 1.535664e-10 1.701221e+14 1.658744e+14 1.966045e+10 5.166369e+13 5.037429e+13 5.970396e+09 
300 101325 1.000000e+00 2.276248e+03 4.000829e-01 2.135400e-04 1.959191e-06 1.939773e-06 2.236979e-10 2.300470e+14 2.273788e+14 2.689518e+10 6.987024e+13 6.906025e+13 8.168346e+09 
300 101325 1.050000e+00 2.283732e+03 4.058424e-01 2.083300e-04 2.739382e-06 2.739357e-06 3.172654e-10 3.023837e+14 3.014128e+14 3.586691e+10 9.185055e+13 9.155589e+13 1.089439e+10 
300 101325 1.100000e+00 2.266434e+03 4.019586e-01 2.395900e-04 3.614549e-06 3.446252e-06 4.473446e-10 3.763881e+14 3.620038e+14 4.772385e+10 1.143413e+14 1.099731e+14 1.449740e+10 
300 101325 1.150000e+00 2.235192e+03 3.892230e-01 2.291700e-04 4.490498e-06 4.476735e-06 5.786037e-10 4.438756e+14 4.433986e+14 5.867989e+10 1.348558e+14 1.347116e+14 1.782732e+10 
300 101325 1.200000e+00 2.196980e+03 3.657018e-01 2.604100e-04 5.180459e-06 5.121933e-06 7.391020e-10 4.879568e+14 4.817220e+14 7.116202e+10 1.482620e+14 1.463690e+14 2.162156e+10 
300 101325 1.250000e+00 2.152712e+03 3.285714e-01 3.229200e-04 5.354104e-06 4.957807e-06 8.957147e-10 4.831636e+14 4.516498e+14 8.256365e+10 1.468202e+14 1.372452e+14 2.508820e+10 
300 101325 1.300000e+00 2.110938e+03 2.827245e-01 4.285500e-04 4.851943e-06 3.873449e-06 1.001403e-09 4.241684e+14 3.910050e+14 8.714770e+10 1.289048e+14 1.188279e+14 2.648371e+10 
300 101325 1.350000e+00 2.068259e+03 2.301936e-01 5.423200e-04 3.555323e-06 2.856640e-06 9.571479e-10 3.022384e+14 2.379513e+14 8.203862e+10 9.185841e+13 7.232093e+13 2.493339e+10 
300 101325 1.400000e+00 2.028242e+03 1.803126e-01 8.821600e-04 1.977713e-06 1.066279e-06 7.673921e-10 1.661029e+14 8.734230e+13 6.446607e+10 5.048677e+13 2.654814e+13 1.959422e+10 
300 101325 1.450000e+00 1.993319e+03 1.443986e-01 1.023440e-03 9.678045e-07 5.559783e-07 4.636362e-10 8.237799e+13 4.557186e+13 3.919620e+10 2.503957e+13 1.385237e+13 1.191401e+10 
300 101325 1.500000e+00 1.961542e+03 1.224102e-01 1.175130e-03 5.232421e-07 2.779137e-07 2.778526e-10 4.521672e+13 2.300036e+13 2.382245e+10 1.374438e+13 6.991563e+12 7.241218e+09 
300 101325 1.550000e+00 1.923060e+03 1.047357e-01 1.326830e-03 2.561407e-07 1.307359e-07 1.494349e-10 2.244488e+13 1.091121e+13 1.299018e+10 6.822793e+12 3.316911e+12 3.948756e+09 
300 101325 1.600000e+00 1.889918e+03 9.225917e-02 1.468100e-03 1.442551e-07 6.768964e-08 9.119806e-11 1.289315e+13 5.821930e+12 8.060978e+09 3.919361e+12 1.769867e+12 2.450445e+09 
300 101325 1.650000e+00 1.859664e+03 8.213522e-02 1.619800e-03 8.570263e-08 3.797306e-08 5.815081e-11 7.777129e+12 3.253631e+12 5.222955e+09 2.364198e+12 9.891261e+11 1.587750e+09 
300 101325 1.700000e+00 1.835491e+03 7.446365e-02 1.578130e-03 5.789750e-08 3.083003e-08 4.101985e-11 5.350799e+12 2.703200e+12 3.753959e+09 1.626616e+12 8.217922e+11 1.141186e+09 
300 101325 1.750000e+00 1.806035e+03 6.698330e-02 1.897340e-03 3.335170e-08 1.356499e-08 2.601129e-11 3.124970e+12 1.214745e+12 2.415022e+09 9.500050e+11 3.693046e+11 7.341792e+08 
300 101325 1.800000e+00 1.783224e+03 6.071490e-02 1.849000e-03 2.196525e-08 1.111270e-08 1.798048e-11 2.101822e+12 1.006292e+12 1.701026e+09 6.389605e+11 3.059317e+11 5.171225e+08 



300 303975 5.000000e-01 1.522293e+03 3.498764e-02 2.199700e-04 3.106342e-10 2.928538e-10 3.268494e-14 7.707829e+10 7.219162e+10 8.133414e+06 2.345800e+10 2.197084e+10 2.475312e+06 
300 303975 5.500000e-01 1.615760e+03 6.010803e-02 1.550900e-04 1.806887e-09 1.724391e-09 1.426446e-13 4.056507e+11 3.878695e+11 3.219354e+07 1.234675e+11 1.180558e+11 9.798664e+06 
300 303975 6.000000e-01 1.709924e+03 9.048983e-02 1.302500e-04 6.988043e-09 6.490350e-09 4.590167e-13 1.429021e+12 1.331518e+12 9.443403e+07 4.349869e+11 4.053091e+11 2.874508e+07 
300 303975 6.500000e-01 1.807503e+03 1.254173e-01 1.111900e-04 2.153567e-08 1.997283e-08 1.231688e-12 4.005774e+12 3.730191e+12 2.309548e+08 1.219438e+12 1.135551e+12 7.030685e+07 
300 303975 7.000000e-01 1.896256e+03 1.577053e-01 1.048400e-04 5.105681e-08 4.727154e-08 2.680649e-12 8.719291e+12 8.129837e+12 4.630773e+08 2.654501e+12 2.475065e+12 1.409784e+08 
300 303975 7.500000e-01 1.979797e+03 1.877932e-01 1.016600e-04 1.046608e-07 9.200679e-08 5.185573e-12 1.658685e+13 1.624971e+13 8.136968e+08 5.050005e+12 4.947373e+12 2.477348e+08 
300 303975 8.000000e-01 2.059250e+03 2.150979e-01 9.689000e-05 1.956617e-07 1.778316e-07 9.270809e-12 2.877744e+13 2.851517e+13 1.344467e+09 8.761991e+12 8.682164e+12 4.093527e+08 
300 303975 8.500000e-01 2.134711e+03 2.394818e-01 8.896000e-05 3.437569e-07 3.321758e-07 1.568223e-11 4.698563e+13 4.483394e+13 2.168000e+09 1.430664e+13 1.365154e+13 6.601282e+08 
300 303975 9.000000e-01 2.203968e+03 2.591251e-01 9.054000e-05 5.670429e-07 5.264472e-07 2.571081e-11 7.247039e+13 6.722451e+13 3.318074e+09 2.206750e+13 2.047024e+13 1.010358e+09 
300 303975 9.500000e-01 2.262083e+03 2.751810e-01 9.213000e-05 8.955973e-07 8.186502e-07 4.047543e-11 1.064823e+14 1.055916e+14 4.750880e+09 3.242566e+13 3.215452e+13 1.446712e+09 
300 303975 1.000000e+00 2.300238e+03 2.846028e-01 9.213000e-05 1.327050e-06 1.238371e-06 6.091251e-11 1.480935e+14 1.361661e+14 6.871495e+09 4.509889e+13 4.146686e+13 2.092558e+09 
300 303975 1.050000e+00 2.304386e+03 2.875459e-01 9.054000e-05 1.855025e-06 1.804027e-06 8.727824e-11 1.947694e+14 1.871789e+14 9.276499e+09 5.931533e+13 5.700392e+13 2.825055e+09 
300 303975 1.100000e+00 2.276739e+03 2.825515e-01 9.848000e-05 2.421774e-06 2.274264e-06 1.210942e-10 2.399226e+14 2.258998e+14 1.217152e+10 7.306903e+13 6.879864e+13 3.706838e+09 
300 303975 1.150000e+00 2.235295e+03 2.675154e-01 1.048300e-04 2.895225e-06 2.739094e-06 1.585212e-10 2.719163e+14 2.577076e+14 1.511009e+10 8.281580e+13 7.848862e+13 4.601948e+09 
300 303975 1.200000e+00 2.195786e+03 2.446483e-01 1.239000e-04 3.063051e-06 2.799749e-06 1.917493e-10 2.754143e+14 2.517375e+14 1.747850e+10 8.388383e+13 7.667282e+13 5.323449e+09 
300 303975 1.250000e+00 2.152914e+03 2.128423e-01 1.493100e-04 2.749669e-06 2.370505e-06 2.093965e-10 2.379131e+14 2.039960e+14 1.831641e+10 7.246430e+13 6.213414e+13 5.578846e+09 
300 303975 1.300000e+00 2.112932e+03 1.771284e-01 2.128500e-04 1.971146e-06 1.426797e-06 1.981703e-10 1.655752e+14 1.180953e+14 1.677520e+10 5.043289e+13 3.597119e+13 5.109579e+09 
300 303975 1.350000e+00 2.073796e+03 1.427206e-01 2.709100e-04 1.040938e-06 7.771276e-07 1.413989e-10 8.676439e+13 6.304844e+13 1.178696e+10 2.642842e+13 1.920469e+13 3.590297e+09 
300 303975 1.400000e+00 2.032984e+03 1.153615e-01 3.974400e-04 4.304327e-07 2.190015e-07 7.455181e-11 3.627894e+13 1.758391e+13 6.240814e+09 1.105076e+13 5.356219e+12 1.900985e+09 
300 303975 1.450000e+00 1.992346e+03 9.786115e-02 4.300900e-04 1.947598e-07 1.066277e-07 3.760361e-11 1.670688e+13 8.814542e+12 3.204202e+09 5.089075e+12 2.685031e+12 9.760316e+08 
300 303975 1.500000e+00 1.953627e+03 8.563030e-02 4.627300e-04 1.007941e-07 5.641467e-08 2.127242e-11 8.819114e+12 4.740408e+12 1.845205e+09 2.686416e+12 1.444011e+12 5.620742e+08 
300 303975 1.550000e+00 1.918048e+03 7.621717e-02 5.407300e-04 5.785513e-08 2.656173e-08 1.343852e-11 5.163396e+12 2.281354e+12 1.185792e+09 1.572850e+12 6.949470e+11 3.612113e+08 
300 303975 1.600000e+00 1.882566e+03 6.834691e-02 6.250800e-04 3.398670e-08 1.386348e-08 8.655818e-12 3.084496e+12 1.184857e+12 7.754806e+08 9.395925e+11 3.609355e+11 2.362260e+08 
300 303975 1.650000e+00 1.850560e+03 6.187280e-02 7.030800e-04 2.123601e-08 7.795862e-09 5.909342e-12 1.963322e+12 6.745823e+11 5.376568e+08 5.980677e+11 2.054953e+11 1.637815e+08 
300 303975 1.700000e+00 1.824074e+03 5.644239e-02 7.810800e-04 1.433042e-08 4.788567e-09 4.296239e-12 1.349373e+12 5.842812e+11 3.901584e+08 4.110469e+11 1.779875e+11 1.188507e+08 
300 303975 1.750000e+00 1.795426e+03 5.148893e-02 8.590800e-04 9.305850e-09 3.023535e-09 3.029503e-12 8.914571e+11 3.615618e+11 2.799349e+08 2.715582e+11 1.101420e+11 8.527481e+07 
300 303975 1.800000e+00 1.768480e+03 4.718161e-02 8.336700e-04 6.278261e-09 2.576154e-09 2.161137e-12 6.103519e+11 2.377167e+11 2.066450e+08 1.859281e+11 7.241571e+10 6.294928e+07 



300 607950 5.000000e-01 1.520307e+03 2.144659e-02 1.701400e-04 7.043053e-11 7.041461e-11 5.779860e-15 1.713763e+10 1.708794e+10 1.418701e+06 5.220797e+09 5.205661e+09 4.321912e+05 
300 607950 5.500000e-01 1.618050e+03 3.949823e-02 1.103500e-04 6.490860e-10 5.984332e-10 3.468313e-14 1.404468e+11 1.304434e+11 7.553895e+06 4.278778e+10 3.974026e+10 2.301325e+06 
300 607950 6.000000e-01 1.711650e+03 6.255966e-02 8.837000e-05 3.212578e-09 2.878218e-09 1.340599e-13 6.302365e+11 5.864215e+11 2.618998e+07 1.920126e+11 1.786640e+11 7.979221e+06 
300 607950 6.500000e-01 1.806737e+03 8.992343e-02 6.977000e-05 1.148966e-08 1.082942e-08 3.996795e-13 2.044058e+12 1.890902e+12 7.149019e+07 6.227834e+11 5.761210e+11 2.178155e+07 
300 607950 7.000000e-01 1.895066e+03 1.170022e-01 6.512000e-05 3.037139e-08 2.671182e-08 9.507534e-13 4.982387e+12 4.913289e+12 1.526895e+08 1.518082e+12 1.497031e+12 4.652280e+07 
300 607950 7.500000e-01 1.979588e+03 1.428830e-01 5.465000e-05 6.816915e-08 6.481622e-08 1.941053e-12 1.032255e+13 9.753319e+12 2.958513e+08 3.145270e+12 2.971831e+12 9.014525e+07 
300 607950 8.000000e-01 2.065242e+03 1.682561e-01 5.116000e-05 1.407280e-07 1.361800e-07 3.775325e-12 1.966652e+13 1.887021e+13 5.313573e+08 5.992535e+12 5.749907e+12 1.619080e+08 
300 607950 8.500000e-01 2.142596e+03 1.887237e-01 5.000000e-05 2.564795e-07 2.468835e-07 6.659130e-12 3.326568e+13 3.186161e+13 8.715692e+08 1.013654e+13 9.708732e+12 2.655793e+08 
300 607950 9.000000e-01 2.213475e+03 2.052232e-01 4.768000e-05 4.318417e-07 4.241510e-07 1.092789e-11 5.229655e+13 5.117800e+13 1.336993e+09 1.593589e+13 1.559508e+13 4.074095e+08 
300 607950 9.500000e-01 2.274452e+03 2.173223e-01 4.884000e-05 6.833130e-07 6.649912e-07 1.737533e-11 7.738557e+13 7.469990e+13 1.987951e+09 2.358156e+13 2.276322e+13 6.057829e+08 
300 607950 1.000000e+00 2.314373e+03 2.244706e-01 4.884000e-05 1.014269e-06 9.931209e-07 2.620331e-11 1.077128e+14 1.047111e+14 2.814728e+09 3.282379e+13 3.190915e+13 8.577422e+08 
300 607950 1.050000e+00 2.312277e+03 2.255766e-01 5.233000e-05 1.406022e-06 1.356629e-06 3.817559e-11 1.405729e+14 1.346828e+14 3.856044e+09 4.283825e+13 4.104342e+13 1.175090e+09 
300 607950 1.100000e+00 2.278651e+03 2.198560e-01 5.349000e-05 1.786238e-06 1.739593e-06 5.177945e-11 1.689175e+14 1.650555e+14 4.958441e+09 5.147701e+13 5.030015e+13 1.511063e+09 
300 607950 1.150000e+00 2.237362e+03 2.060062e-01 6.860000e-05 2.009063e-06 1.737873e-06 6.710393e-11 1.802537e+14 1.756291e+14 5.936883e+09 5.493273e+13 5.352343e+13 1.809273e+09 
300 607950 1.200000e+00 2.196010e+03 1.848438e-01 8.256000e-05 1.895680e-06 1.573551e-06 7.483010e-11 1.635842e+14 1.533624e+14 6.406225e+09 4.985341e+13 4.673841e+13 1.952338e+09 
300 607950 1.250000e+00 2.155028e+03 1.582044e-01 1.034800e-04 1.443049e-06 1.142745e-06 7.187415e-11 1.213429e+14 9.365949e+13 6.066642e+09 3.698068e+13 2.854395e+13 1.848878e+09 
300 607950 1.300000e+00 2.114547e+03 1.303423e-01 1.488400e-04 8.071088e-07 4.958273e-07 5.488473e-11 6.673012e+13 4.613217e+13 4.511733e+09 2.033707e+13 1.405958e+13 1.375021e+09 
300 607950 1.350000e+00 2.073496e+03 1.067595e-01 1.917500e-04 3.384508e-07 1.894663e-07 2.948201e-11 2.830008e+13 1.557332e+13 2.451193e+09 8.624987e+12 4.746296e+12 7.470475e+08 
300 607950 1.400000e+00 2.034829e+03 9.155118e-02 2.090800e-04 1.566873e-07 9.380921e-08 1.529426e-11 1.335829e+13 7.628246e+12 1.292291e+09 4.071222e+12 2.324885e+12 3.938530e+08 
300 607950 1.450000e+00 1.995295e+03 8.033519e-02 2.507100e-04 7.892963e-08 3.984918e-08 8.648096e-12 6.874850e+12 3.272833e+12 7.439064e+08 2.095268e+12 9.974787e+11 2.267226e+08 
300 607950 1.500000e+00 1.956786e+03 7.166623e-02 3.166500e-04 4.405665e-08 1.583755e-08 5.408626e-12 3.910661e+12 1.604925e+12 4.677536e+08 1.191870e+12 4.891446e+11 1.425595e+08 
300 607950 1.550000e+00 1.919610e+03 6.459265e-02 3.316500e-04 2.639961e-08 1.036619e-08 3.526588e-12 2.386577e+12 8.840505e+11 3.138555e+08 7.273711e+11 2.694398e+11 9.565568e+07 
300 607950 1.600000e+00 1.885370e+03 5.863801e-02 3.709600e-04 1.687134e-08 6.063343e-09 2.457833e-12 1.552558e+12 5.239248e+11 2.222852e+08 4.731837e+11 1.596818e+11 6.774747e+07 
300 607950 1.650000e+00 1.849778e+03 5.342023e-02 4.102700e-04 1.074389e-08 3.804799e-09 1.718152e-12 1.005123e+12 3.324948e+11 1.577212e+08 3.063393e+11 1.013382e+11 4.807004e+07 
300 607950 1.700000e+00 1.817560e+03 4.892557e-02 4.009700e-04 7.090417e-09 3.246854e-09 1.212362e-12 6.738274e+11 2.898091e+11 1.131710e+08 2.053685e+11 8.832867e+10 3.449222e+07 
300 607950 1.750000e+00 1.790409e+03 4.503591e-02 4.865600e-04 5.005505e-09 1.709650e-09 9.419236e-13 4.840396e+11 1.983151e+11 8.780261e+07 1.475253e+11 6.044306e+10 2.676051e+07 
300 607950 1.800000e+00 1.762288e+03 4.155194e-02 4.726100e-04 3.450300e-09 1.496891e-09 6.913827e-13 3.386389e+11 1.368140e+11 6.643671e+07 1.032106e+11 4.169869e+10 2.024866e+07 



300 911925 5.000000e-01 1.523520e+03 1.716063e-02 1.702700e-04 2.831617e-11 2.801129e-11 2.251631e-15 6.790026e+09 6.582926e+09 5.488783e+05 2.069193e+09 2.006081e+09 1.672649e+05 
300 911925 5.500000e-01 1.619732e+03 3.074589e-02 9.628000e-05 3.104193e-10 2.946972e-10 1.412272e-14 6.598526e+10 6.197372e+10 3.020833e+06 2.010901e+10 1.888651e+10 9.205976e+05 
300 911925 6.000000e-01 1.712796e+03 4.950561e-02 6.782000e-05 1.822804e-09 1.650213e-09 6.025733e-14 3.507183e+11 3.212655e+11 1.164248e+07 1.068844e+11 9.790857e+10 3.548142e+06 
300 911925 6.500000e-01 1.805339e+03 7.223303e-02 5.425000e-05 7.194045e-09 6.427868e-09 1.932132e-13 1.257791e+12 1.136378e+12 3.393611e+07 3.833322e+11 3.463303e+11 1.034257e+07 
300 911925 7.000000e-01 1.894003e+03 9.642935e-02 4.941000e-05 2.106768e-08 1.858894e-08 4.955653e-13 3.370573e+12 3.212809e+12 7.871655e+07 1.027260e+12 9.791793e+11 2.399065e+07 
300 911925 7.500000e-01 1.979639e+03 1.199899e-01 4.166000e-05 5.071535e-08 4.825414e-08 1.073658e-12 7.474133e+12 6.942682e+12 1.586661e+08 2.277959e+12 2.115989e+12 4.835804e+07 
300 911925 8.000000e-01 2.066070e+03 1.431686e-01 3.875000e-05 1.097503e-07 1.051911e-07 2.172830e-12 1.491831e+13 1.392887e+13 2.959940e+08 4.546877e+12 4.245320e+12 9.021436e+07 
300 911925 8.500000e-01 2.143840e+03 1.617002e-01 3.779000e-05 2.053943e-07 1.937489e-07 3.911121e-12 2.592227e+13 2.374843e+13 4.953605e+08 7.900843e+12 7.238298e+12 1.509806e+08 
300 911925 9.000000e-01 2.218518e+03 1.781871e-01 3.585000e-05 3.618883e-07 3.506539e-07 6.717524e-12 4.249620e+13 4.014834e+13 7.914127e+08 1.295262e+13 1.223703e+13 2.412180e+08 
300 911925 9.500000e-01 2.278077e+03 1.878245e-01 3.682000e-05 5.616341e-07 5.330568e-07 1.047424e-11 6.200344e+13 5.824154e+13 1.163078e+09 1.889857e+13 1.775199e+13 3.545040e+08 
300 911925 1.000000e+00 2.322325e+03 1.950858e-01 3.682000e-05 8.532093e-07 8.159574e-07 1.622355e-11 8.800482e+13 8.331233e+13 1.684838e+09 2.682415e+13 2.539391e+13 5.135430e+08 
300 911925 1.050000e+00 2.316933e+03 1.951562e-01 3.973000e-05 1.155941e-06 1.073787e-06 2.315588e-11 1.123853e+14 1.035794e+14 2.269293e+09 3.425585e+13 3.157180e+13 6.916955e+08 
300 911925 1.100000e+00 2.280461e+03 1.889315e-01 4.554000e-05 1.422790e-06 1.251661e-06 3.133088e-11 1.310449e+14 1.245276e+14 2.870085e+09 3.994392e+13 3.795745e+13 8.748321e+08 
300 911925 1.150000e+00 2.238337e+03 1.754509e-01 4.941000e-05 1.511586e-06 1.335176e-06 3.791852e-11 1.326615e+14 1.181241e+14 3.358075e+09 4.043719e+13 3.600608e+13 1.023590e+09 
300 911925 1.200000e+00 2.197178e+03 1.561613e-01 6.104000e-05 1.314663e-06 1.111131e-06 4.009723e-11 1.117086e+14 9.431570e+13 3.420498e+09 3.405081e+13 2.874923e+13 1.042629e+09 
300 911925 1.250000e+00 2.157552e+03 1.339837e-01 7.944000e-05 9.055783e-07 7.078755e-07 3.525498e-11 7.516522e+13 5.829352e+13 2.935341e+09 2.291195e+13 1.776915e+13 8.947530e+08 
300 911925 1.300000e+00 2.116132e+03 1.112589e-01 1.201400e-04 4.436835e-07 2.525181e-07 2.354594e-11 3.656912e+13 2.326823e+13 1.922086e+09 1.114713e+13 7.092733e+12 5.858971e+08 
300 911925 1.350000e+00 2.073993e+03 9.341091e-02 1.453300e-04 1.834558e-07 9.750032e-08 1.172377e-11 1.536845e+13 7.824686e+12 9.769158e+08 4.684693e+12 2.385176e+12 2.977889e+08 
300 911925 1.400000e+00 2.034374e+03 8.149469e-02 1.638300e-04 8.932151e-08 4.425276e-08 6.368564e-12 7.658888e+12 3.701916e+12 5.419235e+08 2.334635e+12 1.128450e+12 1.651929e+08 
300 911925 1.450000e+00 1.997104e+03 7.266706e-02 1.842900e-04 4.977345e-08 2.368023e-08 3.914359e-12 4.371418e+12 1.952036e+12 3.387138e+08 1.332530e+12 5.950385e+11 1.032494e+08 
300 911925 1.500000e+00 1.958399e+03 6.544096e-02 2.271200e-04 2.918327e-08 1.015786e-08 2.556205e-12 2.607848e+12 1.125404e+12 2.213916e+08 7.949469e+11 3.430579e+11 6.748657e+07 
300 911925 1.550000e+00 1.921162e+03 5.943868e-02 2.456300e-04 1.817426e-08 6.502172e-09 1.748152e-12 1.655282e+12 7.253174e+11 1.541438e+08 5.045792e+11 2.210997e+11 4.698764e+07 
300 911925 1.600000e+00 1.883826e+03 5.421458e-02 2.641400e-04 1.162460e-08 4.403713e-09 1.223636e-12 1.075531e+12 3.823724e+11 1.112129e+08 3.278547e+11 1.165596e+11 3.390113e+07 
300 911925 1.650000e+00 1.847954e+03 4.969956e-02 3.069800e-04 7.639149e-09 2.544209e-09 8.900562e-13 7.185947e+11 3.338884e+11 7.994697e+07 2.190503e+11 1.017803e+11 2.437037e+07 
300 911925 1.700000e+00 1.818656e+03 4.585454e-02 2.992300e-04 5.405914e-09 2.258925e-09 6.697282e-13 5.164160e+11 2.024617e+11 6.274499e+07 1.574200e+11 6.171722e+10 1.912670e+07 
300 911925 1.750000e+00 1.789361e+03 4.236429e-02 3.401200e-04 3.835347e-09 1.412362e-09 5.189265e-13 3.720101e+11 1.277649e+11 4.929277e+07 1.134007e+11 3.894717e+10 1.502605e+07 
300 911925 1.800000e+00 1.760271e+03 3.927237e-02 3.810100e-04 2.692766e-09 9.312440e-10 3.968196e-13 2.652418e+11 1.165664e+11 3.749253e+07 8.085439e+10 3.553353e+10 1.142897e+07 



300 1215900 5.000000e-01 1.523175e+03 1.459374e-02 1.764200e-04 1.296249e-11 1.205091e-11 1.121880e-15 3.093840e+09 2.829095e+09 2.746799e+05 9.429719e+08 8.622799e+08 8.371956e+04 
300 1215900 5.500000e-01 1.621263e+03 2.604360e-02 8.830000e-05 1.737479e-10 1.727429e-10 7.362949e-15 3.655887e+10 3.621971e+10 1.563739e+06 1.114306e+10 1.103969e+10 4.766232e+05 
300 1215900 6.000000e-01 1.715468e+03 4.245597e-02 5.788000e-05 1.194785e-09 1.122692e-09 3.414641e-14 2.257238e+11 2.139097e+11 6.502900e+06 6.880155e+10 6.520064e+10 1.982109e+06 
300 1215900 6.500000e-01 1.806012e+03 6.216400e-02 4.682000e-05 5.068119e-09 4.506949e-09 1.147179e-13 8.705682e+11 7.730014e+11 1.978154e+07 2.653578e+11 2.356188e+11 6.029604e+06 
300 1215900 7.000000e-01 1.893003e+03 8.346397e-02 3.916000e-05 1.559442e-08 1.444961e-08 3.016273e-13 2.457678e+12 2.266181e+12 4.769529e+07 7.491364e+11 6.907664e+11 1.453821e+07 
300 1215900 7.500000e-01 1.979785e+03 1.055295e-01 3.575000e-05 4.010542e-08 3.532646e-08 6.967399e-13 5.798827e+12 5.085649e+12 1.012352e+08 1.767594e+12 1.550207e+12 3.085841e+07 
300 1215900 8.000000e-01 2.066260e+03 1.271146e-01 3.319000e-05 9.005302e-08 7.776206e-08 1.452147e-12 1.200666e+13 1.150078e+13 1.915105e+08 3.659915e+12 3.505715e+12 5.837689e+07 
300 1215900 8.500000e-01 2.147531e+03 1.458565e-01 2.979000e-05 1.771379e-07 1.697033e-07 2.700308e-12 2.187933e+13 2.039168e+13 3.340535e+08 6.669424e+12 6.215959e+12 1.018286e+08 
300 1215900 9.000000e-01 2.219696e+03 1.601085e-01 3.149000e-05 3.085646e-07 2.743705e-07 4.643019e-12 3.541909e+13 3.399065e+13 5.269743e+08 1.079683e+13 1.036142e+13 1.606379e+08 
300 1215900 9.500000e-01 2.283027e+03 1.703397e-01 2.894000e-05 4.955406e-07 4.739857e-07 7.369058e-12 5.331062e+13 5.068660e+13 7.989284e+08 1.625090e+13 1.545104e+13 2.435405e+08 
300 1215900 1.000000e+00 2.326502e+03 1.758819e-01 2.894000e-05 7.298630e-07 6.994188e-07 1.108292e-11 7.382340e+13 7.025660e+13 1.130044e+09 2.250412e+13 2.141686e+13 3.444792e+08 
300 1215900 1.050000e+00 2.318603e+03 1.760795e-01 3.149000e-05 9.874219e-07 9.189051e-07 1.596058e-11 9.430732e+13 8.705511e+13 1.532296e+09 2.874868e+13 2.653796e+13 4.671051e+08 
300 1215900 1.100000e+00 2.276131e+03 1.697069e-01 3.660000e-05 1.185736e-06 1.038467e-06 2.126997e-11 1.070753e+14 9.277845e+13 1.932874e+09 3.264118e+13 2.828296e+13 5.892234e+08 
300 1215900 1.150000e+00 2.231701e+03 1.565093e-01 4.086000e-05 1.193887e-06 1.076250e-06 2.480337e-11 1.032061e+14 9.169133e+13 2.155244e+09 3.146201e+13 2.795182e+13 6.570176e+08 
300 1215900 1.200000e+00 2.189558e+03 1.387026e-01 5.448000e-05 9.707578e-07 7.452650e-07 2.502719e-11 8.146103e+13 6.739537e+13 2.087167e+09 2.483330e+13 2.054544e+13 6.362700e+08 
300 1215900 1.250000e+00 2.156898e+03 1.194514e-01 7.065000e-05 6.103205e-07 4.284555e-07 2.037392e-11 5.013476e+13 3.488849e+13 1.679008e+09 1.528363e+13 1.063582e+13 5.118468e+08 
300 1215900 1.300000e+00 2.107709e+03 9.992358e-02 9.363000e-05 2.684852e-07 1.679083e-07 1.166596e-11 2.219304e+13 1.347277e+13 9.608915e+08 6.765611e+12 4.107226e+12 2.929304e+08 
300 1215900 1.350000e+00 2.075082e+03 8.639304e-02 1.174600e-04 1.263774e-07 6.448669e-08 6.401467e-12 1.062403e+13 6.755133e+12 5.262552e+08 3.238776e+12 2.059335e+12 1.604309e+08 
300 1215900 1.400000e+00 2.034410e+03 7.602523e-02 1.276800e-04 6.343763e-08 3.361885e-08 3.559790e-12 5.465248e+12 2.752837e+12 3.039177e+08 1.666106e+12 8.392192e+11 9.265078e+07 
300 1215900 1.450000e+00 1.996426e+03 6.818831e-02 1.590700e-04 3.653218e-08 1.355120e-08 2.291625e-12 3.215609e+12 1.397699e+12 1.972964e+08 9.802956e+11 4.260981e+11 6.014693e+07 
300 1215900 1.500000e+00 1.960114e+03 6.192527e-02 1.678400e-04 2.282762e-08 9.279137e-09 1.558893e-12 2.046983e+12 7.774669e+11 1.376819e+08 6.240350e+11 2.370168e+11 4.197321e+07 
300 1215900 1.550000e+00 1.921523e+03 5.641003e-02 1.887700e-04 1.438197e-08 5.675219e-09 1.085874e-12 1.314570e+12 4.815781e+11 9.745023e+07 4.007558e+11 1.468132e+11 2.970839e+07 
300 1215900 1.600000e+00 1.884617e+03 5.170683e-02 2.079900e-04 9.498832e-09 3.635670e-09 7.875004e-13 8.822354e+11 3.123661e+11 7.173409e+07 2.689560e+11 9.522767e+10 2.186869e+07 
300 1215900 1.650000e+00 1.850890e+03 4.768504e-02 2.028900e-04 6.528596e-09 3.206697e-09 5.802558e-13 6.161023e+11 2.868968e+11 5.379964e+07 1.878237e+11 8.746323e+10 1.640126e+07 
300 1215900 1.700000e+00 1.816322e+03 4.401654e-02 2.464500e-04 4.479880e-09 1.750131e-09 4.437556e-13 4.290244e+11 1.546418e+11 4.161945e+07 1.307917e+11 4.714415e+10 1.268806e+07 
300 1215900 1.750000e+00 1.785325e+03 4.083113e-02 2.396400e-04 3.137172e-09 1.543824e-09 3.323935e-13 3.052454e+11 1.412038e+11 3.172654e+07 9.305674e+10 4.304747e+10 9.672130e+06 
300 1215900 1.800000e+00 1.756860e+03 3.802017e-02 2.832000e-04 2.297539e-09 9.393485e-10 2.671283e-13 2.269129e+11 8.651113e+10 2.581613e+07 6.917645e+10 2.637387e+10 7.870295e+06 



500 101325 5.000000e-01 1.674152e+03 2.704230e-01 2.989500e-04 9.773109e-09 9.542228e-09 1.507386e-12 2.290839e+12 2.204570e+12 3.563884e+08 6.945880e+11 6.684426e+11 1.080549e+08 
500 101325 5.500000e-01 1.772992e+03 3.653474e-01 2.843700e-04 2.769512e-08 2.561655e-08 3.824474e-12 5.904788e+12 5.774240e+12 8.087501e+08 1.790864e+12 1.751294e+12 2.452781e+08 
500 101325 6.000000e-01 1.869538e+03 4.650444e-01 2.479200e-04 6.655084e-08 6.325900e-08 8.329878e-12 1.289525e+13 1.222927e+13 1.640622e+09 3.911987e+12 3.710047e+12 4.976940e+08 
500 101325 6.500000e-01 1.953844e+03 5.491011e-01 2.333300e-04 1.313867e-07 1.250897e-07 1.547023e-11 2.350627e+13 2.231400e+13 2.818547e+09 7.132462e+12 6.770843e+12 8.551931e+08 
500 101325 7.000000e-01 2.037126e+03 6.345108e-01 2.114600e-04 2.445579e-07 2.377301e-07 2.722742e-11 4.037254e+13 3.932465e+13 4.589865e+09 1.225244e+13 1.193466e+13 1.392900e+09 
500 101325 7.500000e-01 2.116350e+03 7.113261e-01 2.187500e-04 4.291204e-07 4.041974e-07 4.660437e-11 6.543320e+13 6.145041e+13 7.264259e+09 1.986145e+13 1.865296e+13 2.204882e+09 
500 101325 8.000000e-01 2.188186e+03 7.807560e-01 1.932300e-04 7.101824e-07 7.055981e-07 7.394708e-11 1.004462e+14 9.973713e+13 1.072800e+10 3.049383e+13 3.027891e+13 3.256717e+09 
500 101325 8.500000e-01 2.251553e+03 8.395480e-01 1.932300e-04 1.115508e-06 1.098525e-06 1.147604e-10 1.468102e+14 1.445722e+14 1.551561e+10 4.457570e+13 4.389661e+13 4.710758e+09 
500 101325 9.000000e-01 2.301833e+03 8.844486e-01 1.932300e-04 1.669976e-06 1.641983e-06 1.711648e-10 2.055575e+14 2.020414e+14 2.165282e+10 6.242045e+13 6.135377e+13 6.574930e+09 
500 101325 9.500000e-01 2.344261e+03 9.206308e-01 1.932300e-04 2.425839e-06 2.395931e-06 2.486242e-10 2.797698e+14 2.763037e+14 2.949947e+10 8.496650e+13 8.391461e+13 8.958643e+09 
500 101325 1.000000e+00 2.371487e+03 9.436583e-01 1.895900e-04 3.374647e-06 3.368323e-06 3.490043e-10 3.672810e+14 3.640868e+14 3.899318e+10 1.115558e+14 1.105863e+14 1.184307e+10 
500 101325 1.050000e+00 2.383531e+03 9.522058e-01 2.151000e-04 4.545001e-06 4.281187e-06 4.887601e-10 4.652799e+14 4.574632e+14 5.098038e+10 1.413361e+14 1.389627e+14 1.548543e+10 
500 101325 1.100000e+00 2.379587e+03 9.482627e-01 2.114600e-04 5.895325e-06 5.779953e-06 6.514496e-10 5.725144e+14 5.620429e+14 6.496367e+10 1.739265e+14 1.707470e+14 1.973479e+10 
500 101325 1.150000e+00 2.356315e+03 9.223156e-01 2.333300e-04 7.239258e-06 6.870733e-06 8.513119e-10 6.681884e+14 6.326818e+14 8.067071e+10 2.030082e+14 1.922247e+14 2.450854e+10 
500 101325 1.200000e+00 2.326205e+03 8.856740e-01 2.515700e-04 8.584278e-06 7.893991e-06 1.084693e-09 7.562005e+14 7.048781e+14 9.806582e+10 2.297682e+14 2.141787e+14 2.979602e+10 
500 101325 1.250000e+00 2.289853e+03 8.291218e-01 2.734300e-04 9.456709e-06 8.843971e-06 1.314903e-09 8.018936e+14 7.465214e+14 1.138537e+11 2.436723e+14 2.268499e+14 3.459584e+10 
500 101325 1.300000e+00 2.251997e+03 7.562314e-01 2.843700e-04 9.766061e-06 9.303302e-06 1.519509e-09 7.972490e+14 7.679070e+14 1.269665e+11 2.422801e+14 2.333664e+14 3.858358e+10 
500 101325 1.350000e+00 2.212579e+03 6.667713e-01 3.864600e-04 9.020824e-06 7.274004e-06 1.709374e-09 7.144650e+14 5.862049e+14 1.377692e+11 2.171400e+14 1.781628e+14 4.186986e+10 
500 101325 1.400000e+00 2.174800e+03 5.697446e-01 4.885400e-04 7.357561e-06 5.610643e-06 1.730583e-09 5.700122e+14 4.276438e+14 1.355979e+11 1.732500e+14 1.299813e+14 4.121303e+10 
500 101325 1.450000e+00 2.136262e+03 4.716602e-01 5.760400e-04 4.985822e-06 3.987880e-06 1.516219e-09 3.809140e+14 3.027482e+14 1.167204e+11 1.157832e+14 9.202587e+13 3.547809e+10 
500 101325 1.500000e+00 2.105214e+03 4.001697e-01 9.393300e-04 3.188866e-06 1.438076e-06 1.266641e-09 2.446839e+14 1.687452e+14 9.331892e+10 7.437655e+13 5.129509e+13 2.836604e+10 
500 101325 1.550000e+00 2.070033e+03 3.335260e-01 1.110020e-03 1.741183e-06 7.642751e-07 8.163891e-10 1.354379e+14 5.613809e+13 6.291703e+10 4.117052e+13 1.706564e+13 1.912559e+10 
500 101325 1.600000e+00 2.029808e+03 2.856166e-01 1.273440e-03 9.336264e-07 3.645955e-07 4.847366e-10 7.372028e+13 2.736617e+13 3.785390e+10 2.241040e+13 8.319538e+12 1.150737e+10 
500 101325 1.650000e+00 1.996639e+03 2.535882e-01 1.444140e-03 5.776660e-07 1.941337e-07 3.228065e-10 4.638438e+13 2.080839e+13 2.508317e+10 1.410084e+13 6.326042e+12 7.625288e+09 
500 101325 1.700000e+00 1.964465e+03 2.281108e-01 1.422260e-03 3.678134e-07 1.501318e-07 2.157871e-10 3.002191e+13 1.156746e+13 1.739997e+10 9.126783e+12 3.516755e+12 5.289704e+09 
500 101325 1.750000e+00 1.931607e+03 2.052823e-01 1.578390e-03 2.308357e-07 8.242040e-08 1.456930e-10 1.920333e+13 6.432651e+12 1.193386e+10 5.838025e+12 1.955710e+12 3.628047e+09 
500 101325 1.800000e+00 1.903442e+03 1.869128e-01 1.549220e-03 1.547659e-07 6.530995e-08 1.014972e-10 1.306707e+13 5.205195e+12 8.465344e+09 3.972556e+12 1.582543e+12 2.573602e+09 



500 303975 5.000000e-01 1.674761e+03 1.605345e-01 1.315100e-04 3.476176e-09 3.257595e-09 2.373777e-13 7.724640e+11 7.343838e+11 5.321264e+07 2.351053e+11 2.235166e+11 1.619558e+07 
500 303975 5.500000e-01 1.771135e+03 2.296814e-01 1.157300e-04 1.182579e-08 1.105448e-08 6.863862e-13 2.386308e+12 2.224953e+12 1.396348e+08 7.263576e+11 6.772481e+11 4.250251e+07 
500 303975 6.000000e-01 1.863914e+03 3.012626e-01 1.025700e-04 3.133343e-08 2.976268e-08 1.617643e-12 5.774459e+12 5.369271e+12 3.006691e+08 1.757800e+12 1.634471e+12 9.152591e+07 
500 303975 6.500000e-01 1.955253e+03 3.736548e-01 8.942000e-05 7.179233e-08 6.854743e-08 3.377768e-12 1.215702e+13 1.156494e+13 5.788692e+08 3.700982e+12 3.520759e+12 1.762247e+08 
500 303975 7.000000e-01 2.040746e+03 4.414853e-01 8.679000e-05 1.435504e-07 1.377060e-07 6.387859e-12 2.249438e+13 2.153679e+13 1.011612e+09 6.848435e+12 6.556942e+12 3.079833e+08 
500 303975 7.500000e-01 2.118783e+03 5.013003e-01 7.890000e-05 2.592210e-07 2.524135e-07 1.094460e-11 3.772702e+13 3.648552e+13 1.613304e+09 1.148666e+13 1.110872e+13 4.911940e+08 
500 303975 8.000000e-01 2.194033e+03 5.578077e-01 8.284000e-05 4.458244e-07 4.182803e-07 1.839704e-11 6.017984e+13 5.563263e+13 2.516206e+09 1.832375e+13 1.693934e+13 7.661346e+08 
500 303975 8.500000e-01 2.262403e+03 6.052075e-01 7.364000e-05 7.266696e-07 7.208354e-07 2.886723e-11 9.143742e+13 9.028620e+13 3.698463e+09 2.784244e+13 2.749201e+13 1.126161e+09 
500 303975 9.000000e-01 2.322853e+03 6.466533e-01 7.364000e-05 1.136213e-06 1.114759e-06 4.480831e-11 1.334126e+14 1.303087e+14 5.361869e+09 4.062554e+13 3.968062e+13 1.632731e+09 
500 303975 9.500000e-01 2.371107e+03 6.768783e-01 7.495000e-05 1.689060e-06 1.663770e-06 6.659119e-11 1.861097e+14 1.814884e+14 7.466568e+09 5.667465e+13 5.526766e+13 2.273719e+09 
500 303975 1.000000e+00 2.402809e+03 6.958225e-01 7.364000e-05 2.390940e-06 2.367181e-06 9.485039e-11 2.474647e+14 2.444812e+14 1.004408e+10 7.536162e+13 7.445315e+13 3.058734e+09 
500 303975 1.050000e+00 2.412908e+03 7.019114e-01 8.284000e-05 3.245106e-06 3.044285e-06 1.348140e-10 3.171630e+14 2.973353e+14 1.344516e+10 9.659022e+13 9.055259e+13 4.094618e+09 
500 303975 1.100000e+00 2.400303e+03 6.960815e-01 8.021000e-05 4.197417e-06 4.114270e-06 1.802836e-10 3.903234e+14 3.809876e+14 1.705890e+10 1.188750e+14 1.160322e+14 5.195327e+09 
500 303975 1.150000e+00 2.371213e+03 6.762851e-01 8.810000e-05 5.172248e-06 5.012762e-06 2.381832e-10 4.571067e+14 4.405072e+14 2.138951e+10 1.392187e+14 1.341637e+14 6.514441e+09 
500 303975 1.200000e+00 2.335020e+03 6.398265e-01 9.468000e-05 5.894437e-06 5.730921e-06 2.964705e-10 4.962749e+14 4.803821e+14 2.543346e+10 1.511523e+14 1.463126e+14 7.746315e+09 
500 303975 1.250000e+00 2.295478e+03 5.871378e-01 1.104600e-04 6.100187e-06 5.700198e-06 3.502548e-10 4.954258e+14 4.586082e+14 2.884539e+10 1.508982e+14 1.396851e+14 8.785752e+09 
500 303975 1.300000e+00 2.255501e+03 5.207386e-01 1.341400e-04 5.623275e-06 4.870236e-06 3.866627e-10 4.410371e+14 3.774275e+14 3.066552e+10 1.343363e+14 1.149622e+14 9.340413e+09 
500 303975 1.350000e+00 2.217652e+03 4.488089e-01 1.683300e-04 4.447883e-06 3.626566e-06 3.816163e-10 3.409529e+14 2.777794e+14 2.948916e+10 1.038540e+14 8.461210e+13 8.982339e+09 
500 303975 1.400000e+00 2.180095e+03 3.763405e-01 2.446000e-04 2.874873e-06 1.828263e-06 3.271869e-10 2.173179e+14 1.332869e+14 2.474534e+10 6.619627e+13 4.060043e+13 7.537554e+09 
500 303975 1.450000e+00 2.141490e+03 3.114104e-01 3.182400e-04 1.488030e-06 8.239500e-07 2.168019e-10 1.130110e+14 6.052842e+13 1.638069e+10 3.442435e+13 1.843787e+13 4.989733e+09 
500 303975 1.500000e+00 2.102935e+03 2.657429e-01 3.945100e-04 7.774186e-07 3.490660e-07 1.292076e-10 6.004215e+13 2.563357e+13 9.885549e+09 1.828970e+13 7.808481e+12 3.011281e+09 
500 303975 1.550000e+00 2.068450e+03 2.342159e-01 4.287100e-04 4.461628e-07 2.003277e-07 8.114999e-11 3.517813e+13 1.490859e+13 6.308351e+09 1.071585e+13 4.541487e+12 1.921631e+09 
500 303975 1.600000e+00 2.029896e+03 2.086492e-01 5.174900e-04 2.588357e-07 8.910326e-08 5.175979e-11 2.071089e+13 6.660371e+12 4.085330e+09 6.308927e+12 2.028921e+12 1.244474e+09 
500 303975 1.650000e+00 1.995305e+03 1.887255e-01 6.036400e-04 1.636500e-07 4.439068e-08 3.567050e-11 1.339265e+13 4.182056e+12 2.827132e+09 4.079685e+12 1.273971e+12 8.612070e+08 
500 303975 1.700000e+00 1.961511e+03 1.717278e-01 6.897900e-04 1.067059e-07 2.429634e-08 2.518545e-11 8.856272e+12 2.215813e+12 2.028976e+09 2.697818e+12 6.750039e+11 6.180752e+08 
500 303975 1.750000e+00 1.927766e+03 1.570886e-01 7.276000e-04 7.004585e-08 1.634385e-08 1.763373e-11 5.923947e+12 1.515442e+12 1.444473e+09 1.804579e+12 4.616529e+11 4.400242e+08 
500 303975 1.800000e+00 1.895011e+03 1.441512e-01 7.654200e-04 4.661498e-08 1.145169e-08 1.254913e-11 4.013401e+12 1.269179e+12 1.033962e+09 1.222588e+12 3.866348e+11 3.149736e+08 



500 607950 5.000000e-01 1.674626e+03 1.074442e-01 9.259000e-05 1.431803e-09 1.287393e-09 6.402096e-14 3.068187e+11 2.774733e+11 1.380379e+07 9.347198e+10 8.453215e+10 4.205297e+06 
500 607950 5.500000e-01 1.771805e+03 1.624178e-01 7.054000e-05 6.000369e-09 5.700027e-09 2.142339e-13 1.159225e+12 1.082942e+12 4.164645e+07 3.531729e+11 3.299332e+11 1.268809e+07 
500 607950 6.000000e-01 1.862483e+03 2.196770e-01 5.952000e-05 1.773653e-08 1.721587e-08 5.457860e-13 3.142082e+12 2.998014e+12 9.714419e+07 9.573127e+11 9.134210e+11 2.959727e+07 
500 607950 6.500000e-01 1.953631e+03 2.803313e-01 5.401000e-05 4.458292e-08 4.215500e-08 1.234798e-12 7.232818e+12 6.797785e+12 2.019360e+08 2.203733e+12 2.071193e+12 6.152675e+07 
500 607950 7.000000e-01 2.039652e+03 3.384979e-01 5.070000e-05 9.603192e-08 9.112534e-08 2.466131e-12 1.437191e+13 1.351357e+13 3.721766e+08 4.379047e+12 4.117531e+12 1.133999e+08 
500 607950 7.500000e-01 2.121535e+03 3.921316e-01 4.960000e-05 1.861980e-07 1.720346e-07 4.538782e-12 2.580197e+13 2.362231e+13 6.345087e+08 7.861946e+12 7.197831e+12 1.933363e+08 
500 607950 8.000000e-01 2.197915e+03 4.404724e-01 4.189000e-05 3.321905e-07 3.266582e-07 7.611170e-12 4.281421e+13 4.230124e+13 9.952956e+08 1.304598e+13 1.288969e+13 3.032765e+08 
500 607950 8.500000e-01 2.269501e+03 4.821582e-01 4.409000e-05 5.580893e-07 5.379510e-07 1.262407e-11 6.703234e+13 6.395406e+13 1.532926e+09 2.042599e+13 1.948805e+13 4.671089e+08 
500 607950 9.000000e-01 2.332120e+03 5.154846e-01 4.409000e-05 8.795045e-07 8.165932e-07 1.968844e-11 9.883648e+13 9.059081e+13 2.237322e+09 3.011794e+13 2.760540e+13 6.817653e+08 
500 607950 9.500000e-01 2.384034e+03 5.409129e-01 4.519000e-05 1.318966e-06 1.236482e-06 2.966154e-11 1.392242e+14 1.291425e+14 3.164270e+09 4.242596e+13 3.935391e+13 9.642479e+08 
500 607950 1.000000e+00 2.419380e+03 5.572792e-01 4.409000e-05 1.899511e-06 1.777598e-06 4.308715e-11 1.882751e+14 1.779761e+14 4.337447e+09 5.737437e+13 5.423612e+13 1.321776e+09 
500 607950 1.050000e+00 2.427860e+03 5.624036e-01 4.409000e-05 2.572654e-06 2.515038e-06 5.985997e-11 2.408462e+14 2.334408e+14 5.685020e+09 7.339601e+13 7.113950e+13 1.732461e+09 
500 607950 1.100000e+00 2.408300e+03 5.548808e-01 4.630000e-05 3.279291e-06 3.148368e-06 8.074337e-11 2.912508e+14 2.812036e+14 7.285108e+09 8.875805e+13 8.569639e+13 2.220112e+09 
500 607950 1.150000e+00 2.374974e+03 5.351393e-01 4.849000e-05 3.898957e-06 3.780253e-06 1.032374e-10 3.301672e+14 3.209299e+14 8.875325e+09 1.006194e+14 9.780447e+13 2.704770e+09 
500 607950 1.200000e+00 2.337558e+03 5.016943e-01 5.511000e-05 4.218678e-06 4.041259e-06 1.254036e-10 3.415926e+14 3.282623e+14 1.031564e+10 1.041028e+14 1.000406e+14 3.143758e+09 
500 607950 1.250000e+00 2.297863e+03 4.551528e-01 6.944000e-05 4.044490e-06 3.522343e-06 1.423862e-10 3.164245e+14 2.751771e+14 1.125928e+10 9.643406e+13 8.386383e+13 3.431390e+09 
500 607950 1.300000e+00 2.257969e+03 3.993033e-01 8.377000e-05 3.312479e-06 2.855694e-06 1.416191e-10 2.531571e+14 2.126083e+14 1.088256e+10 7.715359e+13 6.479600e+13 3.316624e+09 
500 607950 1.350000e+00 2.218274e+03 3.392096e-01 1.135300e-04 2.196436e-06 1.616054e-06 1.226720e-10 1.648658e+14 1.187472e+14 9.232485e+09 5.024605e+13 3.619072e+13 2.813775e+09 
500 607950 1.400000e+00 2.179293e+03 2.832280e-01 1.609200e-04 1.131753e-06 6.320913e-07 8.289875e-11 8.523700e+13 4.620637e+13 6.206734e+09 2.597786e+13 1.408253e+13 1.891640e+09 
500 607950 1.450000e+00 2.141136e+03 2.433003e-01 2.094200e-04 5.707265e-07 2.340847e-07 4.897126e-11 4.364310e+13 2.531062e+13 3.605719e+09 1.330128e+13 7.714088e+12 1.098930e+09 
500 607950 1.500000e+00 2.105117e+03 2.153200e-01 2.402900e-04 3.200196e-07 1.149368e-07 3.036385e-11 2.499223e+13 1.244337e+13 2.285109e+09 7.617017e+12 3.792470e+12 6.964459e+08 
500 607950 1.550000e+00 2.068503e+03 1.932226e-01 2.733500e-04 1.906414e-07 6.311269e-08 1.985231e-11 1.519004e+13 5.452177e+12 1.537435e+09 4.629572e+12 1.661715e+12 4.685751e+08 
500 607950 1.600000e+00 2.031498e+03 1.753887e-01 3.218500e-04 1.191531e-07 3.133148e-08 1.359300e-11 9.672257e+12 2.701994e+12 1.071054e+09 2.947890e+12 8.235184e+11 3.264343e+08 
500 607950 1.650000e+00 1.993442e+03 1.597176e-01 3.681500e-04 7.581779e-08 1.685896e-08 9.464187e-12 6.271563e+12 1.665832e+12 7.533745e+08 1.911441e+12 5.077172e+11 2.296133e+08 
500 607950 1.700000e+00 1.956614e+03 1.463069e-01 4.121500e-04 5.006837e-08 1.019359e-08 6.779067e-12 4.215952e+12 1.091115e+12 5.464227e+08 1.284937e+12 3.325547e+11 1.665391e+08 
500 607950 1.750000e+00 1.925729e+03 1.348879e-01 4.077400e-04 3.561243e-08 8.887283e-09 5.081179e-12 3.052055e+12 9.496797e+11 4.161114e+08 9.302060e+11 2.894477e+11 1.268229e+08 
500 607950 1.800000e+00 1.894058e+03 1.247035e-01 4.495400e-04 2.519539e-08 5.903562e-09 3.868092e-12 2.199423e+12 6.144986e+11 3.227204e+08 6.703427e+11 1.872902e+11 9.835936e+07 



500 911925 5.000000e-01 1.674484e+03 8.344182e-02 7.037000e-05 7.544444e-10 7.474625e-10 2.731711e-14 1.589395e+11 1.562811e+11 5.782658e+06 4.843614e+10 4.762607e+10 1.762238e+06 
500 911925 5.500000e-01 1.770362e+03 1.292536e-01 5.630000e-05 3.634407e-09 3.364611e-09 1.016315e-13 6.867941e+11 6.447213e+11 1.942023e+07 2.093042e+11 1.964825e+11 5.918404e+06 
500 911925 6.000000e-01 1.864177e+03 1.814529e-01 4.624000e-05 1.233811e-08 1.155301e-08 2.882451e-13 2.128812e+12 1.983503e+12 4.999258e+07 6.487839e+11 6.045003e+11 1.523588e+07 
500 911925 6.500000e-01 1.953694e+03 2.345266e-01 4.223000e-05 3.274650e-08 3.022455e-08 6.796182e-13 5.178590e+12 4.637017e+12 1.077374e+08 1.578281e+12 1.413229e+12 3.283511e+07 
500 911925 7.000000e-01 2.041197e+03 2.876483e-01 3.820000e-05 7.468976e-08 6.781460e-08 1.416502e-12 1.087308e+13 9.800227e+12 2.073368e+08 3.313864e+12 2.986891e+12 6.319132e+07 
500 911925 7.500000e-01 2.123728e+03 3.367113e-01 3.719000e-05 1.500468e-07 1.314607e-07 2.678363e-12 2.019137e+13 1.958328e+13 3.574458e+08 6.153972e+12 5.968650e+12 1.089430e+08 
500 911925 8.000000e-01 2.202796e+03 3.820886e-01 3.518000e-05 2.762582e-07 2.477627e-07 4.708417e-12 3.453831e+13 3.395246e+13 5.824204e+08 1.052685e+13 1.034831e+13 1.775141e+08 
500 911925 8.500000e-01 2.272208e+03 4.181584e-01 3.217000e-05 4.608249e-07 4.341578e-07 7.564992e-12 5.392327e+13 5.038133e+13 8.926419e+08 1.643538e+13 1.535588e+13 2.720697e+08 
500 911925 9.000000e-01 2.337769e+03 4.504084e-01 3.317000e-05 7.417612e-07 6.776930e-07 1.206113e-11 8.111168e+13 7.978758e+13 1.300849e+09 2.472256e+13 2.431902e+13 3.964934e+08 
500 911925 9.500000e-01 2.391672e+03 4.732582e-01 3.368000e-05 1.114797e-06 1.011781e-06 1.816793e-11 1.146165e+14 1.125656e+14 1.845048e+09 3.493520e+13 3.431010e+13 5.623705e+08 
500 911925 1.000000e+00 2.428971e+03 4.880117e-01 3.317000e-05 1.592285e-06 1.444218e-06 2.622886e-11 1.544535e+14 1.524257e+14 2.514224e+09 4.707811e+13 4.646008e+13 7.663449e+08 
500 911925 1.050000e+00 2.438152e+03 4.922671e-01 3.267000e-05 2.152853e-06 2.045520e-06 3.645184e-11 1.973336e+14 1.858541e+14 3.371142e+09 6.014887e+13 5.664997e+13 1.027549e+09 
500 911925 1.100000e+00 2.415883e+03 4.839154e-01 3.569000e-05 2.723210e-06 2.539254e-06 4.937173e-11 2.366505e+14 2.181373e+14 4.323457e+09 7.213384e+13 6.649100e+13 1.317838e+09 
500 911925 1.150000e+00 2.379341e+03 4.640607e-01 3.820000e-05 3.173093e-06 3.000779e-06 6.281948e-11 2.617989e+14 2.449912e+14 5.237188e+09 7.980033e+13 7.467722e+13 1.596372e+09 
500 911925 1.200000e+00 2.339560e+03 4.303529e-01 4.423000e-05 3.271788e-06 2.987809e-06 7.388229e-11 2.593618e+14 2.334854e+14 5.908930e+09 7.905824e+13 7.117084e+13 1.801148e+09 
500 911925 1.250000e+00 2.299244e+03 3.871415e-01 5.730000e-05 2.917428e-06 2.241636e-06 7.960922e-11 2.237694e+14 1.873466e+14 6.089520e+09 6.820970e+13 5.710746e+13 1.856214e+09 
500 911925 1.300000e+00 2.260945e+03 3.393156e-01 7.037000e-05 2.193001e-06 1.618963e-06 7.438480e-11 1.643123e+14 1.208114e+14 5.609662e+09 5.008631e+13 3.682636e+13 1.709958e+09 
500 911925 1.350000e+00 2.222260e+03 2.899837e-01 9.148000e-05 1.314968e-06 8.833145e-07 5.743048e-11 9.803153e+13 6.438384e+13 4.279031e+09 2.988256e+13 1.962596e+13 1.304360e+09 
500 911925 1.400000e+00 2.183682e+03 2.480816e-01 1.206300e-04 6.671866e-07 3.590887e-07 3.601722e-11 5.035391e+13 2.597524e+13 2.696306e+09 1.534926e+13 7.918017e+12 8.219086e+08 
500 911925 1.450000e+00 2.144646e+03 2.169200e-01 1.337000e-04 3.502870e-07 1.865771e-07 2.110980e-11 2.700140e+13 1.361137e+13 1.607524e+09 8.230799e+12 4.149164e+12 4.900198e+08 
500 911925 1.500000e+00 2.106804e+03 1.937377e-01 1.799400e-04 2.014811e-07 6.585769e-08 1.371957e-11 1.582099e+13 6.093936e+12 1.047573e+09 4.822708e+12 1.857626e+12 3.193316e+08 
500 911925 1.550000e+00 2.068081e+03 1.748543e-01 2.090900e-04 1.218415e-07 3.305936e-08 9.148422e-12 9.815230e+12 3.012653e+12 7.116286e+08 2.991980e+12 9.183560e+11 2.169263e+08 
500 911925 1.600000e+00 2.030597e+03 1.594994e-01 2.372400e-04 7.859086e-08 1.880672e-08 6.434417e-12 6.422262e+12 1.650279e+12 5.091816e+08 1.957704e+12 5.030612e+11 1.552147e+08 
500 911925 1.650000e+00 1.996049e+03 1.464912e-01 2.513200e-04 5.377540e-08 1.344912e-08 4.721328e-12 4.486510e+12 1.198463e+12 3.799035e+08 1.367630e+12 3.653330e+11 1.158068e+08 
500 911925 1.700000e+00 1.960017e+03 1.351109e-01 2.794600e-04 3.685956e-08 8.520900e-09 3.517466e-12 3.127431e+12 8.908739e+11 2.850856e+08 9.533424e+11 2.715698e+11 8.690347e+07 
500 911925 1.750000e+00 1.925548e+03 1.250180e-01 2.754400e-04 2.599077e-08 7.463284e-09 2.623128e-12 2.236829e+12 5.818847e+11 2.201519e+08 6.818586e+11 1.773793e+11 6.710968e+07 
500 911925 1.800000e+00 1.892115e+03 1.160440e-01 3.035900e-04 1.849363e-08 5.033690e-09 2.016474e-12 1.617790e+12 5.271919e+11 1.690471e+08 4.931561e+11 1.607072e+11 5.153132e+07 



500 1215900 5.000000e-01 1.676090e+03 7.073340e-02 6.815000e-05 4.709485e-10 4.473219e-10 1.540889e-14 9.770037e+10 9.369329e+10 3.235243e+06 2.977855e+10 2.855723e+10 9.860831e+05 
500 1215900 5.500000e-01 1.771899e+03 1.106131e-01 5.111000e-05 2.506262e-09 2.264765e-09 6.018972e-14 4.684408e+11 4.469428e+11 1.116549e+07 1.427815e+11 1.362290e+11 3.403256e+06 
500 1215900 6.000000e-01 1.863053e+03 1.556304e-01 4.070000e-05 8.939181e-09 8.085894e-09 1.751909e-13 1.517802e+12 1.336932e+12 2.984840e+07 4.626371e+11 4.075075e+11 9.098002e+06 
500 1215900 6.500000e-01 1.955965e+03 2.067922e-01 3.217000e-05 2.609513e-08 2.486734e-08 4.374682e-13 4.039504e+12 3.844197e+12 6.822744e+07 1.231293e+12 1.171763e+12 2.079658e+07 
500 1215900 7.000000e-01 2.040815e+03 2.541976e-01 2.934000e-05 6.045501e-08 5.854993e-08 9.189379e-13 8.613412e+12 8.187944e+12 1.317835e+08 2.625518e+12 2.495833e+12 4.016988e+07 
500 1215900 7.500000e-01 2.124199e+03 3.010981e-01 2.792000e-05 1.257480e-07 1.182995e-07 1.787409e-12 1.659857e+13 1.541970e+13 2.372547e+08 5.059606e+12 4.700272e+12 7.232032e+07 
500 1215900 8.000000e-01 2.201947e+03 3.427690e-01 2.603000e-05 2.341431e-07 2.258531e-07 3.152642e-12 2.872644e+13 2.743335e+13 3.894863e+08 8.756559e+12 8.362406e+12 1.187253e+08 
500 1215900 8.500000e-01 2.274465e+03 3.788218e-01 2.697000e-05 4.020256e-07 3.610513e-07 5.292912e-12 4.605847e+13 4.536550e+13 5.945771e+08 1.403996e+13 1.382874e+13 1.812442e+08 
500 1215900 9.000000e-01 2.343352e+03 4.096706e-01 2.366000e-05 6.598517e-07 6.397077e-07 8.379376e-12 7.057668e+13 6.862040e+13 9.058430e+08 2.151406e+13 2.091776e+13 2.761300e+08 
500 1215900 9.500000e-01 2.399987e+03 4.321473e-01 2.414000e-05 1.006472e-06 9.689668e-07 1.281204e-11 1.009814e+14 9.712415e+13 1.299328e+09 3.078274e+13 2.960695e+13 3.960808e+08 
500 1215900 1.000000e+00 2.437913e+03 4.452514e-01 2.414000e-05 1.440569e-06 1.397902e-06 1.861250e-11 1.358080e+14 1.319102e+14 1.779159e+09 4.139950e+13 4.021138e+13 5.423555e+08 
500 1215900 1.050000e+00 2.443881e+03 4.486080e-01 2.744000e-05 1.925833e-06 1.732106e-06 2.630435e-11 1.721475e+14 1.546157e+14 2.372747e+09 5.247763e+13 4.713338e+13 7.233101e+08 
500 1215900 1.100000e+00 2.419376e+03 4.405998e-01 3.029000e-05 2.380114e-06 2.050153e-06 3.497883e-11 2.028811e+14 1.957908e+14 2.940459e+09 6.184706e+13 5.968573e+13 8.963798e+08 
500 1215900 1.150000e+00 2.383194e+03 4.209312e-01 3.312000e-05 2.687276e-06 2.354587e-06 4.334944e-11 2.181571e+14 2.092741e+14 3.478587e+09 6.650438e+13 6.379654e+13 1.060433e+09 
500 1215900 1.200000e+00 2.342943e+03 3.890302e-01 3.880000e-05 2.681230e-06 2.194987e-06 4.994921e-11 2.095389e+14 1.919469e+14 3.874728e+09 6.387771e+13 5.851490e+13 1.181205e+09 
500 1215900 1.250000e+00 2.301508e+03 3.483121e-01 4.449000e-05 2.269782e-06 1.932923e-06 5.065945e-11 1.720901e+14 1.440082e+14 3.862610e+09 5.246185e+13 4.390117e+13 1.177520e+09 
500 1215900 1.300000e+00 2.260696e+03 3.027474e-01 6.058000e-05 1.549722e-06 1.087556e-06 4.469829e-11 1.157864e+14 7.831334e+13 3.330624e+09 3.529784e+13 2.387414e+13 1.015350e+09 
500 1215900 1.350000e+00 2.222137e+03 2.605289e-01 8.139000e-05 8.694981e-07 5.102498e-07 3.201320e-11 6.487311e+13 3.614738e+13 2.372434e+09 1.977685e+13 1.101974e+13 7.232469e+08 
500 1215900 1.400000e+00 2.184766e+03 2.269629e-01 1.022100e-04 4.600430e-07 2.179775e-07 1.987014e-11 3.485712e+13 2.172620e+13 1.454210e+09 1.062637e+13 6.623377e+12 4.433238e+08 
500 1215900 1.450000e+00 2.146760e+03 2.018500e-01 1.145200e-04 2.551819e-07 1.103738e-07 1.224732e-11 1.975763e+13 8.076695e+12 9.351530e+08 6.023230e+12 2.462244e+12 2.850872e+08 
500 1215900 1.500000e+00 2.108433e+03 1.815598e-01 1.429100e-04 1.511964e-07 4.680077e-08 8.080488e-12 1.197171e+13 4.535281e+12 6.178300e+08 3.649655e+12 1.382619e+12 1.883498e+08 
500 1215900 1.550000e+00 2.071103e+03 1.651956e-01 1.561700e-04 9.608423e-08 2.901251e-08 5.564765e-12 7.762852e+12 2.781396e+12 4.333366e+08 2.366562e+12 8.479343e+11 1.321059e+08 
500 1215900 1.600000e+00 2.033513e+03 1.511382e-01 1.845500e-04 6.316192e-08 1.534746e-08 4.023724e-12 5.198533e+12 1.444763e+12 3.191595e+08 1.584813e+12 4.404504e+11 9.729839e+07 
500 1215900 1.650000e+00 1.996728e+03 1.390079e-01 1.968600e-04 4.311854e-08 1.066183e-08 2.956598e-12 3.600721e+12 1.001985e+12 2.386180e+08 1.097710e+12 3.054657e+11 7.274479e+07 
500 1215900 1.700000e+00 1.961336e+03 1.284937e-01 2.082200e-04 3.029689e-08 7.741462e-09 2.235510e-12 2.584822e+12 7.201521e+11 1.834339e+08 7.880055e+11 2.195463e+11 5.592153e+07 
500 1215900 1.750000e+00 1.926505e+03 1.193146e-01 2.214700e-04 2.168674e-08 5.848439e-09 1.717722e-12 1.872243e+12 5.496323e+11 1.432782e+08 5.707700e+11 1.675617e+11 4.367975e+07 
500 1215900 1.800000e+00 1.895244e+03 1.112546e-01 2.328200e-04 1.599562e-08 4.522636e-09 1.357633e-12 1.405426e+12 5.038019e+11 1.137455e+08 4.284574e+11 1.535899e+11 3.467644e+07 



700 101325 5.000000e-01 1.840894e+03 7.731500e-01 2.437500e-04 4.420492e-08 4.235446e-08 5.522412e-12 9.233607e+12 8.836639e+12 1.172091e+09 2.800188e+12 2.679875e+12 3.554337e+08 
700 101325 5.500000e-01 1.933133e+03 9.384365e-01 2.203100e-04 9.636761e-08 9.425687e-08 1.104457e-11 1.835414e+13 1.783854e+13 2.143987e+09 5.567478e+12 5.411194e+12 6.503169e+08 
700 101325 6.000000e-01 2.023263e+03 1.099543e+00 2.109400e-04 1.910299e-07 1.874341e-07 2.065969e-11 3.333521e+13 3.250533e+13 3.682678e+09 1.011399e+13 9.862441e+12 1.117279e+09 
700 101325 6.500000e-01 2.105871e+03 1.246293e+00 1.921900e-04 3.441456e-07 3.388180e-07 3.526547e-11 5.532913e+13 5.463791e+13 5.825858e+09 1.679017e+13 1.658074e+13 1.767829e+09 
700 101325 7.000000e-01 2.180024e+03 1.375684e+00 1.968700e-04 5.763185e-07 5.594648e-07 5.768503e-11 8.588783e+13 8.248131e+13 8.816436e+09 2.606790e+13 2.503477e+13 2.675753e+09 
700 101325 7.500000e-01 2.248784e+03 1.493236e+00 1.968700e-04 9.273257e-07 8.807811e-07 9.092107e-11 1.281641e+14 1.202643e+14 1.290954e+10 3.890511e+13 3.650864e+13 3.918611e+09 
700 101325 8.000000e-01 2.308412e+03 1.590624e+00 1.781200e-04 1.419225e-06 1.409277e-06 1.349435e-10 1.830115e+14 1.804573e+14 1.792306e+10 5.556238e+13 5.478803e+13 5.441184e+09 
700 101325 8.500000e-01 2.358587e+03 1.673708e+00 1.781200e-04 2.098482e-06 2.084581e-06 1.979322e-10 2.530609e+14 2.496787e+14 2.461073e+10 7.683925e+13 7.581377e+13 7.472422e+09 
700 101325 9.000000e-01 2.400321e+03 1.735557e+00 1.734400e-04 2.997853e-06 2.965063e-06 2.814129e-10 3.390165e+14 3.365555e+14 3.295606e+10 1.029505e+14 1.022052e+14 1.000746e+10 
700 101325 9.500000e-01 2.434274e+03 1.786912e+00 1.921900e-04 4.171916e-06 3.952836e-06 3.987818e-10 4.445037e+14 4.429040e+14 4.323159e+10 1.349999e+14 1.345149e+14 1.312916e+10 
700 101325 1.000000e+00 2.457014e+03 1.816084e+00 1.875000e-04 5.625391e-06 5.406386e-06 5.430485e-10 5.656999e+14 5.469814e+14 5.641158e+10 1.718266e+14 1.661443e+14 1.713368e+10 
700 101325 1.050000e+00 2.471005e+03 1.829738e+00 1.875000e-04 7.370997e-06 7.282430e-06 7.233392e-10 7.018842e+14 6.873392e+14 7.098804e+10 2.132116e+14 2.087963e+14 2.156302e+10 
700 101325 1.100000e+00 2.472826e+03 1.820541e+00 2.015600e-04 9.356596e-06 8.961484e-06 9.548943e-10 8.458965e+14 8.029321e+14 8.887351e+10 2.569802e+14 2.439341e+14 2.699833e+10 
700 101325 1.150000e+00 2.465171e+03 1.792809e+00 2.156300e-04 1.146479e-05 1.071753e-05 1.226752e-09 9.889444e+14 9.698360e+14 1.073716e+11 3.004636e+14 2.946616e+14 3.262048e+10 
700 101325 1.200000e+00 2.447389e+03 1.745644e+00 2.109400e-04 1.367859e-05 1.342752e-05 1.529843e-09 1.126764e+15 1.098111e+15 1.295793e+11 3.423641e+14 3.336628e+14 3.937073e+10 
700 101325 1.250000e+00 2.421626e+03 1.674918e+00 2.390600e-04 1.562377e-05 1.440339e-05 1.900529e-09 1.234302e+15 1.142367e+15 1.543112e+11 3.750665e+14 3.471396e+14 4.688893e+10 
700 101325 1.300000e+00 2.392883e+03 1.580834e+00 2.718700e-04 1.701933e-05 1.519431e-05 2.289432e-09 1.296491e+15 1.283641e+15 1.742615e+11 3.939925e+14 3.900922e+14 5.295495e+10 
700 101325 1.350000e+00 2.358815e+03 1.457340e+00 3.000000e-04 1.735116e-05 1.536998e-05 2.624562e-09 1.280435e+15 1.129995e+15 1.978776e+11 3.891402e+14 3.434291e+14 6.013593e+10 
700 101325 1.400000e+00 2.323573e+03 1.315392e+00 3.281200e-04 1.650856e-05 1.512097e-05 2.871506e-09 1.183066e+15 1.080160e+15 2.100798e+11 3.595753e+14 3.283052e+14 6.384890e+10 
700 101325 1.450000e+00 2.289701e+03 1.173006e+00 3.937500e-04 1.443786e-05 1.267095e-05 2.979039e-09 1.015597e+15 8.826188e+14 2.131354e+11 3.086934e+14 2.682804e+14 6.478158e+10 
700 101325 1.500000e+00 2.254772e+03 1.021019e+00 5.296900e-04 1.132792e-05 8.229664e-06 2.946366e-09 7.868844e+14 5.597732e+14 2.065293e+11 2.391880e+14 1.701597e+14 6.277771e+10 
700 101325 1.550000e+00 2.217159e+03 8.667124e-01 6.656200e-04 7.621013e-06 5.180722e-06 2.540951e-09 5.285482e+14 3.507732e+14 1.762744e+11 1.606710e+14 1.066341e+14 5.358443e+10 
700 101325 1.600000e+00 2.182438e+03 7.443242e-01 9.933600e-04 4.786327e-06 1.980064e-06 2.000540e-09 3.351195e+14 1.320049e+14 1.385818e+11 1.018750e+14 4.013111e+13 4.212834e+10 
700 101325 1.650000e+00 2.147443e+03 6.532350e-01 1.171090e-03 3.041222e-06 1.061314e-06 1.418738e-09 2.158307e+14 7.150372e+13 9.937798e+10 6.561288e+13 2.173872e+13 3.021139e+10 
700 101325 1.700000e+00 2.118296e+03 5.919839e-01 1.353510e-03 2.119161e-06 6.116158e-07 1.065832e-09 1.527765e+14 5.784280e+13 7.371572e+10 4.644531e+13 1.758579e+13 2.241032e+10 
700 101325 1.750000e+00 2.084861e+03 5.350358e-01 1.535940e-03 1.427311e-06 3.465904e-07 7.693346e-10 1.043982e+14 3.230788e+13 5.411482e+10 3.173840e+13 9.822734e+12 1.645182e+10 
700 101325 1.800000e+00 2.050261e+03 4.871509e-01 1.708980e-03 9.638750e-07 2.024220e-07 5.530117e-10 7.162143e+13 1.857529e+13 3.955421e+10 2.177445e+13 5.647703e+12 1.202545e+10 



700 303975 5.000000e-01 1.837821e+03 4.944656e-01 9.547000e-05 2.009821e-08 1.991162e-08 1.027724e-12 3.992434e+12 3.906517e+12 2.059838e+08 1.215202e+12 1.189056e+12 6.269586e+07 
700 303975 5.500000e-01 1.935887e+03 6.388847e-01 8.996000e-05 5.109613e-08 4.965401e-08 2.362056e-12 9.225485e+12 8.918891e+12 4.319504e+08 2.808258e+12 2.714953e+12 1.314854e+08 
700 303975 6.000000e-01 2.021687e+03 7.569186e-01 7.894000e-05 1.052590e-07 1.032565e-07 4.471310e-12 1.755428e+13 1.728336e+13 7.583532e+08 5.343928e+12 5.261479e+12 2.308575e+08 
700 303975 6.500000e-01 2.108870e+03 8.830982e-01 8.261000e-05 2.067413e-07 1.897152e-07 8.414010e-12 3.171100e+13 3.094664e+13 1.292013e+09 9.654203e+12 9.421568e+12 3.933402e+08 
700 303975 7.000000e-01 2.188600e+03 9.961945e-01 6.976000e-05 3.692568e-07 3.663417e-07 1.403587e-11 5.242890e+13 5.168140e+13 2.030691e+09 1.596255e+13 1.573505e+13 6.182586e+08 
700 303975 7.500000e-01 2.262040e+03 1.097804e+00 7.159000e-05 6.177726e-07 6.023616e-07 2.299861e-11 8.159890e+13 7.904119e+13 3.093546e+09 2.484498e+13 2.406640e+13 9.419012e+08 
700 303975 8.000000e-01 2.327390e+03 1.185937e+00 7.159000e-05 9.828329e-07 9.328944e-07 3.588283e-11 1.210343e+14 1.139107e+14 4.504894e+09 3.685383e+13 3.468514e+13 1.371683e+09 
700 303975 8.500000e-01 2.385795e+03 1.262966e+00 7.159000e-05 1.501808e-06 1.403886e-06 5.419366e-11 1.731707e+14 1.634939e+14 6.386654e+09 5.273129e+13 4.978508e+13 1.944740e+09 
700 303975 9.000000e-01 2.434064e+03 1.323964e+00 7.159000e-05 2.203762e-06 2.055416e-06 7.908793e-11 2.386005e+14 2.358375e+14 8.590063e+09 7.265786e+13 7.181678e+13 2.615783e+09 
700 303975 9.500000e-01 2.473071e+03 1.373501e+00 7.159000e-05 3.156625e-06 2.981810e-06 1.133409e-10 3.208651e+14 3.003191e+14 1.176621e+10 9.771245e+13 9.145654e+13 3.583101e+09 
700 303975 1.000000e+00 2.499902e+03 1.403307e+00 6.976000e-05 4.319570e-06 4.118069e-06 1.565335e-10 4.150137e+14 3.986084e+14 1.540003e+10 1.263879e+14 1.213927e+14 4.689850e+09 
700 303975 1.050000e+00 2.513596e+03 1.416457e+00 6.976000e-05 5.709093e-06 5.611385e-06 2.105977e-10 5.192903e+14 5.055529e+14 1.958725e+10 1.581494e+14 1.539664e+14 5.965203e+09 
700 303975 1.100000e+00 2.512374e+03 1.409609e+00 6.792000e-05 7.244546e-06 7.206417e-06 2.725891e-10 6.271020e+14 6.219887e+14 2.415868e+10 1.909887e+14 1.894321e+14 7.357627e+09 
700 303975 1.150000e+00 2.495764e+03 1.383108e+00 8.078000e-05 8.830413e-06 8.218509e-06 3.587544e-10 7.294396e+14 6.685556e+14 3.021302e+10 2.221630e+14 2.036214e+14 9.201777e+09 
700 303975 1.200000e+00 2.469358e+03 1.340780e+00 7.894000e-05 1.041721e-05 1.026966e-05 4.455232e-10 8.215484e+14 8.048531e+14 3.589213e+10 2.502232e+14 2.451394e+14 1.093174e+10 
700 303975 1.250000e+00 2.437180e+03 1.270748e+00 8.996000e-05 1.149221e-05 1.084262e-05 5.439294e-10 8.714627e+14 8.236807e+14 4.210195e+10 2.654328e+14 2.508810e+14 1.282343e+10 
700 303975 1.300000e+00 2.402051e+03 1.179857e+00 1.009800e-04 1.185430e-05 1.093252e-05 6.320454e-10 8.674289e+14 8.008139e+14 4.714421e+10 2.642103e+14 2.439224e+14 1.435958e+10 
700 303975 1.350000e+00 2.365758e+03 1.070348e+00 1.266800e-04 1.123733e-05 9.272671e-06 7.060249e-10 7.985268e+14 6.554570e+14 5.089046e+10 2.432300e+14 1.996532e+14 1.550104e+10 
700 303975 1.400000e+00 2.331753e+03 9.525655e-01 1.523700e-04 9.626630e-06 7.605288e-06 7.236725e-10 6.690625e+14 5.223299e+14 5.087245e+10 2.037996e+14 1.591059e+14 1.549590e+10 
700 303975 1.450000e+00 2.298151e+03 8.353402e-01 1.780800e-04 7.383798e-06 5.959559e-06 6.761720e-10 5.072761e+14 4.010946e+14 4.676631e+10 1.545213e+14 1.221787e+14 1.424542e+10 
700 303975 1.500000e+00 2.260799e+03 7.106062e-01 2.606900e-04 4.680722e-06 2.705853e-06 5.617919e-10 3.219007e+14 1.775113e+14 3.837485e+10 9.805572e+13 5.407347e+13 1.168954e+10 
700 303975 1.550000e+00 2.221726e+03 6.108986e-01 3.139400e-04 2.722206e-06 1.420895e-06 3.893478e-10 1.890810e+14 9.396676e+13 2.673974e+10 5.759760e+13 2.862457e+13 8.145427e+09 
700 303975 1.600000e+00 2.186922e+03 5.406160e-01 4.277500e-04 1.688855e-06 5.294513e-07 2.737369e-10 1.190683e+14 4.968710e+13 1.858469e+10 3.627066e+13 1.513607e+13 5.661299e+09 
700 303975 1.650000e+00 2.153942e+03 4.871078e-01 4.810000e-04 1.092734e-06 3.025401e-07 1.922541e-10 7.830123e+13 2.715425e+13 1.325463e+10 2.385229e+13 8.272007e+12 4.037675e+09 
700 303975 1.700000e+00 2.121873e+03 4.460784e-01 5.360800e-04 7.450903e-07 1.842147e-07 1.408191e-10 5.435645e+13 1.223925e+13 1.003721e+10 1.655831e+13 3.728480e+12 3.057593e+09 
700 303975 1.750000e+00 2.087390e+03 4.077639e-01 6.980400e-04 5.048851e-07 7.975044e-08 1.056315e-10 3.747189e+13 7.714464e+12 7.425582e+09 1.141491e+13 2.350098e+12 2.262039e+09 
700 303975 1.800000e+00 2.055136e+03 3.761991e-01 7.388400e-04 3.551598e-07 5.632683e-08 7.903563e-11 2.680264e+13 4.423939e+12 5.729715e+09 8.164802e+12 1.347697e+12 1.745440e+09 



700 607950 5.000000e-01 1.837305e+03 3.571522e-01 6.330000e-05 1.100175e-08 1.016512e-08 3.459555e-13 2.103630e+12 1.944446e+12 6.657473e+07 6.408873e+11 5.923930e+11 2.028243e+07 
700 607950 5.500000e-01 1.931576e+03 4.677503e-01 5.843000e-05 3.015138e-08 2.692372e-08 8.371722e-13 5.247201e+12 5.074088e+12 1.439932e+08 1.598666e+12 1.545930e+12 4.387027e+07 
700 607950 6.000000e-01 2.020650e+03 5.769863e-01 4.869000e-05 6.849950e-08 6.407203e-08 1.710953e-12 1.095248e+13 1.022379e+13 2.765234e+08 3.337014e+12 3.115011e+12 8.425115e+07 
700 607950 6.500000e-01 2.106825e+03 6.844527e-01 4.545000e-05 1.399986e-07 1.331614e-07 3.252725e-12 2.063932e+13 1.957609e+13 4.852601e+08 6.288615e+12 5.964686e+12 1.478537e+08 
700 607950 7.000000e-01 2.188877e+03 7.850927e-01 4.058000e-05 2.623490e-07 2.566835e-07 5.700984e-12 3.579530e+13 3.516897e+13 7.894526e+08 1.090683e+13 1.071601e+13 2.405450e+08 
700 607950 7.500000e-01 2.262359e+03 8.677333e-01 4.220000e-05 4.483269e-07 4.257939e-07 9.476776e-12 5.703920e+13 5.329388e+13 1.220245e+09 1.738028e+13 1.623913e+13 3.718158e+08 
700 607950 8.000000e-01 2.335850e+03 9.540530e-01 3.895000e-05 7.534716e-07 7.243570e-07 1.531215e-11 8.907427e+13 8.569330e+13 1.839219e+09 2.714227e+13 2.611215e+13 5.604352e+08 
700 607950 8.500000e-01 2.398961e+03 1.023975e+00 3.652000e-05 1.179737e-06 1.170116e-06 2.324628e-11 1.304481e+14 1.285857e+14 2.612534e+09 3.975036e+13 3.918299e+13 7.960924e+08 
700 607950 9.000000e-01 2.453753e+03 1.080242e+00 3.652000e-05 1.780034e-06 1.755554e-06 3.482664e-11 1.844780e+14 1.804938e+14 3.669301e+09 5.621566e+13 5.500172e+13 1.118134e+09 
700 607950 9.500000e-01 2.496434e+03 1.122843e+00 3.652000e-05 2.551135e-06 2.520555e-06 4.992732e-11 2.490687e+14 2.442129e+14 4.958420e+09 7.589967e+13 7.442015e+13 1.510991e+09 
700 607950 1.000000e+00 2.525947e+03 1.151318e+00 3.570000e-05 3.519154e-06 3.489706e-06 6.934928e-11 3.244690e+14 3.217013e+14 6.527700e+09 9.887848e+13 9.803519e+13 1.989236e+09 
700 607950 1.050000e+00 2.538294e+03 1.162078e+00 4.220000e-05 4.654465e-06 4.297621e-06 9.655254e-11 4.067577e+14 3.929321e+14 8.474104e+09 1.239571e+14 1.197442e+14 2.582423e+09 
700 607950 1.100000e+00 2.533161e+03 1.157227e+00 4.139000e-05 5.912917e-06 5.712918e-06 1.268613e-10 4.906188e+14 4.680251e+14 1.070455e+10 1.495154e+14 1.426308e+14 3.262186e+09 
700 607950 1.150000e+00 2.511878e+03 1.131988e+00 4.626000e-05 7.112898e-06 6.424635e-06 1.635290e-10 5.628734e+14 5.074107e+14 1.317415e+10 1.715378e+14 1.546360e+14 4.014851e+09 
700 607950 1.200000e+00 2.481207e+03 1.087008e+00 5.113000e-05 8.113803e-06 7.023980e-06 2.030665e-10 6.163008e+14 5.977710e+14 1.534596e+10 1.878223e+14 1.821759e+14 4.676782e+09 
700 607950 1.250000e+00 2.446549e+03 1.024540e+00 5.599000e-05 8.585178e-06 7.436033e-06 2.381782e-10 6.284740e+14 5.397306e+14 1.768285e+10 1.915347e+14 1.644902e+14 5.389039e+09 
700 607950 1.300000e+00 2.411733e+03 9.462511e-01 6.086000e-05 8.356859e-06 7.536724e-06 2.626316e-10 5.949910e+14 5.296135e+14 1.890919e+10 1.813326e+14 1.614086e+14 5.762849e+09 
700 607950 1.350000e+00 2.373537e+03 8.467951e-01 7.791000e-05 7.294279e-06 5.745997e-06 2.768168e-10 5.048930e+14 3.892717e+14 1.932687e+10 1.538756e+14 1.186387e+14 5.890219e+09 
700 607950 1.400000e+00 2.335354e+03 7.392697e-01 1.006300e-04 5.472726e-06 3.716574e-06 2.611032e-10 3.722489e+14 2.480512e+14 1.784072e+10 1.134512e+14 7.559972e+13 5.437349e+09 
700 607950 1.450000e+00 2.298059e+03 6.367901e-01 1.379600e-04 3.493038e-06 1.893531e-06 2.137430e-10 2.369970e+14 1.217733e+14 1.443093e+10 7.223074e+13 3.711377e+13 4.398182e+09 
700 607950 1.500000e+00 2.263586e+03 5.568259e-01 1.606800e-04 2.098408e-06 1.068841e-06 1.511733e-10 1.439684e+14 7.015363e+13 1.027332e+10 4.387820e+13 2.138140e+13 3.131068e+09 
700 607950 1.550000e+00 2.227992e+03 4.956650e-01 1.850300e-04 1.281352e-06 5.908399e-07 1.028531e-10 8.945389e+13 3.896679e+13 7.077039e+09 2.726353e+13 1.187635e+13 2.156926e+09 
700 607950 1.600000e+00 2.193489e+03 4.485753e-01 2.353400e-04 8.233935e-07 2.591365e-07 7.374246e-11 5.854049e+13 1.678509e+13 5.129988e+09 1.784189e+13 5.115808e+12 1.563514e+09 
700 607950 1.650000e+00 2.159845e+03 4.097169e-01 3.100100e-04 5.527525e-07 1.025276e-07 5.488792e-11 4.003902e+13 1.055725e+13 3.764768e+09 1.220306e+13 3.217683e+12 1.147427e+09 
700 607950 1.700000e+00 2.123804e+03 3.750230e-01 3.603100e-04 3.707186e-07 5.908624e-08 4.025888e-11 2.736932e+13 5.544026e+12 2.809846e+09 8.341628e+12 1.689738e+12 8.563886e+08 
700 607950 1.750000e+00 2.089979e+03 3.459300e-01 3.830400e-04 2.600336e-07 4.220592e-08 3.016525e-11 1.957308e+13 3.244935e+12 2.167752e+09 5.965494e+12 9.890119e+11 6.606921e+08 
700 607950 1.800000e+00 2.056276e+03 3.195775e-01 4.333600e-04 1.852162e-07 2.674872e-08 2.312543e-11 1.421308e+13 2.386416e+12 1.670476e+09 4.331881e+12 7.273490e+11 5.091325e+08 



700 911925 5.000000e-01 1.837190e+03 2.898292e-01 4.731000e-05 7.261195e-09 6.816633e-09 1.739790e-13 1.356480e+12 1.283137e+12 3.274091e+07 4.133898e+11 3.910393e+11 9.977832e+06 
700 911925 5.500000e-01 1.929748e+03 3.858587e-01 4.197000e-05 2.109422e-08 1.909933e-08 4.371592e-13 3.575405e+12 3.220634e+12 7.482334e+07 1.089640e+12 9.815243e+11 2.280312e+07 
700 911925 6.000000e-01 2.021190e+03 4.871518e-01 3.739000e-05 5.218034e-08 4.872831e-08 9.645482e-13 8.123099e+12 7.520868e+12 1.512728e+08 2.475657e+12 2.292124e+12 4.610294e+07 
700 911925 6.500000e-01 2.107774e+03 5.834900e-01 3.358000e-05 1.110808e-07 1.055610e-07 1.883725e-12 1.592512e+13 1.498590e+13 2.725876e+08 4.853561e+12 4.567328e+12 8.307743e+07 
700 911925 7.000000e-01 2.192651e+03 6.776619e-01 3.205000e-05 2.182073e-07 2.043731e-07 3.476692e-12 2.889434e+13 2.673838e+13 4.647146e+08 8.806420e+12 8.149357e+12 1.416354e+08 
700 911925 7.500000e-01 2.271112e+03 7.619474e-01 2.975000e-05 3.905598e-07 3.693211e-07 5.917256e-12 4.804078e+13 4.501215e+13 7.353686e+08 1.464213e+13 1.371910e+13 2.241291e+08 
700 911925 8.000000e-01 2.343815e+03 8.382207e-01 3.052000e-05 6.542723e-07 5.920001e-07 9.675924e-12 7.509764e+13 7.302279e+13 1.104489e+09 2.288905e+13 2.225670e+13 3.366368e+08 
700 911925 8.500000e-01 2.407433e+03 9.009429e-01 2.747000e-05 1.028033e-06 9.785924e-07 1.467656e-11 1.105406e+14 1.037369e+14 1.595809e+09 3.369220e+13 3.161856e+13 4.863928e+08 
700 911925 9.000000e-01 2.463042e+03 9.529483e-01 2.823000e-05 1.545495e-06 1.469137e-06 2.192096e-11 1.557943e+14 1.468075e+14 2.239858e+09 4.748590e+13 4.474688e+13 6.827040e+08 
700 911925 9.500000e-01 2.508353e+03 9.928853e-01 2.823000e-05 2.230445e-06 2.119176e-06 3.166987e-11 2.117797e+14 1.993374e+14 3.048709e+09 6.455098e+13 6.075877e+13 9.292521e+08 
700 911925 1.000000e+00 2.539089e+03 1.018092e+00 2.747000e-05 3.068792e-06 2.918941e-06 4.400986e-11 2.760380e+14 2.584817e+14 4.007266e+09 8.413812e+13 7.878709e+13 1.221436e+09 
700 911925 1.050000e+00 2.551269e+03 1.027709e+00 2.747000e-05 4.046522e-06 3.976164e-06 5.932693e-11 3.449989e+14 3.351088e+14 5.129131e+09 1.051590e+14 1.021446e+14 1.563404e+09 
700 911925 1.100000e+00 2.542679e+03 1.020607e+00 2.975000e-05 5.095736e-06 4.849920e-06 7.878899e-11 4.130040e+14 3.883648e+14 6.469054e+09 1.258888e+14 1.183789e+14 1.971845e+09 
700 911925 1.150000e+00 2.518498e+03 9.963709e-01 3.205000e-05 6.073320e-06 5.744651e-06 1.004094e-10 4.699653e+14 4.372429e+14 7.866559e+09 1.432528e+14 1.332789e+14 2.397846e+09 
700 911925 1.200000e+00 2.485382e+03 9.518775e-01 3.663000e-05 6.744256e-06 5.882706e-06 1.230396e-10 5.008824e+14 4.756172e+14 9.146807e+09 1.526783e+14 1.449774e+14 2.788111e+09 
700 911925 1.250000e+00 2.449082e+03 8.899576e-01 4.197000e-05 6.894035e-06 5.949074e-06 1.426601e-10 4.940853e+14 4.157975e+14 1.030989e+10 1.506077e+14 1.267445e+14 3.142669e+09 
700 911925 1.300000e+00 2.412280e+03 8.142220e-01 4.655000e-05 6.371585e-06 5.648100e-06 1.529085e-10 4.442282e+14 3.823793e+14 1.071964e+10 1.354114e+14 1.165588e+14 3.267599e+09 
700 911925 1.350000e+00 2.374793e+03 7.261155e-01 6.333000e-05 5.169331e-06 3.686105e-06 1.528693e-10 3.522258e+14 2.843600e+14 1.030715e+10 1.073677e+14 8.668077e+13 3.141885e+09 
700 911925 1.400000e+00 2.339869e+03 6.413170e-01 7.325000e-05 3.683383e-06 2.651494e-06 1.335641e-10 2.483389e+14 1.733180e+14 9.009013e+09 7.570065e+13 5.283247e+13 2.746198e+09 
700 911925 1.450000e+00 2.301823e+03 5.568679e-01 1.083600e-04 2.205089e-06 1.018423e-06 1.012345e-10 1.494809e+14 8.464541e+13 6.693169e+09 4.556617e+13 2.580259e+13 2.040275e+09 
700 911925 1.500000e+00 2.264719e+03 4.910429e-01 1.312500e-04 1.295024e-06 4.983981e-07 6.856709e-11 8.930530e+13 5.086754e+13 4.510176e+09 2.722295e+13 1.550608e+13 1.374839e+09 
700 911925 1.550000e+00 2.228626e+03 4.414145e-01 1.549000e-04 8.087728e-07 2.577703e-07 4.756507e-11 5.686427e+13 1.652512e+13 3.274961e+09 1.733398e+13 5.037419e+12 9.983113e+08 
700 911925 1.600000e+00 2.192379e+03 4.012141e-01 1.777900e-04 5.245105e-07 1.417886e-07 3.368955e-11 3.762482e+13 9.077669e+12 2.354584e+09 1.146923e+13 2.767191e+12 7.177532e+08 
700 911925 1.650000e+00 2.157595e+03 3.685045e-01 2.243400e-04 3.576004e-07 6.485004e-08 2.540424e-11 2.614568e+13 5.657705e+12 1.770642e+09 7.970037e+12 1.724670e+12 5.397498e+08 
700 911925 1.700000e+00 2.124365e+03 3.409204e-01 2.472200e-04 2.532878e-07 4.290828e-08 1.935607e-11 1.889588e+13 3.644314e+12 1.370887e+09 5.760083e+12 1.110919e+12 4.178921e+08 
700 911925 1.750000e+00 2.090448e+03 3.161318e-01 2.945400e-04 1.824773e-07 2.477514e-08 1.514488e-11 1.383490e+13 2.438274e+12 1.073076e+09 4.217334e+12 7.432763e+11 3.271100e+08 
700 911925 1.800000e+00 2.057233e+03 2.952086e-01 3.174300e-04 1.335657e-07 1.802825e-08 1.180401e-11 1.029969e+13 1.733198e+12 8.506902e+08 3.139688e+12 5.283437e+11 2.593197e+08 



700 1215900 5.000000e-01 1.836864e+03 2.480553e-01 3.962000e-05 5.217077e-09 4.821020e-09 1.050680e-13 9.609314e+11 8.993026e+11 1.949172e+07 2.928909e+11 2.741070e+11 5.941046e+06 
700 1215900 5.500000e-01 1.931666e+03 3.381242e-01 3.521000e-05 1.662526e-08 1.505792e-08 2.830158e-13 2.772301e+12 2.494026e+12 4.749876e+07 8.450120e+11 7.601944e+11 1.447785e+07 
700 1215900 6.000000e-01 2.022364e+03 4.308693e-01 3.008000e-05 4.245520e-08 3.979568e-08 6.368414e-13 6.490713e+12 6.048181e+12 9.791137e+07 1.978440e+12 1.843556e+12 2.984440e+07 
700 1215900 6.500000e-01 2.110496e+03 5.222742e-01 2.641000e-05 9.472676e-08 9.124675e-08 1.286408e-12 1.328202e+13 1.247882e+13 1.815102e+08 4.048568e+12 3.803751e+12 5.532707e+07 
700 1215900 7.000000e-01 2.195684e+03 6.109027e-01 2.495000e-05 1.903866e-07 1.824388e-07 2.415360e-12 2.463422e+13 2.294617e+13 3.146580e+08 7.509007e+12 6.994476e+12 9.591397e+07 
700 1215900 7.500000e-01 2.270912e+03 6.878013e-01 2.274000e-05 3.375747e-07 3.277514e-07 4.044977e-12 4.070093e+13 3.948387e+13 4.935378e+08 1.240662e+13 1.203566e+13 1.504419e+08 
700 1215900 8.000000e-01 2.342939e+03 7.590987e-01 2.348000e-05 5.665931e-07 5.294850e-07 6.629002e-12 6.398825e+13 5.910891e+13 7.543216e+08 1.950539e+13 1.801808e+13 2.299377e+08 
700 1215900 8.500000e-01 2.409097e+03 8.215357e-01 2.384000e-05 9.039775e-07 8.055112e-07 1.036093e-11 9.546769e+13 9.364685e+13 1.083387e+09 2.910150e+13 2.854650e+13 3.302492e+08 
700 1215900 9.000000e-01 2.466981e+03 8.718110e-01 2.091000e-05 1.368829e-06 1.328155e-06 1.522349e-11 1.356214e+14 1.309602e+14 1.528465e+09 4.134204e+13 3.992121e+13 4.659271e+08 
700 1215900 9.500000e-01 2.514142e+03 9.090571e-01 2.128000e-05 1.981973e-06 1.930725e-06 2.208189e-11 1.846463e+14 1.776643e+14 2.085393e+09 5.628705e+13 5.415876e+13 6.357035e+08 
700 1215900 1.000000e+00 2.547391e+03 9.349824e-01 2.091000e-05 2.739608e-06 2.680937e-06 3.078624e-11 2.423840e+14 2.353319e+14 2.755832e+09 7.388825e+13 7.173859e+13 8.400851e+08 
700 1215900 1.050000e+00 2.559871e+03 9.435455e-01 2.348000e-05 3.614174e-06 3.296139e-06 4.252115e-11 3.018370e+14 2.720920e+14 3.598257e+09 9.201268e+13 8.294536e+13 1.096898e+09 
700 1215900 1.100000e+00 2.549676e+03 9.362331e-01 2.311000e-05 4.503502e-06 4.357028e-06 5.521714e-11 3.596263e+14 3.440315e+14 4.453951e+09 1.096301e+14 1.048763e+14 1.357760e+09 
700 1215900 1.150000e+00 2.524035e+03 9.111231e-01 2.532000e-05 5.324617e-06 5.039966e-06 7.034683e-11 4.048919e+14 3.788747e+14 5.411644e+09 1.234301e+14 1.154990e+14 1.649720e+09 
700 1215900 1.200000e+00 2.489874e+03 8.690693e-01 3.007000e-05 5.824418e-06 4.939607e-06 8.578898e-11 4.257974e+14 4.003821e+14 6.243893e+09 1.298039e+14 1.220564e+14 1.903442e+09 
700 1215900 1.250000e+00 2.451930e+03 8.086721e-01 3.521000e-05 5.791922e-06 4.735622e-06 9.773418e-11 4.086179e+14 3.643403e+14 6.867108e+09 1.245676e+14 1.110699e+14 2.093443e+09 
700 1215900 1.300000e+00 2.413293e+03 7.326671e-01 3.961000e-05 5.105203e-06 4.213238e-06 1.014306e-10 3.505524e+14 2.811330e+14 7.004396e+09 1.068670e+14 8.570455e+13 2.135309e+09 
700 1215900 1.350000e+00 2.376578e+03 6.549946e-01 4.989000e-05 3.941661e-06 2.908023e-06 9.627887e-11 2.664176e+14 1.930512e+14 6.518995e+09 8.121864e+13 5.885280e+13 1.987345e+09 
700 1215900 1.400000e+00 2.339261e+03 5.756825e-01 6.089000e-05 2.596396e-06 1.879946e-06 7.842907e-11 1.743732e+14 1.201991e+14 5.253702e+09 5.315869e+13 3.664357e+13 1.601622e+09 
700 1215900 1.450000e+00 2.302155e+03 5.067803e-01 8.291000e-05 1.542800e-06 7.920720e-07 5.692427e-11 1.048887e+14 5.096157e+13 3.825132e+09 3.197602e+13 1.553607e+13 1.166118e+09 
700 1215900 1.500000e+00 2.267170e+03 4.551361e-01 1.056400e-04 9.580167e-07 3.491819e-07 3.996658e-11 6.639565e+13 2.976019e+13 2.673566e+09 2.024120e+13 9.072673e+12 8.150570e+08 
700 1215900 1.550000e+00 2.229931e+03 4.116250e-01 1.276500e-04 6.029939e-07 1.654629e-07 2.800808e-11 4.250657e+13 1.739992e+13 1.872798e+09 1.295845e+13 5.304542e+12 5.709378e+08 
700 1215900 1.600000e+00 2.193447e+03 3.759723e-01 1.503900e-04 3.997397e-07 9.090133e-08 2.035439e-11 2.883317e+13 7.007867e+12 1.409082e+09 8.790026e+12 2.136425e+12 4.295711e+08 
700 1215900 1.650000e+00 2.159486e+03 3.468760e-01 1.724000e-04 2.811303e-07 5.316920e-08 1.548397e-11 2.069451e+13 4.073456e+12 1.090446e+09 6.308898e+12 1.241840e+12 3.324326e+08 
700 1215900 1.700000e+00 2.124620e+03 3.209224e-01 1.951500e-04 1.997742e-07 3.350101e-08 1.186665e-11 1.498061e+13 2.977244e+12 8.399406e+08 4.566971e+12 9.076483e+11 2.560640e+08 
700 1215900 1.750000e+00 2.090050e+03 2.981006e-01 2.171500e-04 1.448458e-07 2.196072e-08 9.229640e-12 1.104637e+13 1.900368e+12 6.650558e+08 3.367588e+12 5.793507e+11 2.027490e+08 
700 1215900 1.800000e+00 2.056142e+03 2.778773e-01 2.156900e-04 1.071784e-07 1.852741e-08 7.136393e-12 8.305150e+12 1.654591e+12 5.233279e+08 2.531904e+12 5.044231e+11 1.595420e+08 



