T(K) p(Pa) phi Tf(K) SL(m/s) Xf(m) maxXCH mpXCH intXCH maxSM mpSM intSM maxCM mpCM intCM
300 101325 5.000000e-01 1.481590e+03 4.086836e-02 6.284200e-04 5.548806e-10 5.193470e-10 1.757357e-13 1.321964e+11 1.222454e+11 4.203100e+07 4.009022e+10 3.707275e+10 1.274623e+07 
300 101325 5.500000e-01 1.576594e+03 7.348575e-02 4.908900e-04 3.133413e-09 2.896243e-09 7.669542e-13 6.770384e+11 6.268534e+11 1.667813e+08 2.053768e+11 1.901558e+11 5.059138e+07 
300 101325 6.000000e-01 1.668116e+03 1.110294e-01 4.054400e-04 1.141007e-08 1.053893e-08 2.316673e-12 2.250063e+12 2.085623e+12 4.610283e+08 6.827115e+11 6.328267e+11 1.398812e+08 
300 101325 6.500000e-01 1.756860e+03 1.508878e-01 3.437500e-04 3.194554e-08 3.096083e-08 5.613479e-12 5.767016e+12 5.507593e+12 1.025594e+09 1.750178e+12 1.671479e+12 3.112409e+08 
300 101325 7.000000e-01 1.842232e+03 1.911519e-01 3.229200e-04 7.476662e-08 7.032231e-08 1.194859e-11 1.251094e+13 1.182508e+13 2.024735e+09 3.797550e+12 3.589423e+12 6.145655e+08 
300 101325 7.500000e-01 1.925381e+03 2.313233e-01 2.812500e-04 1.560771e-07 1.489432e-07 2.271431e-11 2.411336e+13 2.319081e+13 3.571986e+09 7.320585e+12 7.040610e+12 1.084385e+09 
300 101325 8.000000e-01 2.003926e+03 2.675513e-01 2.604100e-04 2.944323e-07 2.904633e-07 4.005409e-11 4.223737e+13 4.180298e+13 5.866954e+09 1.282473e+13 1.269299e+13 1.781356e+09 
300 101325 8.500000e-01 2.075515e+03 2.994209e-01 2.708300e-04 5.118933e-07 4.818992e-07 6.759783e-11 6.853488e+13 6.797028e+13 9.132701e+09 2.081252e+13 2.064118e+13 2.773295e+09 
300 101325 9.000000e-01 2.141307e+03 3.265106e-01 2.343800e-04 8.362745e-07 8.332591e-07 1.050059e-10 1.046404e+14 1.043822e+14 1.346022e+10 3.178084e+13 3.170253e+13 4.087927e+09 
300 101325 9.500000e-01 2.195551e+03 3.491342e-01 2.343800e-04 1.292502e-06 1.277492e-06 1.607508e-10 1.514471e+14 1.502572e+14 1.931826e+10 4.600208e+13 4.564108e+13 5.867742e+09 
300 101325 1.000000e+00 2.233071e+03 3.631607e-01 2.343800e-04 1.883420e-06 1.872753e-06 2.351618e-10 2.078258e+14 2.069616e+14 2.659101e+10 6.313423e+13 6.287185e+13 8.077655e+09 
300 101325 1.050000e+00 2.242007e+03 3.701316e-01 2.500000e-04 2.616240e-06 2.565397e-06 3.361499e-10 2.718849e+14 2.680223e+14 3.580624e+10 8.260255e+13 8.142987e+13 1.087813e+10 
300 101325 1.100000e+00 2.221231e+03 3.670094e-01 2.604100e-04 3.409018e-06 3.348559e-06 4.563549e-10 3.352972e+14 3.309342e+14 4.598635e+10 1.018781e+14 1.005533e+14 1.397229e+10 
300 101325 1.150000e+00 2.182943e+03 3.501266e-01 2.864600e-04 4.066468e-06 3.936526e-06 5.935515e-10 3.802237e+14 3.699048e+14 5.671740e+10 1.155399e+14 1.124052e+14 1.723446e+10 
300 101325 1.200000e+00 2.143556e+03 3.224662e-01 3.073000e-04 4.396072e-06 4.328529e-06 7.151008e-10 3.922592e+14 3.871422e+14 6.513347e+10 1.192084e+14 1.176538e+14 1.979371e+10 
300 101325 1.250000e+00 2.099275e+03 2.778103e-01 4.025100e-04 3.959275e-06 3.520538e-06 7.935429e-10 3.402716e+14 3.034558e+14 6.915607e+10 1.034184e+14 9.223024e+13 2.101817e+10 
300 101325 1.300000e+00 2.059809e+03 2.285597e-01 5.058600e-04 2.867951e-06 2.578249e-06 7.484575e-10 2.383445e+14 2.137116e+14 6.289114e+10 7.244617e+13 6.495962e+13 1.911585e+10 
300 101325 1.350000e+00 2.020943e+03 1.780870e-01 8.300800e-04 1.493931e-06 9.860457e-07 5.755727e-10 1.224280e+14 7.936990e+13 4.726020e+10 3.721509e+13 2.412694e+13 1.436582e+10 
300 101325 1.400000e+00 1.982589e+03 1.402179e-01 1.154300e-03 6.062126e-07 3.453953e-07 3.153417e-10 4.988354e+13 2.757886e+13 2.593394e+10 1.516409e+13 8.383875e+12 7.883602e+09 
300 101325 1.450000e+00 1.946394e+03 1.197041e-01 1.295580e-03 2.826144e-07 1.675968e-07 1.671656e-10 2.356634e+13 1.349964e+13 1.390509e+10 7.164198e+12 4.104016e+12 4.227147e+09 
300 101325 1.500000e+00 1.911003e+03 1.042238e-01 1.630210e-03 1.433908e-07 6.409717e-08 9.576061e-11 1.215946e+13 5.282861e+12 8.097474e+09 3.696582e+12 1.606088e+12 2.461695e+09 
300 101325 1.550000e+00 1.879224e+03 9.357979e-02 1.771480e-03 7.964905e-08 3.575020e-08 5.826424e-11 6.835326e+12 2.978934e+12 4.993912e+09 2.078057e+12 9.056779e+11 1.518230e+09 
300 101325 1.600000e+00 1.845390e+03 8.292094e-02 2.102780e-03 4.328430e-08 1.601375e-08 3.524599e-11 3.795102e+12 1.743878e+12 3.039346e+09 1.153794e+12 5.301965e+11 9.240255e+08 
300 101325 1.650000e+00 1.819186e+03 7.563157e-02 2.247800e-03 2.633520e-08 1.030383e-08 2.326591e-11 2.344655e+12 8.830382e+11 2.062036e+09 7.128376e+11 2.684783e+11 6.269133e+08 
300 101325 1.700000e+00 1.793755e+03 6.900823e-02 2.562010e-03 1.610392e-08 5.378295e-09 1.561869e-11 1.456737e+12 7.034858e+11 1.368631e+09 4.428945e+11 2.138909e+11 4.161076e+08 
300 101325 1.750000e+00 1.771091e+03 6.305068e-02 2.900390e-03 1.021958e-08 3.101010e-09 1.081365e-11 9.408929e+11 3.871753e+11 9.639989e+08 2.860634e+11 1.177202e+11 2.930897e+08 
300 101325 1.800000e+00 1.738944e+03 5.784313e-02 2.803710e-03 6.561068e-09 2.537665e-09 7.369072e-12 6.107343e+11 2.306932e+11 6.830486e+08 1.856855e+11 7.014301e+10 2.076735e+08 



300 303975 5.000000e-01 1.480866e+03 1.705055e-02 3.518500e-04 6.905410e-11 6.408842e-11 1.156545e-14 1.587451e+10 1.578553e+10 2.650961e+06 4.831862e+09 4.804782e+09 8.068938e+05 
300 303975 5.500000e-01 1.576741e+03 3.496374e-02 2.365800e-04 7.380616e-10 7.028644e-10 8.474965e-14 1.511348e+11 1.425118e+11 1.741770e+07 4.600649e+10 4.338169e+10 5.302047e+06 
300 303975 6.000000e-01 1.668031e+03 5.952988e-02 1.813800e-04 3.911648e-09 3.707847e-09 3.484730e-13 7.243335e+11 6.779042e+11 6.489620e+07 2.205099e+11 2.063760e+11 1.975634e+07 
300 303975 6.500000e-01 1.757510e+03 8.736646e-02 1.556700e-04 1.388208e-08 1.261900e-08 1.040129e-12 2.356383e+12 2.144963e+12 1.776907e+08 7.174055e+11 6.530410e+11 5.409796e+07 
300 303975 7.000000e-01 1.843394e+03 1.167015e-01 1.334200e-04 3.778534e-08 3.554601e-08 2.477760e-12 5.889708e+12 5.542735e+12 3.900055e+08 1.793245e+12 1.687608e+12 1.187445e+08 
300 303975 7.500000e-01 1.925975e+03 1.453704e-01 1.143600e-04 8.598479e-08 8.411680e-08 5.084874e-12 1.242108e+13 1.211561e+13 7.417024e+08 3.782065e+12 3.689063e+12 2.258376e+08 
300 303975 8.000000e-01 2.005229e+03 1.718177e-01 1.143700e-04 1.725377e-07 1.629060e-07 9.617569e-12 2.314826e+13 2.129920e+13 1.299071e+09 7.048699e+12 6.485696e+12 3.955678e+08 
300 303975 8.500000e-01 2.079334e+03 1.955160e-01 1.080100e-04 3.131749e-07 2.941120e-07 1.661597e-11 3.917990e+13 3.673911e+13 2.102004e+09 1.193091e+13 1.118771e+13 6.400895e+08 
300 303975 9.000000e-01 2.148107e+03 2.144358e-01 9.848000e-05 5.270027e-07 5.078726e-07 2.688638e-11 6.153165e+13 5.960688e+13 3.187688e+09 1.873814e+13 1.815208e+13 9.707357e+08 
300 303975 9.500000e-01 2.208457e+03 2.299211e-01 1.016600e-04 8.287786e-07 7.852927e-07 4.208004e-11 9.060124e+13 8.601540e+13 4.676979e+09 2.759174e+13 2.619531e+13 1.424320e+09 
300 303975 1.000000e+00 2.251845e+03 2.387970e-01 1.016600e-04 1.220317e-06 1.164065e-06 6.252853e-11 1.254419e+14 1.198723e+14 6.538559e+09 3.820362e+13 3.650748e+13 1.991317e+09 
300 303975 1.050000e+00 2.257153e+03 2.407984e-01 9.848000e-05 1.669211e-06 1.650766e-06 8.789644e-11 1.626146e+14 1.609066e+14 8.676940e+09 4.952636e+13 4.900626e+13 2.642656e+09 
300 303975 1.100000e+00 2.225469e+03 2.341390e-01 1.048400e-04 2.081841e-06 2.062627e-06 1.173775e-10 1.917894e+14 1.901061e+14 1.096179e+10 5.841396e+13 5.790139e+13 3.338650e+09 
300 303975 1.150000e+00 2.183673e+03 2.162169e-01 1.334300e-04 2.243365e-06 2.052504e-06 1.467890e-10 1.966722e+14 1.792809e+14 1.300046e+10 5.990321e+13 5.460633e+13 3.959710e+09 
300 303975 1.200000e+00 2.141097e+03 1.875685e-01 1.683700e-04 1.953210e-06 1.632742e-06 1.568870e-10 1.642159e+14 1.504803e+14 1.318520e+10 5.001913e+13 4.583552e+13 4.016111e+09 
300 303975 1.250000e+00 2.100929e+03 1.547238e-01 2.096800e-04 1.265095e-06 1.093311e-06 1.355043e-10 1.028895e+14 8.994801e+13 1.113845e+10 3.134041e+13 2.739854e+13 3.392791e+09 
300 303975 1.300000e+00 2.060958e+03 1.244283e-01 3.298500e-04 5.527804e-07 3.828301e-07 8.701461e-11 4.438573e+13 3.055104e+13 7.009902e+09 1.352036e+13 9.306241e+12 2.135287e+09 
300 303975 1.350000e+00 2.021272e+03 1.035501e-01 4.563800e-04 2.121659e-07 1.189962e-07 4.259007e-11 1.723752e+13 9.441302e+12 3.453550e+09 5.250819e+12 2.875999e+12 1.052005e+09 
300 303975 1.400000e+00 1.982220e+03 9.027142e-02 5.343800e-04 9.663814e-08 5.057536e-08 2.233184e-11 8.000677e+12 4.050699e+12 1.838386e+09 2.437162e+12 1.233936e+12 5.600081e+08 
300 303975 1.450000e+00 1.944177e+03 8.068252e-02 6.609100e-04 4.941435e-08 1.994884e-08 1.302797e-11 4.151080e+12 1.603132e+12 1.087492e+09 1.264514e+12 4.883571e+11 3.312749e+08 
300 303975 1.500000e+00 1.909241e+03 7.354922e-02 8.359700e-04 2.816030e-08 7.922084e-09 8.410744e-12 2.397617e+12 7.605812e+11 7.053530e+08 7.303745e+11 2.316961e+11 2.148687e+08 
300 303975 1.550000e+00 1.875284e+03 6.662410e-02 9.625000e-04 1.667769e-08 4.155891e-09 5.559526e-12 1.445084e+12 4.590259e+11 4.699880e+08 4.402113e+11 1.398341e+11 1.431713e+08 
300 303975 1.600000e+00 1.843157e+03 6.111294e-02 1.040490e-03 1.024327e-08 2.689417e-09 3.744204e-12 9.011830e+11 2.248691e+11 3.261178e+08 2.745270e+11 6.850301e+10 9.934525e+07 
300 303975 1.650000e+00 1.813028e+03 5.591943e-02 1.215550e-03 6.482695e-09 1.453911e-09 2.625072e-12 5.802648e+11 1.538784e+11 2.291595e+08 1.767665e+11 4.687701e+10 6.980921e+07 
300 303975 1.700000e+00 1.786588e+03 5.169066e-02 1.287200e-03 4.301225e-09 1.022529e-09 1.886072e-12 3.911919e+11 1.081944e+11 1.671385e+08 1.191695e+11 3.296017e+10 5.091589e+07 
300 303975 1.750000e+00 1.759986e+03 4.711928e-02 1.360430e-03 2.805405e-09 7.336508e-10 1.334852e-12 2.592521e+11 6.393086e+10 1.218476e+08 7.897661e+10 1.947586e+10 3.711889e+07 
300 303975 1.800000e+00 1.739371e+03 4.449836e-02 1.431640e-03 2.013182e-09 5.540751e-10 1.024554e-12 1.880975e+11 4.860858e+10 9.442433e+07 5.730097e+10 1.480818e+10 2.876501e+07 



300 607950 5.000000e-01 1.480432e+03 1.059405e-02 3.038100e-04 9.947342e-12 9.700416e-12 1.318707e-15 2.252169e+09 2.204059e+09 3.005211e+05 6.861443e+08 6.714870e+08 9.155644e+04 
300 607950 5.500000e-01 1.576453e+03 2.043657e-02 1.640600e-04 1.724870e-10 1.715202e-10 1.383563e-14 3.445094e+10 3.418271e+10 2.777696e+06 1.049628e+10 1.041456e+10 8.462880e+05 
300 607950 6.000000e-01 1.667953e+03 3.650683e-02 1.142500e-04 1.350091e-09 1.311419e-09 7.749694e-14 2.418780e+11 2.359329e+11 1.397707e+07 7.369676e+10 7.188541e+10 4.258605e+06 
300 607950 6.500000e-01 1.757600e+03 5.713683e-02 9.534000e-05 6.265968e-09 5.828139e-09 2.886455e-13 1.020678e+12 9.328684e+11 4.714440e+07 3.109967e+11 2.842420e+11 1.436469e+07 
300 607950 7.000000e-01 1.843712e+03 8.001786e-02 7.907000e-05 2.026353e-08 1.917639e-08 7.922920e-13 3.013477e+12 2.807943e+12 1.186034e+08 9.182229e+11 8.555976e+11 3.613903e+07 
300 607950 7.500000e-01 1.926852e+03 1.030797e-01 6.744000e-05 5.159005e-08 4.874419e-08 1.795026e-12 7.112665e+12 6.776091e+12 2.490845e+08 2.167327e+12 2.064773e+12 7.589930e+07 
300 607950 8.000000e-01 2.005424e+03 1.249572e-01 6.047000e-05 1.114190e-07 1.095571e-07 3.542210e-12 1.417160e+13 1.377738e+13 4.543853e+08 4.318392e+12 4.198270e+12 1.384605e+08 
300 607950 8.500000e-01 2.080724e+03 1.440296e-01 5.814000e-05 2.127971e-07 2.096711e-07 6.418141e-12 2.524924e+13 2.478921e+13 7.695714e+08 7.694154e+12 7.553977e+12 2.345093e+08 
300 607950 9.000000e-01 2.151864e+03 1.594462e-01 5.697000e-05 3.691098e-07 3.589694e-07 1.083106e-11 4.094663e+13 3.972684e+13 1.214354e+09 1.247783e+13 1.210615e+13 3.700543e+08 
300 607950 9.500000e-01 2.215493e+03 1.712678e-01 5.465000e-05 5.858496e-07 5.798934e-07 1.692310e-11 6.095879e+13 6.027842e+13 1.781755e+09 1.857658e+13 1.836928e+13 5.429709e+08 
300 607950 1.000000e+00 2.263284e+03 1.765470e-01 5.465000e-05 8.611742e-07 8.538572e-07 2.529032e-11 8.430843e+13 8.390846e+13 2.511728e+09 2.569264e+13 2.557076e+13 7.654359e+08 
300 607950 1.050000e+00 2.264635e+03 1.780657e-01 6.162000e-05 1.151974e-06 1.096759e-06 3.614252e-11 1.062851e+14 1.020123e+14 3.376975e+09 3.239054e+13 3.108846e+13 1.029135e+09 
300 607950 1.100000e+00 2.227343e+03 1.694488e-01 6.512000e-05 1.342264e-06 1.298366e-06 4.652444e-11 1.177809e+14 1.137894e+14 4.121128e+09 3.589453e+13 3.467815e+13 1.255940e+09 
300 607950 1.150000e+00 2.184962e+03 1.525746e-01 8.604000e-05 1.264087e-06 1.112253e-06 5.285925e-11 1.056387e+14 9.361045e+13 4.463467e+09 3.219466e+13 2.852901e+13 1.360294e+09 
300 607950 1.200000e+00 2.142889e+03 1.301820e-01 1.116300e-04 8.798537e-07 7.362309e-07 4.800657e-11 7.122939e+13 5.942194e+13 3.913373e+09 2.170838e+13 1.810991e+13 1.192665e+09 
300 607950 1.250000e+00 2.102651e+03 1.078477e-01 1.534900e-04 4.204893e-07 3.349444e-07 3.240267e-11 3.337872e+13 2.692710e+13 2.594377e+09 1.017287e+13 8.206632e+12 7.906905e+08 
300 607950 1.300000e+00 2.062040e+03 9.093031e-02 2.414100e-04 1.575295e-07 8.727760e-08 1.643661e-11 1.264866e+13 6.781149e+12 1.316756e+09 3.854987e+12 2.066731e+12 4.013132e+08 
300 607950 1.350000e+00 2.022432e+03 7.986136e-02 2.807200e-04 6.841793e-08 3.721315e-08 8.370286e-12 5.596623e+12 2.861650e+12 6.799745e+08 1.705719e+12 8.721685e+11 2.072402e+08 
300 607950 1.400000e+00 1.984832e+03 7.229379e-02 3.686400e-04 3.520270e-08 1.283341e-08 4.996816e-12 2.922768e+12 1.025509e+12 4.119352e+08 8.907962e+11 3.125551e+11 1.255489e+08 
300 607950 1.450000e+00 1.946127e+03 6.547218e-02 4.565500e-04 1.947351e-08 5.444106e-09 3.162553e-12 1.645829e+12 5.833661e+11 2.602652e+08 5.016148e+11 1.777995e+11 7.932356e+07 
300 607950 1.500000e+00 1.908790e+03 6.008564e-02 5.444700e-04 1.160363e-08 2.662193e-09 2.122970e-12 9.979639e+11 2.768305e+11 1.775970e+08 3.041602e+11 8.437344e+10 5.412823e+07 
300 607950 1.550000e+00 1.873595e+03 5.510275e-02 6.323900e-04 7.309740e-09 1.460381e-09 1.485166e-12 6.384830e+11 1.476047e+11 1.263613e+08 1.945980e+11 4.498768e+10 3.851267e+07 
300 607950 1.600000e+00 1.840871e+03 5.119437e-02 6.670500e-04 4.813677e-09 1.037545e-09 1.065190e-12 4.267937e+11 1.062515e+11 9.203419e+07 1.300794e+11 3.238398e+10 2.805049e+07 
300 607950 1.650000e+00 1.809337e+03 4.742761e-02 7.063500e-04 3.228864e-09 7.639960e-10 7.747897e-13 2.906180e+11 7.869827e+10 6.796561e+07 8.857565e+10 2.398622e+10 2.071485e+07 
300 607950 1.700000e+00 1.782515e+03 4.462528e-02 7.410100e-04 2.284075e-09 5.765903e-10 5.882425e-13 2.079171e+11 5.955471e+10 5.224316e+07 6.336996e+10 1.815157e+10 1.592294e+07 
300 607950 1.750000e+00 1.755363e+03 4.146878e-02 7.756700e-04 1.594448e-09 4.392372e-10 4.414684e-13 1.468946e+11 4.554716e+10 3.980470e+07 4.477131e+10 1.388227e+10 1.213191e+07 
300 607950 1.800000e+00 1.729070e+03 3.837321e-02 8.103200e-04 1.134006e-09 3.485952e-10 3.374440e-13 1.058342e+11 4.288590e+10 3.063341e+07 3.225673e+10 1.307115e+10 9.336638e+06 



300 911925 5.000000e-01 1.480388e+03 8.524760e-03 3.405200e-04 2.418384e-12 1.615136e-12 3.400285e-16 5.459711e+08 3.395045e+08 7.817066e+04 1.663862e+08 1.034649e+08 2.382269e+04 
300 911925 5.500000e-01 1.576466e+03 1.560300e-02 1.459400e-04 5.900030e-11 5.900030e-11 4.151670e-15 1.167697e+10 1.158196e+10 8.310249e+05 3.558698e+09 3.529741e+09 2.532646e+05 
300 911925 6.000000e-01 1.668060e+03 2.736443e-02 9.596000e-05 6.007214e-10 5.925968e-10 2.817726e-14 1.059926e+11 1.039630e+11 4.992438e+06 3.230342e+10 3.168487e+10 1.521546e+06 
300 911925 6.500000e-01 1.758125e+03 4.366361e-02 7.363000e-05 3.440414e-09 3.217768e-09 1.228242e-13 5.485743e+11 5.173407e+11 1.970825e+07 1.671931e+11 1.576740e+11 6.006624e+06 
300 911925 7.000000e-01 1.844049e+03 6.293564e-02 6.007000e-05 1.268759e-08 1.176095e-08 3.754045e-13 1.845534e+12 1.737465e+12 5.503058e+07 5.624891e+11 5.295518e+11 1.677241e+07 
300 911925 7.500000e-01 1.927111e+03 8.292166e-02 5.425000e-05 3.552380e-08 3.214253e-08 9.258234e-13 4.753054e+12 4.525922e+12 1.232084e+08 1.448680e+12 1.379455e+12 3.755255e+07 
300 911925 8.000000e-01 2.006546e+03 1.021889e-01 4.844000e-05 8.146695e-08 7.502857e-08 1.932387e-12 1.008216e+13 9.263974e+12 2.411104e+08 3.072983e+12 2.823612e+12 7.348897e+07 
300 911925 8.500000e-01 2.082753e+03 1.191136e-01 4.360000e-05 1.623878e-07 1.589690e-07 3.604081e-12 1.873751e+13 1.806370e+13 4.179833e+08 5.711171e+12 5.505800e+12 1.274006e+08 
300 911925 9.000000e-01 2.154293e+03 1.332731e-01 4.263000e-05 2.872063e-07 2.743637e-07 6.185188e-12 3.094669e+13 2.942937e+13 6.717492e+08 9.432644e+12 8.970173e+12 2.047508e+08 
300 911925 9.500000e-01 2.220061e+03 1.430330e-01 4.069000e-05 4.626706e-07 4.520814e-07 9.830491e-12 4.667819e+13 4.549420e+13 1.002368e+09 1.422783e+13 1.386696e+13 3.055280e+08 
300 911925 1.000000e+00 2.270114e+03 1.482399e-01 4.554000e-05 6.777347e-07 6.286755e-07 1.494027e-11 6.433726e+13 6.336934e+13 1.413523e+09 1.961067e+13 1.931566e+13 4.308562e+08 
300 911925 1.050000e+00 2.268195e+03 1.477864e-01 4.360000e-05 8.864594e-07 8.765570e-07 2.046840e-11 7.941224e+13 7.851090e+13 1.853373e+09 2.420598e+13 2.393127e+13 5.649338e+08 
300 911925 1.100000e+00 2.229334e+03 1.396027e-01 5.426000e-05 9.727203e-07 8.785525e-07 2.605886e-11 8.318581e+13 7.564831e+13 2.240264e+09 2.535653e+13 2.305901e+13 6.828721e+08 
300 911925 1.150000e+00 2.186492e+03 1.249765e-01 6.782000e-05 8.247816e-07 7.227548e-07 2.706671e-11 6.732919e+13 5.732603e+13 2.223019e+09 2.052340e+13 1.747425e+13 6.776238e+08 
300 911925 1.200000e+00 2.144786e+03 1.073252e-01 9.301000e-05 4.999576e-07 3.827651e-07 2.211976e-11 3.975202e+13 3.038662e+13 1.770509e+09 1.211741e+13 9.262616e+12 5.396946e+08 
300 911925 1.250000e+00 2.103495e+03 9.059607e-02 1.317600e-04 2.084346e-07 1.470334e-07 1.299018e-11 1.654341e+13 1.145283e+13 1.031173e+09 5.042884e+12 3.491145e+12 3.143295e+08 
300 911925 1.300000e+00 2.062933e+03 7.881568e-02 1.746000e-04 8.215425e-08 4.886756e-08 6.402561e-12 6.608922e+12 3.810783e+12 5.141620e+08 2.014592e+12 1.161642e+12 1.567314e+08 
300 911925 1.350000e+00 2.024003e+03 7.074835e-02 2.417600e-04 3.898610e-08 1.433848e-08 3.618547e-12 3.199967e+12 1.508503e+12 2.905797e+08 9.754470e+11 4.598397e+11 8.857751e+07 
300 911925 1.400000e+00 1.984921e+03 6.422097e-02 2.826500e-04 2.094379e-08 6.691944e-09 2.214235e-12 1.750082e+12 5.338548e+11 1.832230e+08 5.334799e+11 1.627366e+11 5.585214e+07 
300 911925 1.450000e+00 1.946697e+03 5.890958e-02 3.517400e-04 1.232266e-08 3.022180e-09 1.481163e-12 1.046375e+12 2.950062e+11 1.229762e+08 3.189688e+11 8.992799e+10 3.748714e+07 
300 911925 1.500000e+00 1.910517e+03 5.464581e-02 3.926400e-04 7.818915e-09 1.810316e-09 1.039363e-12 6.733157e+11 1.742101e+11 8.752485e+07 2.052489e+11 5.310537e+10 2.668050e+07 
300 911925 1.550000e+00 1.873537e+03 5.023225e-02 4.335400e-04 5.041693e-09 1.149240e-09 7.362092e-13 4.416498e+11 1.125457e+11 6.318889e+07 1.346298e+11 3.430799e+10 1.926213e+07 
300 911925 1.600000e+00 1.840168e+03 4.686692e-02 4.257900e-04 3.434959e-09 1.034785e-09 5.377606e-13 3.050101e+11 8.786294e+10 4.722660e+07 9.297764e+10 2.678385e+10 1.439631e+07 
300 911925 1.650000e+00 1.809549e+03 4.398644e-02 4.666800e-04 2.420218e-09 7.148459e-10 4.110991e-13 2.174351e+11 6.138571e+10 3.654384e+07 6.628183e+10 1.871267e+10 1.113986e+07 
300 911925 1.700000e+00 1.779913e+03 4.088825e-02 5.075800e-04 1.705063e-09 5.137151e-10 3.145245e-13 1.554658e+11 5.833827e+10 2.798020e+07 4.739151e+10 1.778371e+10 8.529368e+06 
300 911925 1.750000e+00 1.751598e+03 3.815003e-02 4.998300e-04 1.210310e-09 4.756398e-10 2.384344e-13 1.118905e+11 4.146062e+10 2.182442e+07 3.410825e+10 1.263878e+10 6.652874e+06 
300 911925 1.800000e+00 1.726865e+03 3.588644e-02 5.368500e-04 8.869390e-10 3.454261e-10 1.884200e-13 8.313799e+10 3.107010e+10 1.747626e+07 2.534348e+10 9.471369e+09 5.327406e+06 



300 1215900 5.000000e-01 1.480753e+03 7.434186e-03 3.650200e-04 7.941800e-13 5.266891e-13 1.372803e-16 1.792861e+08 1.166566e+08 3.185460e+04 5.464630e+07 3.555686e+07 9.709252e+03 
300 1215900 5.500000e-01 1.576396e+03 1.325276e-02 1.520900e-04 2.497360e-11 2.376609e-11 1.720718e-15 4.913402e+09 4.707586e+09 3.420761e+05 1.497637e+09 1.434903e+09 1.042670e+05 
300 1215900 6.000000e-01 1.667246e+03 2.279136e-02 9.003000e-05 3.053004e-10 2.976798e-10 1.287085e-14 5.334058e+10 5.327330e+10 2.245472e+06 1.625890e+10 1.623839e+10 6.844483e+05 
300 1215900 6.500000e-01 1.758157e+03 3.622480e-02 6.299000e-05 2.090715e-09 1.976696e-09 6.354802e-14 3.290181e+11 3.152562e+11 1.007612e+07 1.002907e+11 9.609587e+10 3.071381e+06 
300 1215900 7.000000e-01 1.844056e+03 5.293532e-02 4.938000e-05 8.609102e-09 8.015626e-09 2.115385e-13 1.235427e+12 1.169741e+12 3.055993e+07 3.765866e+11 3.565643e+11 9.315359e+06 
300 1215900 7.500000e-01 1.927451e+03 7.086248e-02 4.256000e-05 2.616855e-08 2.475185e-08 5.538244e-13 3.443222e+12 3.254136e+12 7.335424e+07 1.049587e+12 9.919495e+11 2.236034e+07 
300 1215900 8.000000e-01 2.007315e+03 8.833585e-02 3.830000e-05 6.342917e-08 6.011365e-08 1.214809e-12 7.723401e+12 7.319869e+12 1.488208e+08 2.354330e+12 2.231324e+12 4.536512e+07 
300 1215900 8.500000e-01 2.084080e+03 1.040550e-01 3.745000e-05 1.309720e-07 1.212876e-07 2.362852e-12 1.481330e+13 1.460301e+13 2.653081e+08 4.515599e+12 4.451497e+12 8.087489e+07 
300 1215900 9.000000e-01 2.156560e+03 1.170883e-01 3.405000e-05 2.370731e-07 2.303896e-07 4.092763e-12 2.498296e+13 2.425705e+13 4.354237e+08 7.615739e+12 7.394461e+12 1.327332e+08 
300 1215900 9.500000e-01 2.221623e+03 1.258101e-01 3.575000e-05 3.838026e-07 3.546384e-07 6.650420e-12 3.799654e+13 3.745714e+13 6.537673e+08 1.158287e+13 1.141845e+13 1.992943e+08 
300 1215900 1.000000e+00 2.272933e+03 1.302294e-01 3.660000e-05 5.587709e-07 5.261999e-07 9.964369e-12 5.209760e+13 4.779155e+13 9.321312e+08 1.588159e+13 1.456894e+13 2.841534e+08 
300 1215900 1.050000e+00 2.269964e+03 1.296981e-01 3.831000e-05 7.189998e-07 6.858748e-07 1.375616e-11 6.320621e+13 6.013377e+13 1.217872e+09 1.926815e+13 1.833155e+13 3.712627e+08 
300 1215900 1.100000e+00 2.231297e+03 1.229163e-01 4.426000e-05 7.546632e-07 6.865322e-07 1.663774e-11 6.304623e+13 5.816941e+13 1.403692e+09 1.921955e+13 1.773289e+13 4.279134e+08 
300 1215900 1.150000e+00 2.175271e+03 1.083339e-01 5.958000e-05 5.710934e-07 4.761583e-07 1.604623e-11 4.631066e+13 4.039525e+13 1.292988e+09 1.411786e+13 1.231456e+13 3.941688e+08 
300 1215900 1.200000e+00 2.145588e+03 9.472616e-02 7.660000e-05 3.231136e-07 2.649875e-07 1.220266e-11 2.550415e+13 2.089523e+13 9.689076e+08 7.775031e+12 6.369996e+12 2.953748e+08 
300 1215900 1.250000e+00 2.104811e+03 8.182077e-02 1.191700e-04 1.307042e-07 7.814619e-08 6.853551e-12 1.033018e+13 6.850254e+12 5.386724e+08 3.149209e+12 2.088341e+12 1.642171e+08 
300 1215900 1.300000e+00 2.064372e+03 7.250042e-02 1.384000e-04 5.496874e-08 3.294372e-08 3.452558e-12 4.428767e+12 2.641434e+12 2.780605e+08 1.350138e+12 8.052607e+11 8.476854e+07 
300 1215900 1.350000e+00 2.024300e+03 6.541274e-02 1.836600e-04 2.719046e-08 1.153181e-08 2.009181e-12 2.240655e+12 9.017601e+11 1.640948e+08 6.830802e+11 2.749093e+11 5.002553e+07 
300 1215900 1.400000e+00 1.985764e+03 5.991668e-02 2.272200e-04 1.539695e-08 4.950386e-09 1.301713e-12 1.289727e+12 3.976287e+11 1.079452e+08 3.931840e+11 1.212209e+11 3.290799e+07 
300 1215900 1.450000e+00 1.948184e+03 5.548792e-02 2.724800e-04 9.495310e-09 2.492337e-09 8.995098e-13 8.065472e+11 2.599040e+11 7.456377e+07 2.458831e+11 7.923443e+10 2.273144e+07 
300 1215900 1.500000e+00 1.910550e+03 5.130693e-02 3.143400e-04 6.099952e-09 1.359359e-09 6.419596e-13 5.267019e+11 1.372651e+11 5.410866e+07 1.605701e+11 4.184680e+10 1.649555e+07 
300 1215900 1.550000e+00 1.874261e+03 4.757190e-02 3.352800e-04 4.082107e-09 1.016380e-09 4.685518e-13 3.581199e+11 1.027561e+11 4.014164e+07 1.091764e+11 3.132639e+10 1.223759e+07 
300 1215900 1.600000e+00 1.841238e+03 4.478191e-02 3.528000e-04 2.870847e-09 7.692021e-10 3.555488e-13 2.548839e+11 7.790197e+10 3.087893e+07 7.770402e+10 2.374937e+10 9.413774e+06 
300 1215900 1.650000e+00 1.808159e+03 4.158602e-02 3.703200e-04 1.996314e-09 5.914194e-10 2.681562e-13 1.803115e+11 6.024160e+10 2.368643e+07 5.496991e+10 1.836541e+10 7.221070e+06 
300 1215900 1.700000e+00 1.778351e+03 3.906472e-02 3.878500e-04 1.449296e-09 4.672398e-10 2.092990e-13 1.323358e+11 4.882444e+10 1.876697e+07 4.034406e+10 1.488476e+10 5.721326e+06 
300 1215900 1.750000e+00 1.750963e+03 3.674916e-02 4.053700e-04 1.060396e-09 3.812669e-10 1.647394e-13 9.789372e+10 4.609469e+10 1.482679e+07 2.984403e+10 1.405257e+10 4.520120e+06 
300 1215900 1.800000e+00 1.725291e+03 3.464915e-02 3.985600e-04 7.888410e-10 3.563120e-10 1.303392e-13 7.384432e+10 3.218349e+10 1.210036e+07 2.251232e+10 9.811573e+09 3.688942e+06 



500 101325 5.000000e-01 1.639964e+03 1.992645e-01 4.375000e-04 5.725841e-09 5.129988e-09 1.216448e-12 1.227104e+12 1.111861e+12 2.635027e+08 3.721837e+11 3.372370e+11 7.991867e+07 
500 101325 5.500000e-01 1.732834e+03 2.846740e-01 3.718700e-04 1.844331e-08 1.639428e-08 3.315606e-12 3.602638e+12 3.447217e+12 6.479926e+08 1.092965e+12 1.045835e+12 1.965812e+08 
500 101325 6.000000e-01 1.822573e+03 3.738320e-01 3.281200e-04 4.795303e-08 4.343046e-08 7.592942e-12 8.584760e+12 8.360896e+12 1.359996e+09 2.605026e+12 2.537140e+12 4.126729e+08 
500 101325 6.500000e-01 1.909004e+03 4.623396e-01 2.916700e-04 1.071232e-07 9.842030e-08 1.532742e-11 1.765052e+13 1.611064e+13 2.567938e+09 5.357054e+12 4.889842e+12 7.793586e+08 
500 101325 7.000000e-01 1.989716e+03 5.473632e-01 2.479200e-04 2.125571e-07 2.090799e-07 2.781263e-11 3.241347e+13 3.169107e+13 4.325727e+09 9.839459e+12 9.620330e+12 1.313068e+09 
500 101325 7.500000e-01 2.066265e+03 6.255832e-01 2.552100e-04 3.862857e-07 3.532281e-07 4.835340e-11 5.472610e+13 5.444371e+13 6.887076e+09 1.661529e+13 1.652966e+13 2.090881e+09 
500 101325 8.000000e-01 2.137376e+03 6.974314e-01 2.333300e-04 6.566526e-07 6.342258e-07 7.807594e-11 8.650841e+13 8.316147e+13 1.053774e+10 2.626851e+13 2.525262e+13 3.199664e+09 
500 101325 8.500000e-01 2.201751e+03 7.600774e-01 2.406300e-04 1.054478e-06 9.991183e-07 1.226446e-10 1.300947e+14 1.300939e+14 1.516211e+10 3.950870e+13 3.950845e+13 4.604394e+09 
500 101325 9.000000e-01 2.255797e+03 8.101660e-01 2.114600e-04 1.611501e-06 1.602246e-06 1.802819e-10 1.853723e+14 1.853696e+14 2.139407e+10 5.630219e+13 5.630216e+13 6.497680e+09 
500 101325 9.500000e-01 2.300139e+03 8.477185e-01 2.114600e-04 2.347499e-06 2.335392e-06 2.613538e-10 2.541010e+14 2.541007e+14 2.917901e+10 7.718627e+13 7.718619e+13 8.863055e+09 
500 101325 1.000000e+00 2.332363e+03 8.782860e-01 2.041600e-04 3.299033e-06 3.299033e-06 3.664830e-10 3.384740e+14 3.361134e+14 3.859483e+10 1.028256e+14 1.021091e+14 1.172432e+10 
500 101325 1.050000e+00 2.344322e+03 8.887929e-01 2.333300e-04 4.423505e-06 4.295791e-06 5.123456e-10 4.286481e+14 4.141265e+14 5.090074e+10 1.302325e+14 1.258222e+14 1.546413e+10 
500 101325 1.100000e+00 2.332751e+03 8.774565e-01 2.260400e-04 5.633975e-06 5.599786e-06 6.691866e-10 5.160200e+14 5.152432e+14 6.314232e+10 1.567913e+14 1.565568e+14 1.918502e+10 
500 101325 1.150000e+00 2.307540e+03 8.527537e-01 2.406300e-04 6.846584e-06 6.688408e-06 8.629730e-10 5.969694e+14 5.854587e+14 7.737701e+10 1.814048e+14 1.779082e+14 2.351220e+10 
500 101325 1.200000e+00 2.271677e+03 8.047815e-01 2.552000e-04 7.747767e-06 7.586427e-06 1.062348e-09 6.459886e+14 6.397954e+14 9.117417e+10 1.963158e+14 1.944357e+14 2.770710e+10 
500 101325 1.250000e+00 2.234023e+03 7.378028e-01 2.989600e-04 8.013791e-06 7.660578e-06 1.250772e-09 6.425086e+14 6.227597e+14 1.027346e+11 1.952745e+14 1.892748e+14 3.122290e+10 
500 101325 1.300000e+00 2.196373e+03 6.493553e-01 3.645900e-04 7.304680e-06 6.627688e-06 1.359420e-09 5.676622e+14 5.223958e+14 1.076206e+11 1.725403e+14 1.587838e+14 3.271043e+10 
500 101325 1.350000e+00 2.159113e+03 5.532654e-01 4.593700e-04 5.710314e-06 5.087386e-06 1.340913e-09 4.309449e+14 3.811879e+14 1.026046e+11 1.309952e+14 1.158721e+14 3.118836e+10 
500 101325 1.400000e+00 2.119337e+03 4.484812e-01 7.321600e-04 3.462918e-06 2.176267e-06 1.142024e-09 2.579862e+14 2.027644e+14 8.361463e+10 7.842547e+13 6.163988e+13 2.541784e+10 
500 101325 1.450000e+00 2.081482e+03 3.674214e-01 1.073560e-03 1.742705e-06 7.892933e-07 7.844615e-10 1.300317e+14 5.732259e+13 5.833237e+10 3.953044e+13 1.742699e+13 1.773334e+10 
500 101325 1.500000e+00 2.045600e+03 3.137509e-01 1.236980e-03 9.075427e-07 4.144290e-07 4.729259e-10 6.851892e+13 3.014429e+13 3.555185e+10 2.083071e+13 9.164672e+12 1.080829e+10 
500 101325 1.550000e+00 2.011273e+03 2.776854e-01 1.400390e-03 5.196480e-07 2.226646e-07 2.996377e-10 3.974089e+13 1.636017e+13 2.281779e+10 1.208206e+13 4.974072e+12 6.937125e+09 
500 101325 1.600000e+00 1.976775e+03 2.497127e-01 1.563800e-03 3.089754e-07 1.235366e-07 1.945282e-10 2.399092e+13 9.180622e+12 1.502275e+10 7.293904e+12 2.791308e+12 4.567363e+09 
500 101325 1.650000e+00 1.945342e+03 2.270630e-01 1.919790e-03 1.942883e-07 5.564928e-08 1.346789e-10 1.534452e+13 5.474746e+12 1.037691e+10 4.665264e+12 1.664594e+12 3.154946e+09 
500 101325 1.700000e+00 1.914348e+03 2.070569e-01 2.068620e-03 1.233098e-07 3.419592e-08 9.204722e-11 9.863240e+12 2.626697e+12 7.320516e+09 2.998816e+12 7.986630e+11 2.225730e+09 
500 101325 1.750000e+00 1.885219e+03 1.891364e-01 2.410030e-03 7.852651e-08 1.741172e-08 6.407973e-11 6.423100e+12 1.683000e+12 5.110079e+09 1.952893e+12 5.117346e+11 1.553691e+09 
500 101325 1.800000e+00 1.859623e+03 1.757720e-01 2.588020e-03 5.307978e-08 1.207169e-08 4.631516e-11 4.394514e+12 1.163305e+12 3.741793e+09 1.336131e+12 3.537214e+11 1.137688e+09 



500 303975 5.000000e-01 1.639910e+03 1.033866e-01 1.841000e-04 1.730748e-09 1.678612e-09 1.630301e-13 3.497243e+11 3.429685e+11 3.329281e+07 1.064537e+11 1.043974e+11 1.013403e+07 
500 303975 5.500000e-01 1.732969e+03 1.619466e-01 1.525500e-04 7.374110e-09 6.986242e-09 5.643061e-13 1.352187e+12 1.259362e+12 1.040540e+08 4.116313e+11 3.833759e+11 3.167583e+07 
500 303975 6.000000e-01 1.822170e+03 2.255206e-01 1.236200e-04 2.269739e-08 2.207928e-08 1.466377e-12 3.805139e+12 3.699353e+12 2.484539e+08 1.158442e+12 1.126240e+12 7.563902e+07 
500 303975 6.500000e-01 1.908044e+03 2.913055e-01 1.104600e-04 5.653042e-08 5.478053e-08 3.253101e-12 8.718344e+12 8.417409e+12 5.076557e+08 2.654395e+12 2.562785e+12 1.545601e+08 
500 303975 7.000000e-01 1.991043e+03 3.549649e-01 1.025700e-04 1.221980e-07 1.197955e-07 6.432303e-12 1.740408e+13 1.708322e+13 9.296297e+08 5.299162e+12 5.201494e+12 2.830496e+08 
500 303975 7.500000e-01 2.070202e+03 4.153432e-01 9.731000e-05 2.368531e-07 2.261349e-07 1.169453e-11 3.135054e+13 2.991907e+13 1.570187e+09 9.546065e+12 9.110237e+12 4.781084e+08 
500 303975 8.000000e-01 2.143200e+03 4.699453e-01 9.205000e-05 4.209108e-07 4.082393e-07 1.970841e-11 5.192072e+13 5.038090e+13 2.469951e+09 1.581028e+13 1.534149e+13 7.521138e+08 
500 303975 8.500000e-01 2.211540e+03 5.160490e-01 9.468000e-05 6.979578e-07 6.452335e-07 3.184571e-11 8.049707e+13 7.981459e+13 3.669578e+09 2.451311e+13 2.430532e+13 1.117454e+09 
500 303975 9.000000e-01 2.272559e+03 5.546439e-01 8.416000e-05 1.090319e-06 1.061108e-06 4.814901e-11 1.181371e+14 1.143430e+14 5.302932e+09 3.597672e+13 3.482147e+13 1.614906e+09 
500 303975 9.500000e-01 2.323880e+03 5.842648e-01 8.679000e-05 1.624421e-06 1.584880e-06 7.139881e-11 1.649378e+14 1.614835e+14 7.399875e+09 5.023103e+13 4.917916e+13 2.253572e+09 
500 303975 1.000000e+00 2.359094e+03 6.027859e-01 8.416000e-05 2.286501e-06 2.234022e-06 1.011891e-10 2.200257e+14 2.136223e+14 9.897676e+09 6.701001e+13 6.506008e+13 3.014364e+09 
500 303975 1.050000e+00 2.369858e+03 6.084160e-01 8.416000e-05 3.064024e-06 3.064024e-06 1.381283e-10 2.785863e+14 2.773814e+14 1.279737e+10 8.484771e+13 8.448084e+13 3.897600e+09 
500 303975 1.100000e+00 2.351407e+03 5.980260e-01 8.942000e-05 3.843733e-06 3.794983e-06 1.837874e-10 3.312041e+14 3.259129e+14 1.613567e+10 1.008764e+14 9.926522e+13 4.914483e+09 
500 303975 1.150000e+00 2.319494e+03 5.721399e-01 9.468000e-05 4.467100e-06 4.430815e-06 2.303601e-10 3.664510e+14 3.626706e+14 1.926383e+10 1.116151e+14 1.104641e+14 5.867420e+09 
500 303975 1.200000e+00 2.280875e+03 5.269055e-01 1.078300e-04 4.618186e-06 4.513455e-06 2.713671e-10 3.637838e+14 3.579102e+14 2.175268e+10 1.108062e+14 1.090174e+14 6.625682e+09 
500 303975 1.250000e+00 2.239848e+03 4.633446e-01 1.420300e-04 4.055971e-06 3.721201e-06 2.925805e-10 3.080511e+14 2.802731e+14 2.248264e+10 9.383302e+13 8.537222e+13 6.848221e+09 
500 303975 1.300000e+00 2.200028e+03 3.929315e-01 1.920000e-04 2.886791e-06 2.359092e-06 2.715105e-10 2.130798e+14 1.717213e+14 2.022479e+10 6.490626e+13 5.230838e+13 6.160649e+09 
500 303975 1.350000e+00 2.159667e+03 3.218533e-01 2.998300e-04 1.533942e-06 8.657411e-07 2.040379e-10 1.121640e+14 8.310763e+13 1.460484e+10 3.416702e+13 2.531618e+13 4.448867e+09 
500 303975 1.400000e+00 2.123335e+03 2.727295e-01 3.734700e-04 7.355006e-07 4.155219e-07 1.233249e-10 5.407061e+13 2.966747e+13 9.040219e+09 1.647103e+13 9.037447e+12 2.753839e+09 
500 303975 1.450000e+00 2.085368e+03 2.379785e-01 5.017100e-04 3.732172e-07 1.451237e-07 7.364955e-11 2.783851e+13 1.686570e+13 5.275385e+09 8.480289e+12 5.137764e+12 1.607009e+09 
500 303975 1.500000e+00 2.048767e+03 2.140326e-01 5.878600e-04 2.078786e-07 7.010434e-08 4.631598e-11 1.577224e+13 5.026532e+12 3.476882e+09 4.804652e+12 1.531244e+12 1.059154e+09 
500 303975 1.550000e+00 2.011916e+03 1.942171e-01 7.706800e-04 1.222853e-07 2.620893e-08 3.104807e-11 9.435601e+12 2.264516e+12 2.337839e+09 2.874360e+12 6.898517e+11 7.121758e+08 
500 303975 1.600000e+00 1.976670e+03 1.782701e-01 8.515700e-04 7.629666e-08 1.572522e-08 2.131520e-11 5.966109e+12 1.155067e+12 1.643289e+09 1.817463e+12 3.518778e+11 5.005993e+08 
500 303975 1.650000e+00 1.942438e+03 1.648998e-01 1.034390e-03 4.910798e-08 7.964020e-09 1.527974e-11 3.894002e+12 7.416783e+11 1.173088e+09 1.186241e+12 2.259455e+11 3.573632e+08 
500 303975 1.700000e+00 1.910013e+03 1.527511e-01 1.217210e-03 3.246416e-08 4.576963e-09 1.114478e-11 2.617703e+12 4.021497e+11 8.685575e+08 7.974442e+11 1.225122e+11 2.645944e+08 
500 303975 1.750000e+00 1.879467e+03 1.416654e-01 1.303350e-03 2.188639e-08 3.127171e-09 8.107940e-12 1.797419e+12 2.764847e+11 6.416769e+08 5.475588e+11 8.422967e+10 1.954792e+08 
500 303975 1.800000e+00 1.851775e+03 1.325468e-01 1.378980e-03 1.538150e-08 2.193736e-09 6.062125e-12 1.271988e+12 1.969568e+11 4.864716e+08 3.874948e+11 6.000224e+10 1.481985e+08 



500 607950 5.000000e-01 1.640031e+03 6.254623e-02 1.278600e-04 5.442052e-10 5.217722e-10 3.410163e-14 1.066492e+11 1.014681e+11 6.719418e+06 3.249247e+10 3.091399e+10 2.047178e+06 
500 607950 5.500000e-01 1.732938e+03 1.041958e-01 9.479000e-05 3.120980e-09 3.006505e-09 1.481902e-13 5.506426e+11 5.335838e+11 2.634318e+07 1.677696e+11 1.625724e+11 8.026209e+06 
500 607950 6.000000e-01 1.822885e+03 1.530523e-01 7.495000e-05 1.169617e-08 1.145321e-08 4.559420e-13 1.881196e+12 1.841142e+12 7.383833e+07 5.731831e+11 5.609798e+11 2.249780e+07 
500 607950 6.500000e-01 1.908618e+03 2.049252e-01 6.613000e-05 3.315064e-08 3.231127e-08 1.126500e-12 4.888232e+12 4.680258e+12 1.667820e+08 1.489447e+12 1.426081e+12 5.081843e+07 
500 607950 7.000000e-01 1.990755e+03 2.573947e-01 5.732000e-05 7.808708e-08 7.604184e-08 2.372722e-12 1.059600e+13 1.034153e+13 3.260318e+08 3.228701e+12 3.151167e+12 9.934463e+07 
500 607950 7.500000e-01 2.070174e+03 3.070508e-01 5.511000e-05 1.606489e-07 1.542463e-07 4.534910e-12 2.022774e+13 1.957806e+13 5.784333e+08 6.163736e+12 5.965784e+12 1.762579e+08 
500 607950 8.000000e-01 2.144678e+03 3.520291e-01 5.070000e-05 2.976247e-07 2.937296e-07 7.891655e-12 3.493854e+13 3.428599e+13 9.370782e+08 1.064662e+13 1.044779e+13 2.855493e+08 
500 607950 8.500000e-01 2.215007e+03 3.911466e-01 5.290000e-05 5.088500e-07 4.723949e-07 1.315774e-11 5.582315e+13 5.469498e+13 1.441611e+09 1.701103e+13 1.666727e+13 4.393014e+08 
500 607950 9.000000e-01 2.279075e+03 4.232798e-01 4.519000e-05 8.118172e-07 8.074079e-07 2.003769e-11 8.358332e+13 8.326872e+13 2.096423e+09 2.547090e+13 2.537505e+13 6.388544e+08 
500 607950 9.500000e-01 2.333879e+03 4.464935e-01 4.629000e-05 1.217469e-06 1.208250e-06 3.008265e-11 1.178250e+14 1.163734e+14 2.952656e+09 3.590624e+13 3.546394e+13 8.997959e+08 
500 607950 1.000000e+00 2.372499e+03 4.591119e-01 4.629000e-05 1.712740e-06 1.708703e-06 4.282289e-11 1.562941e+14 1.554309e+14 3.967977e+09 4.763027e+13 4.736723e+13 1.209227e+09 
500 607950 1.050000e+00 2.381909e+03 4.608755e-01 5.401000e-05 2.258717e-06 2.129153e-06 6.001839e-11 1.950583e+14 1.826320e+14 5.248993e+09 5.944452e+13 5.565777e+13 1.599640e+09 
500 607950 1.100000e+00 2.358997e+03 4.494671e-01 5.070000e-05 2.751523e-06 2.735074e-06 7.650498e-11 2.259844e+14 2.250766e+14 6.386122e+09 6.887044e+13 6.859386e+13 1.946213e+09 
500 607950 1.150000e+00 2.321442e+03 4.233827e-01 6.503000e-05 2.978825e-06 2.723215e-06 9.534993e-11 2.333419e+14 2.115395e+14 7.556412e+09 7.111380e+13 6.446950e+13 2.302905e+09 
500 607950 1.200000e+00 2.279799e+03 3.802005e-01 7.715000e-05 2.722603e-06 2.411673e-06 1.033971e-10 2.052372e+14 1.828045e+14 7.887571e+09 6.254957e+13 5.571297e+13 2.403866e+09 
500 607950 1.250000e+00 2.238316e+03 3.288658e-01 9.700000e-05 2.004573e-06 1.733833e-06 9.657299e-11 1.468777e+14 1.265343e+14 7.137520e+09 4.476412e+13 3.856415e+13 2.175307e+09 
500 607950 1.300000e+00 2.199286e+03 2.782246e-01 1.322700e-04 1.129740e-06 8.748285e-07 7.400430e-11 8.177825e+13 6.215898e+13 5.361938e+09 2.492395e+13 1.894458e+13 1.634182e+09 
500 607950 1.350000e+00 2.160755e+03 2.370854e-01 1.962000e-04 5.186060e-07 2.928558e-07 4.511893e-11 3.769780e+13 2.050498e+13 3.262795e+09 1.148944e+13 6.249498e+12 9.944261e+08 
500 607950 1.400000e+00 2.121860e+03 2.093641e-01 2.601200e-04 2.517446e-07 1.010520e-07 2.623903e-11 1.854039e+13 1.015332e+13 1.877135e+09 5.650732e+12 3.094546e+12 5.721123e+08 
500 607950 1.450000e+00 2.087319e+03 1.898154e-01 3.262600e-04 1.418693e-07 4.384079e-08 1.705836e-11 1.061542e+13 3.135267e+12 1.262280e+09 3.235376e+12 9.555785e+11 3.847192e+08 
500 607950 1.500000e+00 2.050620e+03 1.744281e-01 4.011300e-04 8.476951e-08 1.919224e-08 1.155857e-11 6.433980e+12 1.401394e+12 8.672832e+08 1.960961e+12 4.271248e+11 2.643328e+08 
500 607950 1.550000e+00 2.013989e+03 1.593564e-01 4.935500e-04 5.292552e-08 9.423602e-09 8.143451e-12 4.083052e+12 8.664356e+11 6.084719e+08 1.244445e+12 2.640780e+11 1.854522e+08 
500 607950 1.600000e+00 1.978622e+03 1.479838e-01 5.375500e-04 3.459694e-08 6.397150e-09 5.848281e-12 2.728688e+12 4.659786e+11 4.507923e+08 8.316601e+11 1.420247e+11 1.373946e+08 
500 607950 1.650000e+00 1.944104e+03 1.370821e-01 6.255600e-04 2.343997e-08 3.664918e-09 4.337222e-12 1.866972e+12 3.259540e+11 3.349132e+08 5.690249e+11 9.934719e+10 1.020767e+08 
500 607950 1.700000e+00 1.910868e+03 1.277860e-01 7.179800e-04 1.625233e-08 2.231751e-09 3.273597e-12 1.317656e+12 2.278646e+11 2.530994e+08 4.016023e+11 6.945083e+10 7.714125e+07 
500 607950 1.750000e+00 1.879676e+03 1.196946e-01 7.091700e-04 1.152945e-08 1.873966e-09 2.448710e-12 9.492448e+11 1.654679e+11 1.950193e+08 2.893167e+11 5.043310e+10 5.943936e+07 
500 607950 1.800000e+00 1.849935e+03 1.118178e-01 7.003500e-04 8.289319e-09 1.562054e-09 1.845560e-12 6.909829e+11 1.215001e+11 1.511169e+08 2.106025e+11 3.703219e+10 4.605857e+07 



500 911925 5.000000e-01 1.640035e+03 4.713645e-02 1.085700e-04 2.297436e-10 2.286458e-10 1.193208e-14 4.443140e+10 4.410178e+10 2.322325e+06 1.354082e+10 1.344036e+10 7.077456e+05 
500 911925 5.500000e-01 1.733051e+03 7.919037e-02 7.640000e-05 1.626976e-09 1.577038e-09 6.087185e-14 2.815637e+11 2.702709e+11 1.058676e+07 8.581119e+10 8.236961e+10 3.226484e+06 
500 911925 6.000000e-01 1.822371e+03 1.194575e-01 6.032000e-05 7.104040e-09 6.879725e-09 2.126865e-13 1.116652e+12 1.064601e+12 3.351366e+07 3.403265e+11 3.244632e+11 1.021408e+07 
500 911925 6.500000e-01 1.909142e+03 1.643253e-01 5.227000e-05 2.246100e-08 2.084777e-08 5.719719e-13 3.217624e+12 2.982065e+12 8.259802e+07 9.806698e+11 9.088771e+11 2.517423e+07 
500 911925 7.000000e-01 1.992290e+03 2.103108e-01 4.524000e-05 5.673417e-08 5.320790e-08 1.281604e-12 7.493846e+12 7.022008e+12 1.705866e+08 2.284023e+12 2.140217e+12 5.199238e+07 
500 911925 7.500000e-01 2.072339e+03 2.545223e-01 4.323000e-05 1.228258e-07 1.124334e-07 2.556912e-12 1.499548e+13 1.477157e+13 3.109248e+08 4.570498e+12 4.502256e+12 9.476706e+07 
500 911925 8.000000e-01 2.148455e+03 2.950019e-01 3.820000e-05 2.353730e-07 2.232889e-07 4.575492e-12 2.683338e+13 2.531189e+13 5.256707e+08 8.178717e+12 7.714987e+12 1.602222e+08 
500 911925 8.500000e-01 2.219950e+03 3.301346e-01 3.719000e-05 4.117883e-07 3.970457e-07 7.694083e-12 4.387540e+13 4.221073e+13 8.263465e+08 1.337325e+13 1.286588e+13 2.518704e+08 
500 911925 9.000000e-01 2.285784e+03 3.586278e-01 3.418000e-05 6.669949e-07 6.575540e-07 1.204460e-11 6.649535e+13 6.529889e+13 1.214885e+09 2.026808e+13 1.990342e+13 3.703017e+08 
500 911925 9.500000e-01 2.342241e+03 3.786584e-01 3.518000e-05 1.004833e-06 9.813446e-07 1.819178e-11 9.406962e+13 9.206958e+13 1.726008e+09 2.867319e+13 2.806361e+13 5.261005e+08 
500 911925 1.000000e+00 2.383091e+03 3.899048e-01 3.518000e-05 1.412219e-06 1.390967e-06 2.594433e-11 1.250363e+14 1.231896e+14 2.325239e+09 3.811254e+13 3.754967e+13 7.087590e+08 
500 911925 1.050000e+00 2.390697e+03 3.902244e-01 3.820000e-05 1.838861e-06 1.778397e-06 3.567604e-11 1.539648e+14 1.483046e+14 3.023689e+09 4.693079e+13 4.520558e+13 9.216648e+08 
500 911925 1.100000e+00 2.364231e+03 3.787909e-01 4.021000e-05 2.170096e-06 2.131580e-06 4.547881e-11 1.730701e+14 1.690317e+14 3.665580e+09 5.275501e+13 5.152408e+13 1.117335e+09 
500 911925 1.150000e+00 2.324971e+03 3.527255e-01 4.825000e-05 2.210133e-06 1.998140e-06 5.349191e-11 1.688660e+14 1.546736e+14 4.129489e+09 5.147403e+13 4.714800e+13 1.258757e+09 
500 911925 1.200000e+00 2.284249e+03 3.152195e-01 6.031000e-05 1.856424e-06 1.592016e-06 5.494023e-11 1.370261e+14 1.182657e+14 4.089458e+09 4.176894e+13 3.605040e+13 1.246567e+09 
500 911925 1.250000e+00 2.242807e+03 2.721177e-01 8.243000e-05 1.210204e-06 8.823624e-07 4.699084e-11 8.716161e+13 6.359060e+13 3.409198e+09 2.656926e+13 1.938423e+13 1.039216e+09 
500 911925 1.300000e+00 2.203097e+03 2.337379e-01 1.105800e-04 6.109661e-07 4.293074e-07 3.199121e-11 4.377344e+13 3.027492e+13 2.296712e+09 1.334345e+13 9.228727e+12 7.001056e+08 
500 911925 1.350000e+00 2.164465e+03 2.053573e-01 1.548100e-04 2.868236e-07 1.453764e-07 1.892496e-11 2.079280e+13 1.016719e+13 1.365900e+09 6.338297e+12 3.099293e+12 4.163690e+08 
500 911925 1.400000e+00 2.125269e+03 1.847815e-01 1.829600e-04 1.482680e-07 6.753800e-08 1.137822e-11 1.095010e+13 4.746976e+12 8.320796e+08 3.337944e+12 1.447040e+12 2.536449e+08 
500 911925 1.450000e+00 2.087345e+03 1.694253e-01 2.432800e-04 8.567602e-08 2.509996e-08 7.626938e-12 6.432204e+12 1.791791e+12 5.648046e+08 1.960750e+12 5.462017e+11 1.721714e+08 
500 911925 1.500000e+00 2.051152e+03 1.555867e-01 3.377700e-04 5.308866e-08 9.235259e-09 5.470309e-12 4.058884e+12 8.260590e+11 4.034371e+08 1.237286e+12 2.518129e+11 1.229815e+08 
500 911925 1.550000e+00 2.013999e+03 1.436993e-01 3.822000e-04 3.436518e-08 5.570716e-09 3.913041e-12 2.668311e+12 5.359315e+11 2.903929e+08 8.133936e+11 1.633720e+11 8.852197e+07 
500 911925 1.600000e+00 1.978501e+03 1.340838e-01 4.266300e-04 2.337337e-08 3.569272e-09 2.900720e-12 1.840990e+12 3.389503e+11 2.192525e+08 5.611987e+11 1.033250e+11 6.683603e+07 
500 911925 1.650000e+00 1.944713e+03 1.251002e-01 4.670300e-04 1.643072e-08 2.324584e-09 2.194826e-12 1.315393e+12 2.215042e+11 1.691682e+08 4.009788e+11 6.752310e+10 5.156862e+07 
500 911925 1.700000e+00 1.911165e+03 1.172342e-01 4.630100e-04 1.173576e-08 1.977586e-09 1.650586e-12 9.524667e+11 1.884054e+11 1.290013e+08 2.903463e+11 5.743338e+10 3.932435e+07 
500 911925 1.750000e+00 1.878555e+03 1.096655e-01 4.589900e-04 8.423502e-09 1.695707e-09 1.252628e-12 6.959564e+11 1.708082e+11 9.956751e+07 2.121530e+11 5.206910e+10 3.035188e+07 
500 911925 1.800000e+00 1.848079e+03 1.024751e-01 4.549700e-04 6.188644e-09 1.521122e-09 9.644918e-13 5.166006e+11 1.184339e+11 7.940944e+07 1.574788e+11 3.610340e+10 2.420698e+07 



500 1215900 5.000000e-01 1.639749e+03 3.953183e-02 9.843000e-05 1.141373e-10 1.141367e-10 5.384417e-15 2.192435e+10 2.177706e+10 1.046679e+06 6.682616e+09 6.637720e+09 3.190308e+05 
500 1215900 5.500000e-01 1.731972e+03 6.560073e-02 6.436000e-05 9.431389e-10 9.365794e-10 3.032667e-14 1.613758e+11 1.594388e+11 5.218360e+06 4.918895e+10 4.859857e+10 1.590607e+06 
500 1215900 6.000000e-01 1.822812e+03 1.000781e-01 5.301000e-05 4.742895e-09 4.395848e-09 1.189293e-13 7.319888e+11 7.117798e+11 1.828050e+07 2.231216e+11 2.169617e+11 5.572176e+06 
500 1215900 6.500000e-01 1.909507e+03 1.399537e-01 4.165000e-05 1.629835e-08 1.530192e-08 3.389004e-13 2.292892e+12 2.158574e+12 4.812032e+07 6.989206e+11 6.579784e+11 1.466805e+07 
500 1215900 7.000000e-01 1.993548e+03 1.815534e-01 3.596000e-05 4.404607e-08 4.254217e-08 8.018428e-13 5.698302e+12 5.513103e+12 1.048087e+08 1.736985e+12 1.680533e+12 3.194827e+07 
500 1215900 7.500000e-01 2.073549e+03 2.222283e-01 3.312000e-05 9.896793e-08 9.177440e-08 1.645800e-12 1.185019e+13 1.105101e+13 1.990006e+08 3.612278e+12 3.368672e+12 6.066103e+07 
500 1215900 8.000000e-01 2.149952e+03 2.598834e-01 2.934000e-05 1.956967e-07 1.917903e-07 3.016749e-12 2.181893e+13 2.146077e+13 3.397103e+08 6.651116e+12 6.541943e+12 1.035545e+08 
500 1215900 8.500000e-01 2.222389e+03 2.921137e-01 2.744000e-05 3.490111e-07 3.425443e-07 5.133655e-12 3.638334e+13 3.580464e+13 5.404413e+08 1.109094e+13 1.091454e+13 1.647455e+08 
500 1215900 9.000000e-01 2.289169e+03 3.186890e-01 2.934000e-05 5.701908e-07 5.437022e-07 8.323757e-12 5.573684e+13 5.173928e+13 8.172047e+08 1.699073e+13 1.577215e+13 2.491151e+08 
500 1215900 9.500000e-01 2.347163e+03 3.371805e-01 2.934000e-05 8.620932e-07 7.846593e-07 1.255475e-11 7.903720e+13 7.875297e+13 1.138446e+09 2.409379e+13 2.400717e+13 3.470449e+08 
500 1215900 1.000000e+00 2.389621e+03 3.462671e-01 2.934000e-05 1.209034e-06 1.120405e-06 1.796778e-11 1.045840e+14 9.737144e+13 1.573384e+09 3.188181e+13 2.968314e+13 4.796359e+08 
500 1215900 1.050000e+00 2.395324e+03 3.458271e-01 3.218000e-05 1.554531e-06 1.376978e-06 2.452542e-11 1.277484e+14 1.248558e+14 1.996533e+09 3.894365e+13 3.806188e+13 6.086355e+08 
500 1215900 1.100000e+00 2.366387e+03 3.343166e-01 3.501000e-05 1.788645e-06 1.672503e-06 3.094596e-11 1.396595e+14 1.269182e+14 2.431061e+09 4.257505e+13 3.869097e+13 7.411061e+08 
500 1215900 1.150000e+00 2.327262e+03 3.107316e-01 3.975000e-05 1.741462e-06 1.614881e-06 3.481962e-11 1.306325e+14 1.202992e+14 2.631708e+09 3.982352e+13 3.667346e+13 8.022795e+08 
500 1215900 1.200000e+00 2.286228e+03 2.776357e-01 5.111000e-05 1.367346e-06 1.147923e-06 3.398910e-11 9.948129e+13 8.257984e+13 2.487096e+09 3.032724e+13 2.517482e+13 7.581998e+08 
500 1215900 1.250000e+00 2.244985e+03 2.413771e-01 6.625000e-05 8.256586e-07 6.768339e-07 2.700857e-11 5.889415e+13 4.752006e+13 1.938989e+09 1.795422e+13 1.448679e+13 5.911113e+08 
500 1215900 1.300000e+00 2.204149e+03 2.090223e-01 9.275000e-05 3.941193e-07 2.686919e-07 1.723504e-11 2.820783e+13 1.895446e+13 1.235001e+09 8.599354e+12 5.778418e+12 3.764985e+08 
500 1215900 1.350000e+00 2.165399e+03 1.871213e-01 1.192500e-04 1.924027e-07 1.043638e-07 1.024442e-11 1.402799e+13 7.332247e+12 7.410677e+08 4.276545e+12 2.235303e+12 2.259205e+08 
500 1215900 1.400000e+00 2.126637e+03 1.704973e-01 1.779300e-04 1.051286e-07 2.903245e-08 6.667933e-12 7.754108e+12 3.275359e+12 4.740654e+08 2.363909e+12 9.985268e+11 1.445231e+08 
500 1215900 1.450000e+00 2.088278e+03 1.570331e-01 2.063300e-04 6.270091e-08 1.592759e-08 4.503686e-12 4.721964e+12 1.114626e+12 3.336870e+08 1.439536e+12 3.398065e+11 1.017277e+08 
500 1215900 1.500000e+00 2.051566e+03 1.455868e-01 2.631100e-04 4.006248e-08 7.104734e-09 3.265415e-12 3.071204e+12 6.791165e+11 2.406387e+08 9.362877e+11 2.070369e+11 7.336121e+07 
500 1215900 1.550000e+00 2.014543e+03 1.345954e-01 2.915100e-04 2.650858e-08 4.650760e-09 2.366609e-12 2.063474e+12 4.291031e+11 1.773144e+08 6.290720e+11 1.308175e+11 5.405622e+07 
500 1215900 1.600000e+00 1.978985e+03 1.257415e-01 3.180000e-04 1.843942e-08 3.118436e-09 1.777846e-12 1.454950e+12 2.891678e+11 1.355514e+08 4.435574e+11 8.815666e+10 4.132439e+07 
500 1215900 1.650000e+00 1.943857e+03 1.178530e-01 3.142200e-04 1.310787e-08 2.650252e-09 1.332712e-12 1.049975e+12 1.976026e+11 1.049833e+08 3.200966e+11 6.024187e+10 3.200541e+07 
500 1215900 1.700000e+00 1.910188e+03 1.107045e-01 3.346700e-04 9.537361e-09 1.938693e-09 1.033369e-12 7.748303e+11 1.773699e+11 8.162697e+07 2.362162e+11 5.407372e+10 2.488498e+07 
500 1215900 1.750000e+00 1.878145e+03 1.043564e-01 3.551200e-04 7.057395e-09 1.452028e-09 8.124946e-13 5.818778e+11 1.338601e+11 6.519114e+07 1.773925e+11 4.080919e+10 1.987434e+07 
500 1215900 1.800000e+00 1.848510e+03 9.801185e-02 3.513400e-04 5.281980e-09 1.342716e-09 6.433928e-13 4.436891e+11 1.267406e+11 5.245164e+07 1.352641e+11 3.863873e+10 1.599055e+07 



700 101325 5.000000e-01 1.805055e+03 6.217830e-01 3.281200e-04 3.050515e-08 2.771402e-08 4.869099e-12 5.878563e+12 5.341614e+12 9.513248e+08 1.783208e+12 1.620394e+12 2.885632e+08 
700 101325 5.500000e-01 1.894389e+03 7.854258e-01 2.718700e-04 7.344281e-08 7.070486e-08 1.033596e-11 1.289017e+13 1.247943e+13 1.855721e+09 3.910996e+12 3.786512e+12 5.630206e+08 
700 101325 6.000000e-01 1.980386e+03 9.484845e-01 2.437500e-04 1.547666e-07 1.497728e-07 1.983824e-11 2.503716e+13 2.424372e+13 3.285589e+09 7.598117e+12 7.357552e+12 9.970421e+08 
700 101325 6.500000e-01 2.061571e+03 1.098548e+00 2.203100e-04 2.954837e-07 2.950385e-07 3.490658e-11 4.415895e+13 4.409653e+13 5.362590e+09 1.340349e+13 1.338462e+13 1.627611e+09 
700 101325 7.000000e-01 2.136292e+03 1.237780e+00 2.250000e-04 5.215536e-07 5.127516e-07 5.924270e-11 7.226930e+13 7.115076e+13 8.442455e+09 2.193933e+13 2.160029e+13 2.562805e+09 
700 101325 7.500000e-01 2.205563e+03 1.362343e+00 2.250000e-04 8.673111e-07 8.206705e-07 9.492699e-11 1.118487e+14 1.112065e+14 1.245641e+10 3.395984e+13 3.376529e+13 3.781841e+09 
700 101325 8.000000e-01 2.266657e+03 1.469943e+00 2.062500e-04 1.363258e-06 1.336308e-06 1.435530e-10 1.641678e+14 1.613939e+14 1.784668e+10 4.985157e+13 4.901044e+13 5.419088e+09 
700 101325 8.500000e-01 2.319513e+03 1.562685e+00 2.062500e-04 2.048993e-06 1.991443e-06 2.119722e-10 2.312711e+14 2.256797e+14 2.471260e+10 7.023719e+13 6.854064e+13 7.504827e+09 
700 101325 9.000000e-01 2.363780e+03 1.638512e+00 1.875000e-04 2.962837e-06 2.962837e-06 2.974746e-10 3.143059e+14 3.143042e+14 3.270311e+10 9.546552e+13 9.546501e+13 9.932527e+09 
700 101325 9.500000e-01 2.398884e+03 1.693581e+00 1.828100e-04 4.125529e-06 4.123797e-06 4.125280e-10 4.126616e+14 4.124772e+14 4.278487e+10 1.253534e+14 1.252966e+14 1.299593e+10 
700 101325 1.000000e+00 2.422822e+03 1.728938e+00 2.015600e-04 5.564508e-06 5.501414e-06 5.717287e-10 5.257027e+14 5.214780e+14 5.591530e+10 1.597059e+14 1.584249e+14 1.698602e+10 
700 101325 1.050000e+00 2.436457e+03 1.742270e+00 2.156300e-04 7.249043e-06 6.971670e-06 7.652695e-10 6.500384e+14 6.500375e+14 6.997534e+10 1.974980e+14 1.974977e+14 2.125918e+10 
700 101325 1.100000e+00 2.436840e+03 1.731352e+00 2.109400e-04 9.131390e-06 9.022132e-06 9.860061e-10 7.780304e+14 7.711247e+14 8.684543e+10 2.364039e+14 2.343086e+14 2.638683e+10 
700 101325 1.150000e+00 2.424681e+03 1.696486e+00 2.015600e-04 1.105913e-05 1.105231e-05 1.228723e-09 8.989362e+14 8.988256e+14 1.033027e+11 2.731651e+14 2.731303e+14 3.138980e+10 
700 101325 1.200000e+00 2.401420e+03 1.633532e+00 2.296900e-04 1.279451e-05 1.249203e-05 1.541138e-09 9.958003e+14 9.759025e+14 1.235905e+11 3.026212e+14 2.965790e+14 3.755762e+10 
700 101325 1.250000e+00 2.372293e+03 1.541019e+00 2.578100e-04 1.403759e-05 1.335620e-05 1.856249e-09 1.050275e+15 1.003243e+15 1.426611e+11 3.192004e+14 3.049116e+14 4.335630e+10 
700 101325 1.300000e+00 2.337358e+03 1.417420e+00 2.859400e-04 1.422437e-05 1.365342e-05 2.116521e-09 1.026037e+15 9.891461e+14 1.567675e+11 3.118546e+14 3.006478e+14 4.764695e+10 
700 101325 1.350000e+00 2.300173e+03 1.266069e+00 3.468700e-04 1.309745e-05 1.192196e-05 2.297197e-09 9.204071e+14 8.392437e+14 1.646909e+11 2.797705e+14 2.551041e+14 5.005881e+10 
700 101325 1.400000e+00 2.262444e+03 1.097996e+00 4.406200e-04 1.066508e-05 8.803613e-06 2.309616e-09 7.344688e+14 6.025049e+14 1.611896e+11 2.232659e+14 1.831557e+14 4.899800e+10 
700 101325 1.450000e+00 2.227278e+03 9.427432e-01 5.718700e-04 7.646110e-06 5.774074e-06 2.134875e-09 5.176892e+14 3.848784e+14 1.457801e+11 1.573781e+14 1.170070e+14 4.431685e+10 
700 101325 1.500000e+00 2.191575e+03 7.994954e-01 7.687500e-04 4.732567e-06 2.923739e-06 1.728622e-09 3.194641e+14 1.959088e+14 1.171084e+11 9.712228e+13 5.956143e+13 3.560253e+10 
700 101325 1.550000e+00 2.156064e+03 6.947024e-01 1.133590e-03 2.771874e-06 1.058116e-06 1.268422e-09 1.892293e+14 6.981286e+13 8.592355e+10 5.753051e+13 2.122598e+13 2.612303e+10 
700 101325 1.600000e+00 2.121105e+03 6.217341e-01 1.114840e-03 1.714974e-06 8.427037e-07 8.526550e-10 1.183468e+14 5.619834e+13 5.845809e+10 3.598134e+13 1.708709e+13 1.777332e+10 
700 101325 1.650000e+00 2.086692e+03 5.617316e-01 1.680850e-03 1.094657e-06 2.593164e-07 6.275472e-10 7.676539e+13 2.315858e+13 4.265730e+10 2.333984e+13 7.041580e+12 1.296963e+10 
700 101325 1.700000e+00 2.053500e+03 5.142780e-01 1.844530e-03 7.298283e-07 1.588607e-07 4.512419e-10 5.196667e+13 1.387958e+13 3.109730e+10 1.580028e+13 4.220311e+12 9.455092e+09 
700 101325 1.750000e+00 2.022523e+03 4.753573e-01 2.209370e-03 5.027385e-07 8.481782e-08 3.399773e-10 3.632385e+13 6.959322e+12 2.376319e+10 1.104429e+13 2.116143e+12 7.225295e+09 
700 101325 1.800000e+00 1.992466e+03 4.400034e-01 2.574220e-03 3.495793e-07 4.915529e-08 2.567729e-10 2.566559e+13 3.947852e+12 1.820801e+10 7.803714e+12 1.200458e+12 5.536299e+09 



700 303975 5.000000e-01 1.804872e+03 3.689743e-01 1.285100e-04 1.359697e-08 1.313162e-08 8.969098e-13 2.460455e+12 2.385704e+12 1.640816e+08 7.489775e+11 7.262274e+11 4.994701e+07 
700 303975 5.500000e-01 1.894713e+03 4.913186e-01 1.138200e-04 3.744697e-08 3.465298e-08 2.156331e-12 6.177200e+12 5.766203e+12 3.610284e+08 1.880528e+12 1.755420e+12 1.099067e+08 
700 303975 6.000000e-01 1.981181e+03 6.129794e-01 9.547000e-05 8.657109e-08 8.556749e-08 4.420742e-12 1.314067e+13 1.297695e+13 6.830767e+08 4.000689e+12 3.950852e+12 2.079606e+08 
700 303975 6.500000e-01 2.063002e+03 7.320627e-01 8.812000e-05 1.768140e-07 1.763094e-07 8.279721e-12 2.483177e+13 2.466146e+13 1.182914e+09 7.560486e+12 7.508664e+12 3.601558e+08 
700 303975 7.000000e-01 2.140352e+03 8.428064e-01 9.179000e-05 3.294966e-07 3.125235e-07 1.473694e-11 4.295719e+13 4.028598e+13 1.952119e+09 1.307982e+13 1.226659e+13 5.943837e+08 
700 303975 7.500000e-01 2.213488e+03 9.463329e-01 7.894000e-05 5.712685e-07 5.681986e-07 2.385490e-11 6.939698e+13 6.881259e+13 2.953520e+09 2.113138e+13 2.095350e+13 8.993349e+08 
700 303975 8.000000e-01 2.279522e+03 1.034242e+00 8.078000e-05 9.315804e-07 9.111765e-07 3.787315e-11 1.055941e+14 1.024589e+14 4.380152e+09 3.215480e+13 3.120032e+13 1.333799e+09 
700 303975 8.500000e-01 2.338585e+03 1.109939e+00 8.078000e-05 1.441877e-06 1.373099e-06 5.741968e-11 1.531323e+14 1.444047e+14 6.225792e+09 4.663268e+13 4.397535e+13 1.895892e+09 
700 303975 9.000000e-01 2.389520e+03 1.171069e+00 8.078000e-05 2.133728e-06 2.001012e-06 8.390573e-11 2.132932e+14 2.123131e+14 8.474586e+09 6.495569e+13 6.465744e+13 2.580795e+09 
700 303975 9.500000e-01 2.431395e+03 1.219553e+00 8.078000e-05 3.029086e-06 2.856619e-06 1.188511e-10 2.854201e+14 2.823899e+14 1.129407e+10 8.692403e+13 8.600160e+13 3.439545e+09 
700 303975 1.000000e+00 2.460376e+03 1.248211e+00 7.894000e-05 4.122954e-06 3.914410e-06 1.628288e-10 3.677940e+14 3.522292e+14 1.487115e+10 1.120146e+14 1.072749e+14 4.529075e+09 
700 303975 1.050000e+00 2.473821e+03 1.258520e+00 7.710000e-05 5.394266e-06 5.257345e-06 2.166005e-10 4.561488e+14 4.472942e+14 1.877753e+10 1.389279e+14 1.362318e+14 5.718959e+09 
700 303975 1.100000e+00 2.469565e+03 1.247877e+00 7.527000e-05 6.749879e-06 6.728001e-06 2.781912e-10 5.431778e+14 5.420894e+14 2.297001e+10 1.654389e+14 1.651077e+14 6.996045e+09 
700 303975 1.150000e+00 2.446775e+03 1.210488e+00 8.629000e-05 7.967104e-06 7.658510e-06 3.558495e-10 6.125383e+14 5.920331e+14 2.796678e+10 1.865698e+14 1.803252e+14 8.518176e+09 
700 303975 1.200000e+00 2.416217e+03 1.150224e+00 9.731000e-05 8.834354e-06 8.247227e-06 4.338128e-10 6.512056e+14 6.112137e+14 3.260345e+10 1.983528e+14 1.861726e+14 9.930698e+09 
700 303975 1.250000e+00 2.379717e+03 1.063458e+00 1.083100e-04 8.970670e-06 8.497414e-06 4.967298e-10 6.378405e+14 5.985924e+14 3.587231e+10 1.942867e+14 1.823327e+14 1.092665e+10 
700 303975 1.300000e+00 2.343700e+03 9.564698e-01 1.303500e-04 8.146350e-06 7.214022e-06 5.334570e-10 5.618395e+14 4.970679e+14 3.729381e+10 1.711407e+14 1.514120e+14 1.135992e+10 
700 303975 1.350000e+00 2.305905e+03 8.262774e-01 1.652300e-04 6.309156e-06 5.057771e-06 5.161102e-10 4.249640e+14 3.382955e+14 3.510718e+10 1.294504e+14 1.030508e+14 1.069412e+10 
700 303975 1.400000e+00 2.270503e+03 7.073776e-01 2.166400e-04 4.171986e-06 3.096435e-06 4.437602e-10 2.770076e+14 2.018658e+14 2.961098e+10 8.438224e+13 6.149317e+13 9.020095e+09 
700 303975 1.450000e+00 2.231852e+03 6.072807e-01 2.974100e-04 2.378603e-06 1.437127e-06 3.290106e-10 1.586097e+14 9.226898e+13 2.182067e+10 4.831652e+13 2.810785e+13 6.647120e+09 
700 303975 1.500000e+00 2.196370e+03 5.357609e-01 4.075600e-04 1.352810e-06 5.539325e-07 2.245311e-10 9.084936e+13 3.521937e+13 1.496393e+10 2.767527e+13 1.072902e+13 4.558444e+09 
700 303975 1.550000e+00 2.160574e+03 4.846966e-01 5.177200e-04 8.164993e-07 2.398679e-07 1.553822e-10 5.555238e+13 2.085769e+13 1.027792e+10 1.692301e+13 6.354034e+12 3.130983e+09 
700 303975 1.600000e+00 2.126311e+03 4.408282e-01 6.278700e-04 5.131231e-07 1.186942e-07 1.099612e-10 3.552558e+13 7.704156e+12 7.497677e+09 1.082228e+13 2.346999e+12 2.284050e+09 
700 303975 1.650000e+00 2.091574e+03 4.051859e-01 8.167500e-04 3.373251e-07 5.365069e-08 8.179887e-11 2.372695e+13 4.614465e+12 5.517724e+09 7.228063e+12 1.405765e+12 1.680900e+09 
700 303975 1.700000e+00 2.057421e+03 3.759675e-01 1.001970e-03 2.277725e-07 2.912213e-08 6.169900e-11 1.627049e+13 2.306735e+12 4.222034e+09 4.956590e+12 7.027374e+11 1.286195e+09 
700 303975 1.750000e+00 2.024428e+03 3.504768e-01 1.187180e-03 1.578743e-07 1.806960e-08 4.732659e-11 1.145445e+13 1.591012e+12 3.224349e+09 3.489461e+12 4.846989e+11 9.822674e+08 
700 303975 1.800000e+00 1.992286e+03 3.276024e-01 1.179840e-03 1.112420e-07 1.445882e-08 3.525492e-11 8.196431e+12 9.699601e+11 2.522268e+09 2.496955e+12 2.954988e+11 7.683894e+08 



700 607950 5.000000e-01 1.804771e+03 2.477869e-01 8.439000e-05 6.709452e-09 5.990821e-09 2.706152e-13 1.163936e+12 1.119273e+12 4.681546e+07 3.546206e+11 3.410136e+11 1.426338e+07 
700 607950 5.500000e-01 1.895053e+03 3.442585e-01 6.816000e-05 2.133140e-08 2.011001e-08 7.249736e-13 3.366272e+12 3.172412e+12 1.155848e+08 1.025654e+12 9.665909e+11 3.521685e+07 
700 607950 6.000000e-01 1.981953e+03 4.437032e-01 5.681000e-05 5.452174e-08 5.277291e-08 1.621884e-12 7.903458e+12 7.660754e+12 2.377115e+08 2.408149e+12 2.334205e+12 7.242937e+07 
700 607950 6.500000e-01 2.064962e+03 5.410492e-01 5.518000e-05 1.197005e-07 1.086207e-07 3.268587e-12 1.596196e+13 1.450406e+13 4.420608e+08 4.863691e+12 4.419478e+12 1.346975e+08 
700 607950 7.000000e-01 2.143778e+03 6.347677e-01 5.194000e-05 2.338405e-07 2.085739e-07 5.942085e-12 2.889990e+13 2.853269e+13 7.314530e+08 8.806182e+12 8.694296e+12 2.228821e+08 
700 607950 7.500000e-01 2.217915e+03 7.203442e-01 4.869000e-05 4.199075e-07 3.953890e-07 1.007296e-11 4.848833e+13 4.558847e+13 1.179798e+09 1.477537e+13 1.389178e+13 3.595065e+08 
700 607950 8.000000e-01 2.287037e+03 7.984479e-01 4.382000e-05 7.013885e-07 6.902704e-07 1.596457e-11 7.571520e+13 7.328515e+13 1.744691e+09 2.307245e+13 2.233202e+13 5.316518e+08 
700 607950 8.500000e-01 2.350217e+03 8.645071e-01 4.464000e-05 1.106510e-06 1.064964e-06 2.469962e-11 1.120231e+14 1.068552e+14 2.536584e+09 3.413715e+13 3.256242e+13 7.729773e+08 
700 607950 9.000000e-01 2.405642e+03 9.182416e-01 4.464000e-05 1.654955e-06 1.556002e-06 3.651428e-11 1.579741e+14 1.554412e+14 3.500772e+09 4.814084e+13 4.736904e+13 1.066816e+09 
700 607950 9.500000e-01 2.451136e+03 9.578175e-01 4.464000e-05 2.364354e-06 2.215302e-06 5.207402e-11 2.127940e+14 2.091406e+14 4.713760e+09 6.484771e+13 6.373446e+13 1.436483e+09 
700 607950 1.000000e+00 2.483635e+03 9.824364e-01 4.464000e-05 3.232312e-06 3.095436e-06 7.188982e-11 2.753184e+14 2.729966e+14 6.155843e+09 8.390299e+13 8.319555e+13 1.875979e+09 
700 607950 1.050000e+00 2.497131e+03 9.894980e-01 4.382000e-05 4.201693e-06 4.137370e-06 9.567482e-11 3.403325e+14 3.352011e+14 7.862969e+09 1.037176e+14 1.021540e+14 2.396259e+09 
700 607950 1.100000e+00 2.486120e+03 9.716417e-01 4.869000e-05 5.159464e-06 4.884803e-06 1.249114e-10 3.951985e+14 3.743939e+14 9.754977e+09 1.204401e+14 1.141000e+14 2.972899e+09 
700 607950 1.150000e+00 2.459180e+03 9.332070e-01 5.194000e-05 5.899340e-06 5.391510e-06 1.544784e-10 4.331985e+14 3.948073e+14 1.152059e+10 1.320228e+14 1.203230e+14 3.511034e+09 
700 607950 1.200000e+00 2.424986e+03 8.739868e-01 5.680000e-05 6.175685e-06 5.874240e-06 1.803517e-10 4.356067e+14 4.142168e+14 1.290898e+10 1.327586e+14 1.262400e+14 3.934218e+09 
700 607950 1.250000e+00 2.387299e+03 7.922265e-01 7.304000e-05 5.706041e-06 4.773432e-06 1.973128e-10 3.895911e+14 3.613476e+14 1.345385e+10 1.187361e+14 1.101286e+14 4.100331e+09 
700 607950 1.300000e+00 2.349771e+03 7.008391e-01 8.765000e-05 4.559178e-06 3.627177e-06 1.928057e-10 3.035134e+14 2.380506e+14 1.293310e+10 9.250311e+13 7.255208e+13 3.941670e+09 
700 607950 1.350000e+00 2.312862e+03 6.106964e-01 1.152400e-04 3.062542e-06 2.158165e-06 1.670610e-10 2.007955e+14 1.414392e+14 1.100517e+10 6.119796e+13 4.310772e+13 3.354124e+09 
700 607950 1.400000e+00 2.274690e+03 5.285575e-01 1.509400e-04 1.726816e-06 1.111433e-06 1.216533e-10 1.130585e+14 7.011893e+13 7.956878e+09 3.445792e+13 2.137099e+13 2.425095e+09 
700 607950 1.450000e+00 2.236877e+03 4.663359e-01 2.239800e-04 9.503025e-07 3.458808e-07 8.286620e-11 6.297005e+13 2.972129e+13 5.361658e+09 1.919209e+13 9.058580e+12 1.634135e+09 
700 607950 1.500000e+00 2.200694e+03 4.226716e-01 2.726800e-04 5.686917e-07 1.705463e-07 5.725629e-11 3.823248e+13 1.081691e+13 3.802206e+09 1.165260e+13 3.296845e+12 1.158849e+09 
700 607950 1.550000e+00 2.164721e+03 3.881944e-01 3.733000e-04 3.581431e-07 6.570697e-08 4.179406e-11 2.443720e+13 5.865725e+12 2.736295e+09 7.448073e+12 1.787802e+12 8.339807e+08 
700 607950 1.600000e+00 2.129274e+03 3.588351e-01 4.219900e-04 2.352028e-07 4.133447e-08 3.062021e-11 1.637280e+13 2.641722e+12 2.079409e+09 4.990181e+12 8.051690e+11 6.337743e+08 
700 607950 1.650000e+00 2.094396e+03 3.331660e-01 4.706900e-04 1.597558e-07 2.723611e-08 2.283944e-11 1.126914e+13 1.759883e+12 1.572144e+09 3.434672e+12 5.363961e+11 4.791687e+08 
700 607950 1.700000e+00 2.060172e+03 3.114002e-01 5.713200e-04 1.112381e-07 1.566882e-08 1.764735e-11 7.945849e+12 1.020843e+12 1.229718e+09 2.421784e+12 3.111449e+11 3.748033e+08 
700 607950 1.750000e+00 2.026573e+03 2.916361e-01 5.680800e-04 7.918735e-08 1.267848e-08 1.324297e-11 5.769286e+12 8.368621e+11 9.375804e+08 1.758404e+12 2.550695e+11 2.857638e+08 
700 607950 1.800000e+00 1.993759e+03 2.738690e-01 6.580100e-04 5.769075e-08 7.855633e-09 1.041394e-11 4.253980e+12 5.296680e+11 7.480008e+08 1.296560e+12 1.614395e+11 2.279826e+08 



700 911925 5.000000e-01 1.805234e+03 1.926359e-01 6.104000e-05 3.983614e-09 3.829864e-09 1.218479e-13 6.745702e+11 6.514049e+11 2.084138e+07 2.055837e+11 1.985241e+11 6.351661e+06 
700 911925 5.500000e-01 1.895812e+03 2.748060e-01 5.189000e-05 1.416725e-08 1.324902e-08 3.613980e-13 2.184705e+12 2.050381e+12 5.614139e+07 6.658335e+11 6.248969e+11 1.711020e+07 
700 911925 6.000000e-01 1.982673e+03 3.614600e-01 4.120000e-05 3.918907e-08 3.800198e-08 8.558258e-13 5.521198e+12 5.402248e+12 1.220436e+08 1.682736e+12 1.646485e+12 3.719603e+07 
700 911925 6.500000e-01 2.065802e+03 4.488890e-01 4.044000e-05 9.064286e-08 8.340402e-08 1.804892e-12 1.177187e+13 1.095030e+13 2.370871e+08 3.587873e+12 3.337478e+12 7.226004e+07 
700 911925 7.000000e-01 2.145207e+03 5.329127e-01 3.739000e-05 1.844703e-07 1.697244e-07 3.390067e-12 2.222257e+13 2.066912e+13 4.130378e+08 6.773192e+12 6.299732e+12 1.258890e+08 
700 911925 7.500000e-01 2.220979e+03 6.111320e-01 3.357000e-05 3.419140e-07 3.315400e-07 5.860348e-12 3.831832e+13 3.687235e+13 6.642620e+08 1.167918e+13 1.123848e+13 2.024623e+08 
700 911925 8.000000e-01 2.291895e+03 6.813413e-01 3.205000e-05 5.846288e-07 5.726015e-07 9.584600e-12 6.112626e+13 5.951519e+13 1.015823e+09 1.863118e+13 1.814015e+13 3.096202e+08 
700 911925 8.500000e-01 2.356271e+03 7.409117e-01 2.976000e-05 9.340293e-07 9.281050e-07 1.472268e-11 9.177134e+13 9.097963e+13 1.466276e+09 2.797211e+13 2.773082e+13 4.469229e+08 
700 911925 9.000000e-01 2.414779e+03 7.883270e-01 2.976000e-05 1.414977e-06 1.380730e-06 2.206193e-11 1.306951e+14 1.283232e+14 2.071289e+09 3.983665e+13 3.911374e+13 6.313395e+08 
700 911925 9.500000e-01 2.462674e+03 8.219957e-01 2.976000e-05 2.025574e-06 1.968006e-06 3.162942e-11 1.766764e+14 1.726970e+14 2.802681e+09 5.385265e+13 5.263976e+13 8.542815e+08 
700 911925 1.000000e+00 2.496137e+03 8.417960e-01 2.976000e-05 2.760149e-06 2.714798e-06 4.359002e-11 2.274460e+14 2.249386e+14 3.657808e+09 6.932842e+13 6.856426e+13 1.114944e+09 
700 911925 1.050000e+00 2.507548e+03 8.441350e-01 3.205000e-05 3.544234e-06 3.407335e-06 5.864155e-11 2.777917e+14 2.688360e+14 4.664821e+09 8.467537e+13 8.194569e+13 1.421909e+09 
700 911925 1.100000e+00 2.494811e+03 8.293060e-01 3.434000e-05 4.288907e-06 4.133393e-06 7.524711e-11 3.198846e+14 3.061044e+14 5.685993e+09 9.750691e+13 9.330665e+13 1.733196e+09 
700 911925 1.150000e+00 2.465081e+03 7.943747e-01 3.892000e-05 4.762516e-06 4.450885e-06 9.210298e-11 3.402769e+14 3.144074e+14 6.652679e+09 1.037239e+14 9.583853e+13 2.027879e+09 
700 911925 1.200000e+00 2.429166e+03 7.403895e-01 4.273000e-05 4.750574e-06 4.475965e-06 1.041831e-10 3.257112e+14 3.033898e+14 7.241921e+09 9.928490e+13 9.248095e+13 2.207513e+09 
700 911925 1.250000e+00 2.390595e+03 6.677995e-01 5.189000e-05 4.090948e-06 3.633377e-06 1.076379e-10 2.736417e+14 2.418617e+14 7.256767e+09 8.341347e+13 7.372628e+13 2.212058e+09 
700 911925 1.300000e+00 2.351384e+03 5.861684e-01 6.715000e-05 2.959836e-06 2.412785e-06 9.814086e-11 1.934981e+14 1.561716e+14 6.461187e+09 5.898399e+13 4.760590e+13 1.969559e+09 
700 911925 1.350000e+00 2.313861e+03 5.117282e-01 8.851000e-05 1.802650e-06 1.316870e-06 7.747946e-11 1.170435e+14 8.358006e+13 5.038013e+09 3.567855e+13 2.547794e+13 1.535744e+09 
700 911925 1.400000e+00 2.277180e+03 4.539701e-01 1.220900e-04 1.005659e-06 5.416851e-07 5.443265e-11 6.566336e+13 3.490314e+13 3.544348e+09 2.001636e+13 1.063968e+13 1.080434e+09 
700 911925 1.450000e+00 2.239667e+03 4.097002e-01 1.694000e-04 5.760904e-07 1.997760e-07 3.739950e-11 3.819671e+13 1.240626e+13 2.451805e+09 1.164365e+13 3.781875e+12 7.473935e+08 
700 911925 1.500000e+00 2.202857e+03 3.754216e-01 2.151800e-04 3.537797e-07 8.817388e-08 2.657267e-11 2.379274e+13 5.563392e+12 1.762959e+09 7.252854e+12 1.695929e+12 5.374116e+08 
700 911925 1.550000e+00 2.166420e+03 3.468945e-01 2.624900e-04 2.288905e-07 4.662078e-08 1.953270e-11 1.566127e+13 2.952760e+12 1.311317e+09 4.774105e+12 9.001142e+11 3.997364e+08 
700 911925 1.600000e+00 2.130797e+03 3.227330e-01 3.571100e-04 1.547355e-07 2.081437e-08 1.513837e-11 1.076283e+13 1.743531e+12 1.000421e+09 3.280896e+12 5.314967e+11 3.049648e+08 
700 911925 1.650000e+00 2.094679e+03 2.999848e-01 4.028900e-04 1.067455e-07 1.359311e-08 1.143292e-11 7.553562e+12 1.088828e+12 7.683070e+08 2.302600e+12 3.319183e+11 2.342086e+08 
700 911925 1.700000e+00 2.060740e+03 2.816506e-01 4.486700e-04 7.627441e-08 9.249678e-09 8.857568e-12 5.505227e+12 7.283449e+11 6.060887e+08 1.678196e+12 2.220293e+11 1.847588e+08 
700 911925 1.750000e+00 2.027364e+03 2.650412e-01 4.486700e-04 5.584168e-08 7.506826e-09 6.792171e-12 4.088677e+12 6.028185e+11 4.711323e+08 1.246381e+12 1.837640e+11 1.436192e+08 
700 911925 1.800000e+00 1.995014e+03 2.504781e-01 4.456200e-04 4.174851e-08 6.133777e-09 5.272336e-12 3.094543e+12 4.122389e+11 3.797902e+08 9.433329e+11 1.256677e+11 1.157748e+08 



700 1215900 5.000000e-01 1.805471e+03 1.608747e-01 5.283000e-05 2.606203e-09 2.427409e-09 6.726231e-14 4.363997e+11 4.095346e+11 1.134977e+07 1.330177e+11 1.248292e+11 3.459485e+06 
700 1215900 5.500000e-01 1.895736e+03 2.334511e-01 4.108000e-05 1.014160e-08 9.692588e-09 2.113413e-13 1.537175e+12 1.477778e+12 3.231414e+07 4.685511e+11 4.504466e+11 9.849755e+06 
700 1215900 6.000000e-01 1.983032e+03 3.114630e-01 3.815000e-05 3.004803e-08 2.740156e-08 5.415446e-13 4.156471e+12 4.040751e+12 7.473923e+07 1.266967e+12 1.231695e+12 2.278184e+07 
700 1215900 6.500000e-01 2.066789e+03 3.910707e-01 3.374000e-05 7.303941e-08 6.618224e-08 1.173469e-12 9.290118e+12 9.052966e+12 1.488799e+08 2.831839e+12 2.759553e+12 4.538190e+07 
700 1215900 7.000000e-01 2.147181e+03 4.687669e-01 3.081000e-05 1.541069e-07 1.409863e-07 2.272031e-12 1.818255e+13 1.783301e+13 2.664044e+08 5.542527e+12 5.435984e+12 8.120705e+07 
700 1215900 7.500000e-01 2.223081e+03 5.421179e-01 2.641000e-05 2.922752e-07 2.817435e-07 3.982750e-12 3.199116e+13 3.073498e+13 4.413833e+08 9.751872e+12 9.368970e+12 1.345468e+08 
700 1215900 8.000000e-01 2.294601e+03 6.075602e-01 2.494000e-05 5.066750e-07 4.974305e-07 6.583528e-12 5.196160e+13 5.068431e+13 6.821436e+08 1.583965e+13 1.545031e+13 2.079400e+08 
700 1215900 8.500000e-01 2.360606e+03 6.633515e-01 2.568000e-05 8.209276e-07 7.683665e-07 1.042831e-11 7.863138e+13 7.356242e+13 1.012075e+09 2.396973e+13 2.242458e+13 3.085172e+08 
700 1215900 9.000000e-01 2.419470e+03 7.049391e-01 2.348000e-05 1.247677e-06 1.238407e-06 1.540774e-11 1.124442e+14 1.112909e+14 1.409987e+09 3.427748e+13 3.392592e+13 4.298192e+08 
700 1215900 9.500000e-01 2.468529e+03 7.364073e-01 2.348000e-05 1.790972e-06 1.768079e-06 2.215154e-11 1.524825e+14 1.498822e+14 1.913422e+09 4.648309e+13 4.569047e+13 5.832910e+08 
700 1215900 1.000000e+00 2.503792e+03 7.546082e-01 2.348000e-05 2.432427e-06 2.423009e-06 3.046644e-11 1.962829e+14 1.946094e+14 2.493940e+09 5.983581e+13 5.932570e+13 7.602632e+08 
700 1215900 1.050000e+00 2.515089e+03 7.556215e-01 2.568000e-05 3.103103e-06 2.993903e-06 4.103328e-11 2.381837e+14 2.286613e+14 3.182891e+09 7.260962e+13 6.970684e+13 9.702936e+08 
700 1215900 1.100000e+00 2.499766e+03 7.406594e-01 2.787000e-05 3.698270e-06 3.558580e-06 5.227364e-11 2.701758e+14 2.579496e+14 3.863356e+09 8.236291e+13 7.863590e+13 1.177740e+09 
700 1215900 1.150000e+00 2.468355e+03 7.072480e-01 3.228000e-05 3.998621e-06 3.634618e-06 6.310674e-11 2.795916e+14 2.515139e+14 4.460002e+09 8.523393e+13 7.667461e+13 1.359637e+09 
700 1215900 1.200000e+00 2.430962e+03 6.547038e-01 3.595000e-05 3.815282e-06 3.432283e-06 6.916052e-11 2.578518e+14 2.340084e+14 4.725317e+09 7.860706e+13 7.133848e+13 1.440529e+09 
700 1215900 1.250000e+00 2.392832e+03 5.912610e-01 4.548000e-05 3.123142e-06 2.559668e-06 6.912436e-11 2.058602e+14 1.691484e+14 4.583776e+09 6.275762e+13 5.156599e+13 1.397389e+09 
700 1215900 1.300000e+00 2.353594e+03 5.226678e-01 6.089000e-05 2.126352e-06 1.515268e-06 6.014356e-11 1.378633e+14 9.727997e+13 3.910559e+09 4.202862e+13 2.965660e+13 1.192162e+09 
700 1215900 1.350000e+00 2.314757e+03 4.589943e-01 7.630000e-05 1.224231e-06 8.370512e-07 4.432529e-11 7.913039e+13 5.291752e+13 2.865066e+09 2.412357e+13 1.613241e+13 8.734396e+08 
700 1215900 1.400000e+00 2.277865e+03 4.123738e-01 9.831000e-05 6.901376e-07 3.914324e-07 3.043612e-11 4.507916e+13 2.456206e+13 1.977516e+09 1.374281e+13 7.488009e+12 6.028645e+08 
700 1215900 1.450000e+00 2.240654e+03 3.757795e-01 1.437900e-04 4.085969e-07 1.252023e-07 2.166539e-11 2.711588e+13 7.790791e+12 1.419104e+09 8.266545e+12 2.375115e+12 4.326285e+08 
700 1215900 1.500000e+00 2.204656e+03 3.480493e-01 1.892800e-04 2.602699e-07 5.339227e-08 1.595349e-11 1.753539e+13 4.549845e+12 1.033392e+09 5.345850e+12 1.387078e+12 3.150407e+08 
700 1215900 1.550000e+00 2.167752e+03 3.225155e-01 2.098200e-04 1.715500e-07 3.409258e-08 1.167571e-11 1.178704e+13 2.170839e+12 7.846365e+08 3.593409e+12 6.618096e+11 2.392055e+08 
700 1215900 1.600000e+00 2.131467e+03 3.005672e-01 2.553100e-04 1.177870e-07 1.914310e-08 8.949273e-12 8.207830e+12 1.220194e+12 6.093659e+08 2.502250e+12 3.719935e+11 1.857726e+08 
700 1215900 1.650000e+00 2.096632e+03 2.817125e-01 3.007900e-04 8.404542e-08 1.174085e-08 6.998850e-12 5.961132e+12 1.037037e+12 4.676909e+08 1.817322e+12 3.161560e+11 1.425814e+08 
700 1215900 1.700000e+00 2.061636e+03 2.641053e-01 3.462700e-04 6.082331e-08 7.456761e-09 5.472063e-12 4.383083e+12 6.256106e+11 3.729404e+08 1.336237e+12 1.907269e+11 1.136957e+08 
700 1215900 1.750000e+00 2.027161e+03 2.479679e-01 3.433400e-04 4.481625e-08 5.944289e-09 4.191214e-12 3.277945e+12 5.198871e+11 2.905861e+08 9.993220e+11 1.584957e+11 8.858900e+07 
700 1215900 1.800000e+00 1.994089e+03 2.339303e-01 3.404100e-04 3.376067e-08 4.859119e-09 3.272776e-12 2.506357e+12 4.452265e+11 2.307757e+08 7.640948e+11 1.357343e+11 7.035509e+07 



