T(K) p(Pa) phi Tf(K) SL(m/s) Xf(m) maxXCH mpXCH intXCH maxSM mpSM intSM maxCM mpCM intCM
300 101325 5.000000e-01 1.482755e+03 3.993602e-02 6.525900e-04 5.502901e-10 4.971297e-10 1.742438e-13 1.314026e+11 1.169964e+11 4.173687e+07 3.984858e+10 3.548013e+10 1.265675e+07 
300 101325 5.500000e-01 1.577890e+03 7.229371e-02 4.804700e-04 3.127580e-09 2.910080e-09 7.576020e-13 6.757227e+11 6.307176e+11 1.650787e+08 2.049737e+11 1.913238e+11 5.007388e+07 
300 101325 6.000000e-01 1.670700e+03 1.097557e-01 4.054400e-04 1.149501e-08 1.064282e-08 2.320899e-12 2.273127e+12 2.111522e+12 4.627358e+08 6.896949e+11 6.406717e+11 1.403964e+08 
300 101325 6.500000e-01 1.759329e+03 1.494888e-01 3.437500e-04 3.210350e-08 3.106439e-08 5.610024e-12 5.812579e+12 5.538230e+12 1.027424e+09 1.763971e+12 1.680744e+12 3.117899e+08 
300 101325 7.000000e-01 1.844880e+03 1.897317e-01 3.229200e-04 7.514472e-08 7.020302e-08 1.193775e-11 1.259195e+13 1.184005e+13 2.027674e+09 3.822076e+12 3.593905e+12 6.154466e+08 
300 101325 7.500000e-01 1.928468e+03 2.309456e-01 2.812500e-04 1.569630e-07 1.490834e-07 2.274560e-11 2.430207e+13 2.326909e+13 3.583470e+09 7.377776e+12 7.064277e+12 1.087856e+09 
300 101325 8.000000e-01 2.006971e+03 2.670235e-01 2.604100e-04 2.956463e-07 2.905347e-07 4.005978e-11 4.251635e+13 4.192661e+13 5.880029e+09 1.290927e+13 1.273036e+13 1.785300e+09 
300 101325 8.500000e-01 2.078822e+03 2.996322e-01 2.708300e-04 5.137039e-07 4.798440e-07 6.750144e-11 6.880972e+13 6.811051e+13 9.140316e+09 2.089560e+13 2.068353e+13 2.775573e+09 
300 101325 9.000000e-01 2.144274e+03 3.270367e-01 2.343800e-04 8.385800e-07 8.346863e-07 1.049885e-10 1.051347e+14 1.047736e+14 1.347719e+10 3.193065e+13 3.182109e+13 4.093034e+09 
300 101325 9.500000e-01 2.199070e+03 3.479451e-01 2.395900e-04 1.293932e-06 1.286623e-06 1.608383e-10 1.519597e+14 1.504478e+14 1.931833e+10 4.615724e+13 4.569841e+13 5.867688e+09 
300 101325 1.000000e+00 2.235347e+03 3.616906e-01 2.343800e-04 1.886730e-06 1.872346e-06 2.348100e-10 2.083605e+14 2.073669e+14 2.659503e+10 6.329593e+13 6.299427e+13 8.078775e+09 
300 101325 1.050000e+00 2.244566e+03 3.679479e-01 2.500000e-04 2.620561e-06 2.563505e-06 3.358055e-10 2.728403e+14 2.683733e+14 3.582172e+10 8.289188e+13 8.153558e+13 1.088271e+10 
300 101325 1.100000e+00 2.223789e+03 3.647204e-01 2.604100e-04 3.420567e-06 3.352058e-06 4.566622e-10 3.369046e+14 3.318014e+14 4.606185e+10 1.023654e+14 1.008157e+14 1.399508e+10 
300 101325 1.150000e+00 2.186239e+03 3.486073e-01 2.864600e-04 4.094096e-06 3.952470e-06 5.959089e-10 3.820685e+14 3.716602e+14 5.695037e+10 1.160990e+14 1.129376e+14 1.730510e+10 
300 101325 1.200000e+00 2.146325e+03 3.194830e-01 3.073000e-04 4.425992e-06 4.351501e-06 7.179094e-10 3.949931e+14 3.895104e+14 6.541490e+10 1.200380e+14 1.183724e+14 1.987904e+10 
300 101325 1.250000e+00 2.101672e+03 2.738243e-01 4.025100e-04 3.985447e-06 3.543820e-06 7.971258e-10 3.427045e+14 3.056727e+14 6.949537e+10 1.041569e+14 9.290311e+13 2.112109e+10 
300 101325 1.300000e+00 2.062207e+03 2.241625e-01 5.058600e-04 2.892219e-06 2.600304e-06 7.515006e-10 2.406912e+14 2.158919e+14 6.323028e+10 7.315861e+13 6.562158e+13 1.921871e+10 
300 101325 1.350000e+00 2.023201e+03 1.735522e-01 8.300800e-04 1.521153e-06 9.980341e-07 5.807181e-10 1.249703e+14 8.059169e+13 4.781229e+10 3.798731e+13 2.449798e+13 1.453342e+10 
300 101325 1.400000e+00 1.985161e+03 1.367308e-01 1.143880e-03 6.188148e-07 3.465372e-07 3.202499e-10 5.095835e+13 2.818066e+13 2.637077e+10 1.549067e+13 8.566747e+12 8.016320e+09 
300 101325 1.450000e+00 1.949572e+03 1.165039e-01 1.478520e-03 2.897195e-07 1.239999e-07 1.743111e-10 2.417600e+13 1.388674e+13 1.420792e+10 7.349467e+12 4.221662e+12 4.319168e+09 
300 101325 1.500000e+00 1.913212e+03 1.011497e-01 1.619800e-03 1.466846e-07 6.493797e-08 9.751098e-11 1.245480e+13 5.267263e+12 8.238159e+09 3.786333e+12 1.601333e+12 2.504444e+09 
300 101325 1.550000e+00 1.878564e+03 8.983518e-02 1.761060e-03 7.938334e-08 3.600522e-08 5.792236e-11 6.848309e+12 3.010613e+12 4.977450e+09 2.081977e+12 9.152991e+11 1.513208e+09 
300 101325 1.600000e+00 1.847106e+03 8.020356e-02 2.078610e-03 4.502377e-08 1.625169e-08 3.637853e-11 3.953634e+12 1.758402e+12 3.135533e+09 1.201977e+12 5.346073e+11 9.532588e+08 
300 101325 1.650000e+00 1.820357e+03 7.268037e-02 2.223630e-03 2.702107e-08 1.035698e-08 2.370571e-11 2.411479e+12 8.889724e+11 2.102164e+09 7.331454e+11 2.702801e+11 6.391072e+08 
300 101325 1.700000e+00 1.796171e+03 6.654950e-02 2.537840e-03 1.698364e-08 5.505956e-09 1.629570e-11 1.539351e+12 7.436575e+11 1.430359e+09 4.680048e+11 2.261020e+11 4.348691e+08 
300 101325 1.750000e+00 1.772278e+03 6.088776e-02 2.852050e-03 1.062879e-08 3.099486e-09 1.111418e-11 9.774385e+11 4.050234e+11 9.933747e+08 2.971713e+11 1.231458e+11 3.020182e+08 
300 101325 1.800000e+00 1.740008e+03 5.580565e-02 2.803710e-03 6.837114e-09 2.660585e-09 7.613892e-12 6.374991e+11 2.318226e+11 7.036879e+08 1.938223e+11 7.048583e+10 2.139468e+08 



300 303975 5.000000e-01 1.482635e+03 1.668843e-02 3.397200e-04 7.047191e-11 6.827756e-11 1.164367e-14 1.622167e+10 1.563670e+10 2.688050e+06 4.937493e+09 4.759445e+09 8.181766e+05 
300 303975 5.500000e-01 1.578733e+03 3.396787e-02 2.244500e-04 7.428956e-10 7.204334e-10 8.414355e-14 1.520606e+11 1.466005e+11 1.732092e+07 4.628798e+10 4.462595e+10 5.272550e+06 
300 303975 6.000000e-01 1.670111e+03 5.806767e-02 1.871600e-04 3.923496e-09 3.526826e-09 3.492118e-13 7.287763e+11 6.890636e+11 6.453640e+07 2.218608e+11 2.097717e+11 1.964667e+07 
300 303975 6.500000e-01 1.759535e+03 8.538843e-02 1.524900e-04 1.391478e-08 1.277075e-08 1.033948e-12 2.362435e+12 2.170716e+12 1.769149e+08 7.192433e+11 6.608769e+11 5.386140e+07 
300 303975 7.000000e-01 1.845644e+03 1.146707e-01 1.302500e-04 3.782901e-08 3.537777e-08 2.465310e-12 5.919868e+12 5.541887e+12 3.885524e+08 1.802416e+12 1.687340e+12 1.183014e+08 
300 303975 7.500000e-01 1.928623e+03 1.430551e-01 1.143600e-04 8.639643e-08 8.492430e-08 5.083706e-12 1.249858e+13 1.209237e+13 7.401358e+08 3.805639e+12 3.681970e+12 2.253593e+08 
300 303975 8.000000e-01 2.008045e+03 1.692872e-01 1.111900e-04 1.734793e-07 1.598217e-07 9.587333e-12 2.328417e+13 2.153425e+13 1.301134e+09 7.090046e+12 6.557233e+12 3.961937e+08 
300 303975 8.500000e-01 2.082372e+03 1.928575e-01 1.080100e-04 3.149781e-07 2.961787e-07 1.663619e-11 3.943825e+13 3.705138e+13 2.106830e+09 1.200952e+13 1.128274e+13 6.415559e+08 
300 303975 9.000000e-01 2.150953e+03 2.121397e-01 9.848000e-05 5.292595e-07 5.103331e-07 2.689667e-11 6.185401e+13 5.998274e+13 3.192278e+09 1.883622e+13 1.826645e+13 9.721288e+08 
300 303975 9.500000e-01 2.211278e+03 2.270848e-01 1.016600e-04 8.330844e-07 7.896779e-07 4.214971e-11 9.117053e+13 8.662270e+13 4.689927e+09 2.776498e+13 2.638014e+13 1.428257e+09 
300 303975 1.000000e+00 2.254297e+03 2.358075e-01 1.016600e-04 1.226692e-06 1.170065e-06 6.264919e-11 1.262744e+14 1.206639e+14 6.558310e+09 3.845698e+13 3.674840e+13 1.997323e+09 
300 303975 1.050000e+00 2.259436e+03 2.376247e-01 9.848000e-05 1.679230e-06 1.660634e-06 8.815222e-11 1.637868e+14 1.620793e+14 8.710771e+09 4.988315e+13 4.936322e+13 2.652948e+09 
300 303975 1.100000e+00 2.227708e+03 2.306478e-01 1.048400e-04 2.094831e-06 2.075589e-06 1.177724e-10 1.932279e+14 1.915675e+14 1.101090e+10 5.885186e+13 5.834624e+13 3.353593e+09 
300 303975 1.150000e+00 2.185954e+03 2.123183e-01 1.334300e-04 2.254058e-06 2.063920e-06 1.469590e-10 1.980371e+14 1.807046e+14 1.304265e+10 6.031863e+13 5.503971e+13 3.972543e+09 
300 303975 1.200000e+00 2.143699e+03 1.843100e-01 1.556600e-04 1.976899e-06 1.812334e-06 1.563629e-10 1.664024e+14 1.521752e+14 1.329687e+10 5.068494e+13 4.635162e+13 4.050108e+09 
300 303975 1.250000e+00 2.103550e+03 1.518935e-01 2.096800e-04 1.290716e-06 1.110272e-06 1.373513e-10 1.051641e+14 9.149881e+13 1.130281e+10 3.203315e+13 2.787083e+13 3.442843e+09 
300 303975 1.300000e+00 2.063354e+03 1.217673e-01 3.298500e-04 5.667228e-07 3.912504e-07 8.868972e-11 4.553381e+13 3.125257e+13 7.149018e+09 1.387004e+13 9.519907e+12 2.177656e+09 
300 303975 1.350000e+00 2.023400e+03 1.009495e-01 4.500300e-04 2.171715e-07 1.184704e-07 4.335680e-11 1.765416e+13 9.402534e+12 3.517813e+09 5.377720e+12 2.864182e+12 1.071578e+09 
300 303975 1.400000e+00 1.984625e+03 8.801379e-02 5.280200e-04 9.957947e-08 5.074308e-08 2.289509e-11 8.249836e+12 4.052776e+12 1.884504e+09 2.513054e+12 1.234566e+12 5.740548e+08 
300 303975 1.450000e+00 1.946513e+03 7.850485e-02 6.609100e-04 5.103945e-08 2.055719e-08 1.338459e-11 4.290808e+12 1.652419e+12 1.117294e+09 1.307074e+12 5.033699e+11 3.403521e+08 
300 303975 1.500000e+00 1.911452e+03 7.155233e-02 8.359700e-04 2.916122e-08 8.171554e-09 8.657147e-12 2.482051e+12 7.679426e+11 7.250082e+08 7.560930e+11 2.339381e+11 2.208557e+08 
300 303975 1.550000e+00 1.878021e+03 6.471365e-02 9.625000e-04 1.744140e-08 4.318489e-09 5.770042e-12 1.511583e+12 4.687239e+11 4.873373e+08 4.604681e+11 1.427881e+11 1.484560e+08 
300 303975 1.600000e+00 1.845236e+03 5.914459e-02 1.034140e-03 1.069437e-08 2.759098e-09 3.879336e-12 9.428690e+11 2.309793e+11 3.380892e+08 2.872247e+11 7.036418e+10 1.029918e+08 
300 303975 1.650000e+00 1.814972e+03 5.426724e-02 1.209200e-03 6.798096e-09 1.487085e-09 2.724250e-12 6.056925e+11 1.574914e+11 2.377249e+08 1.845124e+11 4.797756e+10 7.241833e+07 
300 303975 1.700000e+00 1.788085e+03 5.003093e-02 1.280850e-03 4.508552e-09 1.048487e-09 1.955690e-12 4.094588e+11 1.111029e+11 1.733030e+08 1.247338e+11 3.384613e+10 5.279366e+07 
300 303975 1.750000e+00 1.759816e+03 4.523020e-02 1.346710e-03 2.904889e-09 7.437053e-10 1.366756e-12 2.684700e+11 8.019347e+10 1.238059e+08 8.178426e+10 2.442997e+10 3.771528e+07 
300 303975 1.800000e+00 1.734697e+03 4.199520e-02 1.419510e-03 2.001875e-09 5.551020e-10 1.012368e-12 1.874696e+11 5.917584e+10 9.292230e+07 5.710931e+10 1.802729e+10 2.830727e+07 



300 607950 5.000000e-01 1.482861e+03 1.055395e-02 2.795100e-04 1.081631e-11 1.033430e-11 1.401483e-15 2.458499e+09 2.253116e+09 3.221436e+05 7.490013e+08 6.864296e+08 9.814347e+04 
300 607950 5.500000e-01 1.578483e+03 2.021645e-02 1.701300e-04 1.782255e-10 1.705635e-10 1.426552e-14 3.562364e+10 3.387807e+10 2.864116e+06 1.085354e+10 1.032172e+10 8.726160e+05 
300 607950 6.000000e-01 1.670345e+03 3.568532e-02 1.119300e-04 1.378463e-09 1.357970e-09 7.836579e-14 2.475178e+11 2.421457e+11 1.412020e+07 7.541486e+10 7.377813e+10 4.302201e+06 
300 607950 6.500000e-01 1.759919e+03 5.569942e-02 9.535000e-05 6.348503e-09 5.849461e-09 2.906614e-13 1.035735e+12 9.373221e+11 4.754606e+07 3.155833e+11 2.855980e+11 1.448702e+07 
300 607950 7.000000e-01 1.846293e+03 7.818215e-02 8.140000e-05 2.048244e-08 1.826226e-08 8.005825e-13 3.060396e+12 2.919874e+12 1.195460e+08 9.325166e+11 8.897003e+11 3.642611e+07 
300 607950 7.500000e-01 1.929368e+03 1.010903e-01 6.744000e-05 5.218139e-08 5.001191e-08 1.801167e-12 7.155780e+12 6.953380e+12 2.501396e+08 2.180461e+12 2.118789e+12 7.622060e+07 
300 607950 8.000000e-01 2.008352e+03 1.226766e-01 6.047000e-05 1.123652e-07 1.112634e-07 3.556732e-12 1.434467e+13 1.404001e+13 4.568725e+08 4.371114e+12 4.278286e+12 1.392180e+08 
300 607950 8.500000e-01 2.083605e+03 1.415437e-01 5.697000e-05 2.144610e-07 2.104892e-07 6.430294e-12 2.552333e+13 2.496136e+13 7.717836e+08 7.777654e+12 7.606418e+12 2.351828e+08 
300 607950 9.000000e-01 2.154753e+03 1.567452e-01 5.697000e-05 3.719958e-07 3.635013e-07 1.087784e-11 4.136505e+13 4.029093e+13 1.220773e+09 1.260532e+13 1.227802e+13 3.720095e+08 
300 607950 9.500000e-01 2.218680e+03 1.681561e-01 5.465000e-05 5.921650e-07 5.872921e-07 1.704483e-11 6.171503e+13 6.113602e+13 1.796314e+09 1.880701e+13 1.863057e+13 5.474060e+08 
300 607950 1.000000e+00 2.266064e+03 1.742609e-01 5.465000e-05 8.697447e-07 8.629662e-07 2.543980e-11 8.524213e+13 8.446553e+13 2.522157e+09 2.597713e+13 2.574048e+13 7.686128e+08 
300 607950 1.050000e+00 2.266388e+03 1.743598e-01 6.162000e-05 1.162825e-06 1.110386e-06 3.637363e-11 1.075299e+14 1.019564e+14 3.395948e+09 3.276981e+13 3.107136e+13 1.034915e+09 
300 607950 1.100000e+00 2.230302e+03 1.665551e-01 6.628000e-05 1.355406e-06 1.320211e-06 4.685204e-11 1.191798e+14 1.150607e+14 4.149309e+09 3.632078e+13 3.506551e+13 1.264525e+09 
300 607950 1.150000e+00 2.187523e+03 1.500958e-01 8.604000e-05 1.282429e-06 1.126195e-06 5.337279e-11 1.073410e+14 9.493710e+13 4.512677e+09 3.271340e+13 2.893327e+13 1.375288e+09 
300 607950 1.200000e+00 2.145230e+03 1.277099e-01 1.116300e-04 8.972476e-07 7.470169e-07 4.866262e-11 7.273276e+13 6.039785e+13 3.972848e+09 2.216652e+13 1.840730e+13 1.210789e+09 
300 607950 1.250000e+00 2.104977e+03 1.058448e-01 1.534900e-04 4.337417e-07 3.431084e-07 3.317238e-11 3.449624e+13 2.700897e+13 2.654764e+09 1.051344e+13 8.231572e+12 8.090936e+08 
300 607950 1.300000e+00 2.064903e+03 8.922449e-02 2.390800e-04 1.643641e-07 8.810924e-08 1.701128e-11 1.319568e+13 6.998829e+12 1.364666e+09 4.021699e+12 2.133071e+12 4.159142e+08 
300 607950 1.350000e+00 2.024525e+03 7.808544e-02 2.760700e-04 7.063758e-08 3.688258e-08 8.578463e-12 5.781672e+12 2.945012e+12 6.988824e+08 1.762115e+12 8.975745e+11 2.130025e+08 
300 607950 1.400000e+00 1.985885e+03 6.999218e-02 3.639800e-04 3.577485e-08 1.269123e-08 5.056406e-12 2.982049e+12 1.016864e+12 4.179606e+08 9.088618e+11 3.099196e+11 1.273851e+08 
300 607950 1.450000e+00 1.948184e+03 6.385920e-02 4.565500e-04 2.014149e-08 5.597650e-09 3.252248e-12 1.704474e+12 6.011725e+11 2.678352e+08 5.194881e+11 1.832264e+11 8.163062e+07 
300 607950 1.500000e+00 1.911241e+03 5.855397e-02 5.444700e-04 1.210426e-08 2.739556e-09 2.197222e-12 1.041465e+12 2.852604e+11 1.838521e+08 3.174180e+11 8.694262e+10 5.603457e+07 
300 607950 1.550000e+00 1.875640e+03 5.366607e-02 5.791300e-04 7.614456e-09 1.822549e-09 1.514148e-12 6.626879e+11 1.523027e+11 1.307055e+08 2.019751e+11 4.641951e+10 3.983666e+07 
300 607950 1.600000e+00 1.842772e+03 4.981331e-02 6.670500e-04 5.029292e-09 1.068594e-09 1.102115e-12 4.457993e+11 1.076242e+11 9.514018e+07 1.358717e+11 3.280234e+10 2.899710e+07 
300 607950 1.650000e+00 1.811249e+03 4.611873e-02 7.017000e-04 3.379087e-09 7.752577e-10 8.019187e-13 3.042014e+11 7.995538e+10 7.037569e+07 9.271551e+10 2.436935e+10 2.144938e+07 
300 607950 1.700000e+00 1.783719e+03 4.333601e-02 7.410100e-04 2.387128e-09 5.956358e-10 6.085130e-13 2.173867e+11 6.055443e+10 5.402546e+07 6.625606e+10 1.845625e+10 1.646614e+07 
300 607950 1.750000e+00 1.756536e+03 4.026846e-02 7.756700e-04 1.674383e-09 4.547734e-10 4.584307e-13 1.543280e+11 4.727403e+10 4.135712e+07 4.703686e+10 1.440858e+10 1.260505e+07 
300 607950 1.800000e+00 1.728348e+03 3.684448e-02 8.056700e-04 1.171480e-09 3.542828e-10 3.453811e-13 1.098192e+11 4.386469e+10 3.144830e+07 3.347127e+10 1.336945e+10 9.584988e+06 



300 911925 5.000000e-01 1.482820e+03 8.549292e-03 3.162000e-04 2.714595e-12 1.805892e-12 3.717226e-16 6.144942e+08 3.804298e+08 8.577124e+04 1.872683e+08 1.159367e+08 2.613891e+04 
300 911925 5.500000e-01 1.578492e+03 1.548878e-02 1.520200e-04 6.252292e-11 6.233915e-11 4.383771e-15 1.239196e+10 1.238465e+10 8.755646e+05 3.776591e+09 3.774363e+09 2.668380e+05 
300 911925 6.000000e-01 1.670506e+03 2.699594e-02 9.402000e-05 6.240559e-10 6.143651e-10 2.902333e-14 1.104344e+11 1.090760e+11 5.163402e+06 3.365707e+10 3.324307e+10 1.573647e+06 
300 911925 6.500000e-01 1.760245e+03 4.286295e-02 7.363000e-05 3.509869e-09 3.221104e-09 1.244340e-13 5.597083e+11 5.196432e+11 2.000027e+07 1.705862e+11 1.583754e+11 6.095613e+06 
300 911925 7.000000e-01 1.846425e+03 6.172870e-02 6.007000e-05 1.287134e-08 1.227026e-08 3.792261e-13 1.872910e+12 1.761775e+12 5.547127e+07 5.708313e+11 5.369600e+11 1.690669e+07 
300 911925 7.500000e-01 1.929612e+03 8.133897e-02 5.329000e-05 3.598097e-08 3.269498e-08 9.311123e-13 4.819537e+12 4.381102e+12 1.255590e+08 1.468941e+12 1.335313e+12 3.826892e+07 
300 911925 8.000000e-01 2.009295e+03 1.002952e-01 4.844000e-05 8.238157e-08 7.723611e-08 1.948160e-12 1.023546e+13 9.551596e+12 2.433483e+08 3.119705e+12 2.911272e+12 7.417092e+07 
300 911925 8.500000e-01 2.085490e+03 1.170560e-01 4.651000e-05 1.643016e-07 1.492134e-07 3.664419e-12 1.895173e+13 1.844503e+13 4.212468e+08 5.776452e+12 5.622018e+12 1.283951e+08 
300 911925 9.000000e-01 2.157876e+03 1.305578e-01 4.263000e-05 2.916866e-07 2.804549e-07 6.263578e-12 3.152035e+13 3.013364e+13 6.811490e+08 9.607479e+12 9.184819e+12 2.076155e+08 
300 911925 9.500000e-01 2.223291e+03 1.404206e-01 4.069000e-05 4.690423e-07 4.597891e-07 9.931051e-12 4.743159e+13 4.633579e+13 1.013728e+09 1.445745e+13 1.412346e+13 3.089904e+08 
300 911925 1.000000e+00 2.272643e+03 1.455041e-01 4.554000e-05 6.859512e-07 6.390753e-07 1.507469e-11 6.518886e+13 6.438353e+13 1.428043e+09 1.987023e+13 1.962477e+13 4.352812e+08 
300 911925 1.050000e+00 2.270370e+03 1.451382e-01 4.360000e-05 8.979662e-07 8.886826e-07 2.066884e-11 8.058996e+13 7.973105e+13 1.874207e+09 2.456494e+13 2.430315e+13 5.712835e+08 
300 911925 1.100000e+00 2.232407e+03 1.377743e-01 5.426000e-05 9.899556e-07 8.877912e-07 2.634427e-11 8.472184e+13 7.659102e+13 2.267697e+09 2.582471e+13 2.334634e+13 6.912332e+08 
300 911925 1.150000e+00 2.189132e+03 1.230947e-01 6.782000e-05 8.413746e-07 7.326557e-07 2.745520e-11 6.875138e+13 5.816541e+13 2.258406e+09 2.095689e+13 1.773009e+13 6.884095e+08 
300 911925 1.200000e+00 2.147387e+03 1.056948e-01 9.301000e-05 5.151642e-07 3.886461e-07 2.259960e-11 4.099908e+13 3.090216e+13 1.811250e+09 1.249752e+13 9.419758e+12 5.521129e+08 
300 911925 1.250000e+00 2.105682e+03 8.899344e-02 1.317600e-04 2.160589e-07 1.507082e-07 1.336004e-11 1.716091e+13 1.175477e+13 1.061886e+09 5.231109e+12 3.583180e+12 3.236914e+08 
300 911925 1.300000e+00 2.065436e+03 7.739863e-02 1.746000e-04 8.556469e-08 5.029741e-08 6.617931e-12 6.883306e+12 3.923762e+12 5.317448e+08 2.098230e+12 1.196080e+12 1.620910e+08 
300 911925 1.350000e+00 2.026744e+03 6.940952e-02 2.174300e-04 4.072355e-08 1.941237e-08 3.693210e-12 3.341547e+12 1.520411e+12 3.009483e+08 1.018604e+12 4.634692e+11 9.173808e+07 
300 911925 1.400000e+00 1.986266e+03 6.256870e-02 2.826500e-04 2.146763e-08 6.832783e-09 2.259142e-12 1.797215e+12 5.460770e+11 1.872856e+08 5.478468e+11 1.664622e+11 5.709048e+07 
300 911925 1.450000e+00 1.948547e+03 5.755177e-02 3.478700e-04 1.274183e-08 3.005618e-09 1.519314e-12 1.083325e+12 3.031170e+11 1.265354e+08 3.302319e+11 9.240037e+10 3.857207e+07 
300 911925 1.500000e+00 1.911187e+03 5.284132e-02 3.926400e-04 7.959784e-09 1.847183e-09 1.053789e-12 6.885430e+11 1.786686e+11 8.906179e+07 2.098905e+11 5.446443e+10 2.714897e+07 
300 911925 1.550000e+00 1.875339e+03 4.898255e-02 4.335400e-04 5.239041e-09 1.179349e-09 7.590976e-13 4.595400e+11 1.125559e+11 6.512318e+07 1.400832e+11 3.431106e+10 1.985175e+07 
300 911925 1.600000e+00 1.841932e+03 4.568138e-02 4.257900e-04 3.581343e-09 1.065361e-09 5.558818e-13 3.184482e+11 8.863146e+10 4.878748e+07 9.707394e+10 2.701811e+10 1.487211e+07 
300 911925 1.650000e+00 1.810661e+03 4.273173e-02 4.666800e-04 2.515378e-09 7.339998e-10 4.235025e-13 2.263222e+11 8.201100e+10 3.703971e+07 6.899087e+10 2.499999e+10 1.129101e+07 
300 911925 1.700000e+00 1.780854e+03 3.971803e-02 5.037000e-04 1.772278e-09 5.170653e-10 3.246761e-13 1.626668e+11 5.894345e+10 2.892338e+07 4.958655e+10 1.796818e+10 8.816876e+06 
300 911925 1.750000e+00 1.753223e+03 3.712730e-02 4.959500e-04 1.278255e-09 4.839006e-10 2.486303e-13 1.179655e+11 4.306782e+10 2.279032e+07 3.596012e+10 1.312871e+10 6.947312e+06 
300 911925 1.800000e+00 1.727997e+03 3.486269e-02 5.329700e-04 9.354030e-10 3.524974e-10 1.961056e-13 8.776102e+10 3.166755e+10 1.820425e+07 2.675272e+10 9.653490e+09 5.549319e+06 



300 1215900 5.000000e-01 1.482756e+03 7.481994e-03 3.528500e-04 8.926000e-13 6.080341e-13 1.507228e-16 2.015351e+08 1.344730e+08 3.509845e+04 6.142765e+07 4.098720e+07 1.069795e+04 
300 1215900 5.500000e-01 1.578318e+03 1.327559e-02 1.399200e-04 2.682803e-11 2.432061e-11 1.806987e-15 5.290958e+09 4.579076e+09 3.623205e+05 1.612716e+09 1.395730e+09 1.104374e+05 
300 1215900 6.000000e-01 1.670152e+03 2.270732e-02 8.564000e-05 3.262348e-10 3.258278e-10 1.351113e-14 5.712165e+10 5.705698e+10 2.384784e+06 1.741139e+10 1.739168e+10 7.269112e+05 
300 1215900 6.500000e-01 1.760373e+03 3.570884e-02 6.299000e-05 2.150638e-09 2.060272e-09 6.506749e-14 3.398398e+11 3.215915e+11 1.031016e+07 1.035892e+11 9.802682e+10 3.142715e+06 
300 1215900 7.000000e-01 1.846321e+03 5.211381e-02 4.938000e-05 8.794573e-09 8.346316e-09 2.147772e-13 1.259315e+12 1.181500e+12 3.095454e+07 3.838675e+11 3.601480e+11 9.435631e+06 
300 1215900 7.500000e-01 1.929971e+03 6.968456e-02 4.256000e-05 2.662340e-08 2.557173e-08 5.604860e-13 3.508284e+12 3.319119e+12 7.418191e+07 1.069419e+12 1.011757e+12 2.261260e+07 
300 1215900 8.000000e-01 2.010205e+03 8.683602e-02 3.830000e-05 6.445005e-08 6.172840e-08 1.227421e-12 7.842398e+12 7.529907e+12 1.505850e+08 2.390600e+12 2.295347e+12 4.590283e+07 
300 1215900 8.500000e-01 2.086801e+03 1.024008e-01 3.660000e-05 1.328376e-07 1.212967e-07 2.378734e-12 1.502015e+13 1.374674e+13 2.711794e+08 4.578649e+12 4.190476e+12 8.266457e+07 
300 1215900 9.000000e-01 2.159796e+03 1.150512e-01 3.319000e-05 2.409158e-07 2.311517e-07 4.131569e-12 2.545941e+13 2.445729e+13 4.402110e+08 7.760967e+12 7.455491e+12 1.341924e+08 
300 1215900 9.500000e-01 2.224716e+03 1.236487e-01 3.575000e-05 3.897689e-07 3.614175e-07 6.727175e-12 3.862048e+13 3.815146e+13 6.621200e+08 1.177306e+13 1.163009e+13 2.018403e+08 
300 1215900 1.000000e+00 2.275569e+03 1.280899e-01 3.575000e-05 5.671384e-07 5.240095e-07 1.004776e-11 5.294756e+13 4.866417e+13 9.440050e+08 1.614067e+13 1.483493e+13 2.877727e+08 
300 1215900 1.050000e+00 2.272069e+03 1.275495e-01 3.746000e-05 7.290089e-07 6.837558e-07 1.386380e-11 6.420353e+13 5.987451e+13 1.229588e+09 1.957216e+13 1.825250e+13 3.748340e+08 
300 1215900 1.100000e+00 2.233647e+03 1.209518e-01 4.426000e-05 7.674475e-07 6.954116e-07 1.685748e-11 6.430639e+13 5.780105e+13 1.421520e+09 1.960369e+13 1.762058e+13 4.333478e+08 
300 1215900 1.150000e+00 2.178116e+03 1.070796e-01 5.618000e-05 5.872064e-07 5.218357e-07 1.623314e-11 4.763580e+13 4.186222e+13 1.322829e+09 1.452182e+13 1.276176e+13 4.032654e+08 
300 1215900 1.200000e+00 2.148190e+03 9.344392e-02 7.660000e-05 3.345648e-07 2.703701e-07 1.253294e-11 2.647473e+13 2.135041e+13 9.963660e+08 8.070910e+12 6.508756e+12 3.037453e+08 
300 1215900 1.250000e+00 2.107369e+03 8.055866e-02 1.191700e-04 1.363307e-07 8.015446e-08 7.096790e-12 1.080074e+13 7.047824e+12 5.583806e+08 3.292660e+12 2.148570e+12 1.702251e+08 
300 1215900 1.300000e+00 2.066748e+03 7.119461e-02 1.384000e-04 5.717871e-08 3.388351e-08 3.569140e-12 4.614157e+12 2.719345e+12 2.876813e+08 1.406654e+12 8.290116e+11 8.770141e+07 
300 1215900 1.350000e+00 2.026726e+03 6.418227e-02 1.836600e-04 2.829077e-08 1.183482e-08 2.078019e-12 2.334597e+12 9.258043e+11 1.698474e+08 7.117184e+11 2.822392e+11 5.177919e+07 
300 1215900 1.400000e+00 1.988146e+03 5.878671e-02 2.272200e-04 1.603858e-08 5.056534e-09 1.345009e-12 1.343798e+12 4.063205e+11 1.116158e+08 4.096674e+11 1.238706e+11 3.402696e+07 
300 1215900 1.450000e+00 1.950344e+03 5.433683e-02 2.690800e-04 9.874727e-09 2.466193e-09 9.276760e-13 8.396288e+11 2.572923e+11 7.697059e+07 2.559680e+11 7.843819e+10 2.346516e+07 
300 1215900 1.500000e+00 1.912697e+03 5.019800e-02 2.900100e-04 6.356217e-09 1.728069e-09 6.554127e-13 5.493504e+11 1.408838e+11 5.598323e+07 1.674745e+11 4.294998e+10 1.706702e+07 
300 1215900 1.550000e+00 1.875969e+03 4.646221e-02 3.075300e-04 4.240156e-09 1.242981e-09 4.765225e-13 3.725852e+11 1.055423e+11 4.142447e+07 1.135862e+11 3.217578e+10 1.262866e+07 
300 1215900 1.600000e+00 1.841083e+03 4.311121e-02 3.284700e-04 2.916218e-09 9.486086e-10 3.557052e-13 2.600976e+11 7.971383e+10 3.136272e+07 7.929339e+10 2.430171e+10 9.561252e+06 
300 1215900 1.650000e+00 1.809268e+03 4.041055e-02 3.459900e-04 2.076351e-09 7.254760e-10 2.737016e-13 1.879353e+11 6.184998e+10 2.445699e+07 5.729408e+10 1.885573e+10 7.455979e+06 
300 1215900 1.700000e+00 1.779383e+03 3.805330e-02 3.635100e-04 1.509324e-09 5.696182e-10 2.140201e-13 1.380519e+11 4.914339e+10 1.937184e+07 4.208664e+10 1.498199e+10 5.905724e+06 
300 1215900 1.750000e+00 1.751921e+03 3.578384e-02 4.053700e-04 1.107784e-09 3.936964e-10 1.704124e-13 1.024377e+11 4.682139e+10 1.534486e+07 3.122930e+10 1.427411e+10 4.678059e+06 
300 1215900 1.800000e+00 1.726487e+03 3.372982e-02 3.951500e-04 8.252109e-10 3.621859e-10 1.348111e-13 7.737216e+10 3.277072e+10 1.253434e+07 2.358781e+10 9.990592e+09 3.821242e+06 



500 101325 5.000000e-01 1.641908e+03 1.952269e-01 4.375000e-04 5.728461e-09 5.174645e-09 1.208488e-12 1.229438e+12 1.084120e+12 2.611388e+08 3.728826e+11 3.288167e+11 7.920010e+07 
500 101325 5.500000e-01 1.734833e+03 2.804967e-01 3.718700e-04 1.848906e-08 1.643365e-08 3.303929e-12 3.618793e+12 3.465037e+12 6.470107e+08 1.097844e+12 1.051220e+12 1.962795e+08 
500 101325 6.000000e-01 1.824829e+03 3.703576e-01 3.281200e-04 4.805482e-08 4.331304e-08 7.573861e-12 8.623660e+12 8.379200e+12 1.359378e+09 2.616790e+12 2.542655e+12 4.124788e+08 
500 101325 6.500000e-01 1.911300e+03 4.594653e-01 2.916700e-04 1.071137e-07 9.785869e-08 1.526201e-11 1.769759e+13 1.605587e+13 2.562111e+09 5.371267e+12 4.873151e+12 7.775787e+08 
500 101325 7.000000e-01 1.992417e+03 5.455038e-01 2.479200e-04 2.125442e-07 2.086274e-07 2.772608e-11 3.251030e+13 3.169379e+13 4.321555e+09 9.868723e+12 9.621025e+12 1.311783e+09 
500 101325 7.500000e-01 2.069060e+03 6.237774e-01 2.552100e-04 3.858585e-07 3.508731e-07 4.815477e-11 5.483216e+13 5.449503e+13 6.877668e+09 1.664728e+13 1.654503e+13 2.087996e+09 
500 101325 8.000000e-01 2.140227e+03 6.953574e-01 2.333300e-04 6.569836e-07 6.315289e-07 7.780713e-11 8.663323e+13 8.300476e+13 1.052444e+10 2.630609e+13 2.520471e+13 3.195581e+09 
500 101325 8.500000e-01 2.204345e+03 7.573170e-01 2.406300e-04 1.054961e-06 9.945573e-07 1.222121e-10 1.302660e+14 1.302653e+14 1.514568e+10 3.956024e+13 3.956004e+13 4.599346e+09 
500 101325 9.000000e-01 2.258251e+03 8.064164e-01 2.114600e-04 1.604569e-06 1.594298e-06 1.790738e-10 1.850597e+14 1.848480e+14 2.129410e+10 5.620656e+13 5.614303e+13 6.467232e+09 
500 101325 9.500000e-01 2.302708e+03 8.461697e-01 2.114600e-04 2.352776e-06 2.338659e-06 2.611707e-10 2.547125e+14 2.547125e+14 2.918461e+10 7.737131e+13 7.737131e+13 8.864670e+09 
500 101325 1.000000e+00 2.334644e+03 8.748127e-01 2.041600e-04 3.309827e-06 3.305405e-06 3.665976e-10 3.396392e+14 3.370506e+14 3.863405e+10 1.031787e+14 1.023929e+14 1.173613e+10 
500 101325 1.050000e+00 2.346182e+03 8.845996e-01 2.333300e-04 4.439720e-06 4.299616e-06 5.126205e-10 4.302159e+14 4.148427e+14 5.095631e+10 1.307077e+14 1.260387e+14 1.548087e+10 
500 101325 1.100000e+00 2.335504e+03 8.738339e-01 2.260400e-04 5.657665e-06 5.618120e-06 6.701949e-10 5.188544e+14 5.171977e+14 6.325735e+10 1.576512e+14 1.571493e+14 1.921980e+10 
500 101325 1.150000e+00 2.310033e+03 8.477343e-01 2.406300e-04 6.877306e-06 6.707328e-06 8.647298e-10 5.999089e+14 5.874419e+14 7.755642e+10 1.822949e+14 1.785094e+14 2.356651e+10 
500 101325 1.200000e+00 2.274311e+03 7.976089e-01 2.552000e-04 7.778236e-06 7.600273e-06 1.064021e-09 6.494183e+14 6.419306e+14 9.137089e+10 1.973563e+14 1.950828e+14 2.776662e+10 
500 101325 1.250000e+00 2.236508e+03 7.299190e-01 2.989600e-04 8.056043e-06 7.684010e-06 1.254743e-09 6.465204e+14 6.163696e+14 1.028271e+11 1.964920e+14 1.873314e+14 3.125077e+10 
500 101325 1.300000e+00 2.198460e+03 6.398951e-01 3.645900e-04 7.340988e-06 6.644984e-06 1.362204e-09 5.707019e+14 5.242726e+14 1.078967e+11 1.734627e+14 1.593528e+14 3.279405e+10 
500 101325 1.350000e+00 2.160382e+03 5.414406e-01 4.520800e-04 5.709854e-06 5.001545e-06 1.336710e-09 4.314238e+14 3.819774e+14 1.025647e+11 1.311396e+14 1.161111e+14 3.117596e+10 
500 101325 1.400000e+00 2.120867e+03 4.384730e-01 7.248700e-04 3.476436e-06 2.144246e-06 1.142939e-09 2.592133e+14 2.041496e+14 8.387497e+10 7.879781e+13 6.206046e+13 2.549677e+10 
500 101325 1.450000e+00 2.083895e+03 3.583724e-01 1.073560e-03 1.763889e-06 7.939338e-07 7.912777e-10 1.316922e+14 5.769395e+13 5.886340e+10 4.003491e+13 1.753976e+13 1.789463e+10 
500 101325 1.500000e+00 2.047955e+03 3.058315e-01 1.236980e-03 9.233457e-07 4.186055e-07 4.793468e-10 6.984057e+13 3.045744e+13 3.604093e+10 2.123244e+13 9.259808e+12 1.095689e+10 
500 101325 1.550000e+00 2.014009e+03 2.719063e-01 1.400390e-03 5.326658e-07 2.251289e-07 3.056517e-10 4.071981e+13 1.651221e+13 2.323679e+10 1.237964e+13 5.020285e+12 7.064486e+09 
500 101325 1.600000e+00 1.979080e+03 2.425915e-01 1.549220e-03 3.163152e-07 1.224216e-07 1.980241e-10 2.457331e+13 9.317304e+12 1.531175e+10 7.470910e+12 2.832846e+12 4.655194e+09 
500 101325 1.650000e+00 1.947218e+03 2.203886e-01 1.905200e-03 1.993458e-07 5.553972e-08 1.373113e-10 1.574193e+13 5.563799e+12 1.059176e+10 4.786055e+12 1.691660e+12 3.220242e+09 
500 101325 1.700000e+00 1.917160e+03 2.020386e-01 2.068620e-03 1.278778e-07 3.497352e-08 9.490420e-11 1.020982e+13 2.682228e+12 7.535326e+09 3.104178e+12 8.155448e+11 2.291031e+09 
500 101325 1.750000e+00 1.887829e+03 1.840975e-01 2.424610e-03 8.226619e-08 1.816989e-08 6.666581e-11 6.716795e+12 1.727557e+12 5.303416e+09 2.042176e+12 5.252797e+11 1.612463e+09 
500 101325 1.800000e+00 1.860700e+03 1.700374e-01 2.573440e-03 5.450106e-08 1.215897e-08 4.723708e-11 4.511259e+12 1.172799e+12 3.818088e+09 1.371615e+12 3.566060e+11 1.160876e+09 



500 303975 5.000000e-01 1.641424e+03 1.003329e-01 1.998800e-04 1.726201e-09 1.560273e-09 1.638212e-13 3.491972e+11 3.422947e+11 3.279392e+07 1.062925e+11 1.041916e+11 9.982111e+06 
500 303975 5.500000e-01 1.734878e+03 1.577781e-01 1.472900e-04 7.395864e-09 6.970128e-09 5.589959e-13 1.356275e+12 1.291011e+12 1.036620e+08 4.128737e+11 3.930074e+11 3.155627e+07 
500 303975 6.000000e-01 1.824132e+03 2.207079e-01 1.236200e-04 2.271502e-08 2.229204e-08 1.459975e-12 3.816956e+12 3.742273e+12 2.476748e+08 1.162031e+12 1.139299e+12 7.540135e+07 
500 303975 6.500000e-01 1.910469e+03 2.861489e-01 1.104600e-04 5.676274e-08 5.524474e-08 3.249733e-12 8.756186e+12 8.501429e+12 5.076284e+08 2.665899e+12 2.588351e+12 1.545509e+08 
500 303975 7.000000e-01 1.993543e+03 3.491171e-01 9.994000e-05 1.225205e-07 1.189300e-07 6.402755e-12 1.746489e+13 1.691916e+13 9.264391e+08 5.317646e+12 5.151518e+12 2.820767e+08 
500 303975 7.500000e-01 2.072797e+03 4.090090e-01 9.731000e-05 2.373475e-07 2.267212e-07 1.167342e-11 3.146447e+13 3.004158e+13 1.568992e+09 9.580709e+12 9.147496e+12 4.777419e+08 
500 303975 8.000000e-01 2.145935e+03 4.638544e-01 9.205000e-05 4.219622e-07 4.091289e-07 1.968425e-11 5.212020e+13 5.056570e+13 2.469638e+09 1.587095e+13 1.539769e+13 7.520147e+08 
500 303975 8.500000e-01 2.214225e+03 5.108401e-01 8.416000e-05 6.994735e-07 6.956867e-07 3.120432e-11 8.077149e+13 8.007579e+13 3.669039e+09 2.459657e+13 2.438475e+13 1.117285e+09 
500 303975 9.000000e-01 2.275198e+03 5.494156e-01 8.416000e-05 1.093277e-06 1.062977e-06 4.811897e-11 1.185983e+14 1.147140e+14 5.305789e+09 3.611703e+13 3.493429e+13 1.615769e+09 
500 303975 9.500000e-01 2.326333e+03 5.790923e-01 8.679000e-05 1.629138e-06 1.588024e-06 7.137763e-11 1.655964e+14 1.620368e+14 7.405992e+09 5.043138e+13 4.934747e+13 2.255425e+09 
500 303975 1.000000e+00 2.361337e+03 5.965489e-01 8.416000e-05 2.295428e-06 2.239483e-06 1.012565e-10 2.210848e+14 2.144287e+14 9.914515e+09 6.733233e+13 6.530544e+13 3.019480e+09 
500 303975 1.050000e+00 2.372031e+03 6.016360e-01 8.416000e-05 3.075681e-06 3.075681e-06 1.383229e-10 2.800929e+14 2.787618e+14 1.282750e+10 8.530627e+13 8.490098e+13 3.906763e+09 
500 303975 1.100000e+00 2.353775e+03 5.913765e-01 8.942000e-05 3.861962e-06 3.808716e-06 1.841855e-10 3.333329e+14 3.274946e+14 1.618680e+10 1.015245e+14 9.974661e+13 4.930040e+09 
500 303975 1.150000e+00 2.322107e+03 5.657241e-01 9.468000e-05 4.495240e-06 4.452881e-06 2.311499e-10 3.693915e+14 3.648995e+14 1.934899e+10 1.125104e+14 1.111426e+14 5.893335e+09 
500 303975 1.200000e+00 2.283314e+03 5.194260e-01 1.078300e-04 4.649450e-06 4.535673e-06 2.724958e-10 3.669307e+14 3.603858e+14 2.187077e+10 1.117643e+14 1.097711e+14 6.661624e+09 
500 303975 1.250000e+00 2.242659e+03 4.566299e-01 1.420300e-04 4.110103e-06 3.742434e-06 2.949200e-10 3.121629e+14 2.821397e+14 2.268418e+10 9.508521e+13 8.594053e+13 6.909589e+09 
500 303975 1.300000e+00 2.202259e+03 3.857905e-01 1.920000e-04 2.929693e-06 2.367153e-06 2.739244e-10 2.163308e+14 1.725278e+14 2.043273e+10 6.589636e+13 5.255390e+13 6.223968e+09 
500 303975 1.350000e+00 2.163148e+03 3.165482e-01 2.577500e-04 1.605116e-06 1.170285e-06 2.053407e-10 1.174575e+14 8.482182e+13 1.508008e+10 3.577938e+13 2.583825e+13 4.593614e+09 
500 303975 1.400000e+00 2.125759e+03 2.669120e-01 3.734700e-04 7.553054e-07 4.213103e-07 1.260789e-10 5.562966e+13 3.008962e+13 9.245693e+09 1.694591e+13 9.166022e+12 2.816424e+09 
500 303975 1.450000e+00 2.088616e+03 2.346651e-01 5.017100e-04 3.879570e-07 1.476910e-07 7.616890e-11 2.884512e+13 1.718897e+13 5.446862e+09 8.786923e+12 5.236239e+12 1.659244e+09 
500 303975 1.500000e+00 2.051057e+03 2.089870e-01 5.826000e-04 2.140709e-07 6.968888e-08 4.737783e-11 1.623968e+13 5.109635e+12 3.562867e+09 4.947036e+12 1.556556e+12 1.085344e+09 
500 303975 1.550000e+00 2.014063e+03 1.893636e-01 7.654200e-04 1.258939e-07 2.613103e-08 3.174463e-11 9.724621e+12 2.729336e+12 2.369389e+09 2.962397e+12 8.314501e+11 7.217850e+08 
500 303975 1.600000e+00 1.978637e+03 1.736425e-01 8.515700e-04 7.855622e-08 1.595310e-08 2.182587e-11 6.150860e+12 1.172326e+12 1.683624e+09 1.873740e+12 3.571348e+11 5.128853e+08 
500 303975 1.650000e+00 1.944688e+03 1.605799e-01 1.034390e-03 5.094771e-08 8.147158e-09 1.574771e-11 4.042499e+12 7.582904e+11 1.208998e+09 1.231476e+12 2.310057e+11 3.683017e+08 
500 303975 1.700000e+00 1.911975e+03 1.486823e-01 1.217210e-03 3.369953e-08 4.681524e-09 1.148965e-11 2.717547e+12 4.111347e+11 8.954946e+08 8.278585e+11 1.252491e+11 2.727998e+08 
500 303975 1.750000e+00 1.881637e+03 1.385139e-01 1.292830e-03 2.306480e-08 3.168527e-09 8.409584e-12 1.885155e+12 2.781523e+11 6.649288e+08 5.742853e+11 8.473759e+10 2.025623e+08 
500 303975 1.800000e+00 1.853606e+03 1.288919e-01 1.282310e-03 1.601651e-08 2.637256e-09 6.181111e-12 1.324885e+12 2.020136e+11 5.027919e+08 4.036082e+11 6.154267e+10 1.531700e+08 



500 607950 5.000000e-01 1.641629e+03 6.105249e-02 1.234500e-04 5.500807e-10 5.344623e-10 3.420045e-14 1.079458e+11 1.060425e+11 6.783522e+06 3.288736e+10 3.230750e+10 2.066700e+06 
500 607950 5.500000e-01 1.734517e+03 1.013863e-01 9.258000e-05 3.135254e-09 3.061297e-09 1.475870e-13 5.537027e+11 5.354810e+11 2.619893e+07 1.687015e+11 1.631499e+11 7.982238e+06 
500 607950 6.000000e-01 1.824992e+03 1.490590e-01 8.157000e-05 1.182079e-08 1.040915e-08 4.633826e-13 1.896494e+12 1.861371e+12 7.382708e+07 5.778428e+11 5.671416e+11 2.249430e+07 
500 607950 6.500000e-01 1.910942e+03 2.005637e-01 6.393000e-05 3.342830e-08 3.212618e-08 1.122945e-12 4.909162e+12 4.774377e+12 1.671418e+08 1.495820e+12 1.454755e+12 5.092791e+07 
500 607950 7.000000e-01 1.993162e+03 2.522075e-01 5.732000e-05 7.866983e-08 7.702303e-08 2.376550e-12 1.065079e+13 1.047899e+13 3.267932e+08 3.245391e+12 3.193043e+12 9.957637e+07 
500 607950 7.500000e-01 2.072608e+03 3.011287e-01 5.511000e-05 1.614109e-07 1.557683e-07 4.538539e-12 2.035188e+13 1.951759e+13 5.781664e+08 6.201553e+12 5.947343e+12 1.761761e+08 
500 607950 8.000000e-01 2.147162e+03 3.464192e-01 5.070000e-05 2.987967e-07 2.955538e-07 7.894713e-12 3.514071e+13 3.454738e+13 9.382762e+08 1.070820e+13 1.052741e+13 2.859137e+08 
500 607950 8.500000e-01 2.217586e+03 3.849802e-01 5.290000e-05 5.111538e-07 4.756545e-07 1.317532e-11 5.618045e+13 5.510034e+13 1.445006e+09 1.711987e+13 1.679076e+13 4.403349e+08 
500 607950 9.000000e-01 2.281676e+03 4.168869e-01 4.519000e-05 8.162951e-07 8.118748e-07 2.007893e-11 8.412227e+13 8.380983e+13 2.101998e+09 2.563509e+13 2.553989e+13 6.405520e+08 
500 607950 9.500000e-01 2.336440e+03 4.410932e-01 4.629000e-05 1.224880e-06 1.215164e-06 3.016161e-11 1.186412e+14 1.171233e+14 2.961903e+09 3.615490e+13 3.569242e+13 9.026122e+08 
500 607950 1.000000e+00 2.374760e+03 4.538139e-01 4.629000e-05 1.723686e-06 1.719150e-06 4.296158e-11 1.574568e+14 1.565644e+14 3.984763e+09 4.798450e+13 4.771258e+13 1.214340e+09 
500 607950 1.050000e+00 2.384049e+03 4.556647e-01 5.401000e-05 2.274331e-06 2.138337e-06 6.024054e-11 1.967013e+14 1.836514e+14 5.274390e+09 5.994510e+13 5.596832e+13 1.607376e+09 
500 607950 1.100000e+00 2.361517e+03 4.445990e-01 5.070000e-05 2.771621e-06 2.752188e-06 7.682287e-11 2.280411e+14 2.268993e+14 6.421100e+09 6.949714e+13 6.914923e+13 1.956869e+09 
500 607950 1.150000e+00 2.324294e+03 4.176725e-01 6.503000e-05 3.009126e-06 2.732056e-06 9.594583e-11 2.364364e+14 2.124191e+14 7.612587e+09 7.205677e+13 6.473746e+13 2.320021e+09 
500 607950 1.200000e+00 2.282925e+03 3.754987e-01 7.715000e-05 2.770087e-06 2.425444e-06 1.045822e-10 2.088446e+14 1.840858e+14 7.985174e+09 6.364879e+13 5.610340e+13 2.433609e+09 
500 607950 1.250000e+00 2.241563e+03 3.241025e-01 9.700000e-05 2.050732e-06 1.747215e-06 9.807319e-11 1.503604e+14 1.276934e+14 7.257348e+09 4.582542e+13 3.891734e+13 2.211824e+09 
500 607950 1.300000e+00 2.202155e+03 2.747248e-01 1.322700e-04 1.173562e-06 8.856540e-07 7.588263e-11 8.476280e+13 6.295719e+13 5.501048e+09 2.583353e+13 1.918783e+13 1.676577e+09 
500 607950 1.350000e+00 2.163531e+03 2.334768e-01 1.962000e-04 5.388993e-07 2.978682e-07 4.658825e-11 3.911493e+13 2.084781e+13 3.368877e+09 1.192134e+13 6.353979e+12 1.026756e+09 
500 607950 1.400000e+00 2.124451e+03 2.054259e-01 2.601200e-04 2.609870e-07 1.030525e-07 2.708714e-11 1.924171e+13 1.038076e+13 1.939143e+09 5.864473e+12 3.163862e+12 5.910102e+08 
500 607950 1.450000e+00 2.089044e+03 1.853418e-01 3.262600e-04 1.457503e-07 4.429165e-08 1.742528e-11 1.091067e+13 4.228708e+12 1.269555e+09 3.325360e+12 1.288839e+12 3.869357e+08 
500 607950 1.500000e+00 2.052299e+03 1.699084e-01 4.011300e-04 8.704030e-08 1.938746e-08 1.180850e-11 6.616936e+12 1.381497e+12 8.853316e+08 2.016720e+12 4.210599e+11 2.698333e+08 
500 607950 1.550000e+00 2.016348e+03 1.557565e-01 4.935500e-04 5.493138e-08 9.580420e-09 8.388295e-12 4.251892e+12 8.805602e+11 6.271597e+08 1.295902e+12 2.683827e+11 1.911477e+08 
500 607950 1.600000e+00 1.981091e+03 1.445924e-01 5.375500e-04 3.604167e-08 6.526300e-09 6.042166e-12 2.841377e+12 4.753314e+11 4.658851e+08 8.660049e+11 1.448752e+11 1.419945e+08 
500 607950 1.650000e+00 1.946322e+03 1.337736e-01 6.255600e-04 2.441106e-08 3.738441e-09 4.479679e-12 1.944635e+12 3.323309e+11 3.461032e+08 5.926935e+11 1.012907e+11 1.054871e+08 
500 607950 1.700000e+00 1.913011e+03 1.245535e-01 7.179800e-04 1.693516e-08 2.279131e-09 3.383058e-12 1.375035e+12 2.325720e+11 2.617636e+08 4.190899e+11 7.088555e+10 7.978187e+07 
500 607950 1.750000e+00 1.881489e+03 1.164909e-01 7.091700e-04 1.201972e-08 1.908679e-09 2.527360e-12 9.895378e+11 1.685623e+11 2.014505e+08 3.015970e+11 5.137619e+10 6.139943e+07 
500 607950 1.800000e+00 1.851813e+03 1.091632e-01 7.003500e-04 8.700136e-09 1.595154e-09 1.915959e-12 7.245071e+11 1.477677e+11 1.550981e+08 2.208200e+11 4.503826e+10 4.727194e+07 



500 911925 5.000000e-01 1.641804e+03 4.650858e-02 1.045500e-04 2.378644e-10 2.341106e-10 1.222492e-14 4.612946e+10 4.587953e+10 2.395601e+06 1.405828e+10 1.398212e+10 7.300755e+05 
500 911925 5.500000e-01 1.734682e+03 7.755414e-02 7.439000e-05 1.652023e-09 1.601509e-09 6.130902e-14 2.856738e+11 2.801394e+11 1.070942e+07 8.706365e+10 8.537703e+10 3.263862e+06 
500 911925 6.000000e-01 1.824356e+03 1.167642e-01 6.233000e-05 7.218043e-09 6.500587e-09 2.153886e-13 1.130551e+12 1.099898e+12 3.381354e+07 3.445622e+11 3.352199e+11 1.030545e+07 
500 911925 6.500000e-01 1.911162e+03 1.606897e-01 5.127000e-05 2.264585e-08 2.102547e-08 5.732199e-13 3.253478e+12 3.018354e+12 8.289995e+07 9.915951e+11 9.199357e+11 2.526620e+07 
500 911925 7.000000e-01 1.994770e+03 2.056948e-01 4.524000e-05 5.733070e-08 5.435509e-08 1.289693e-12 7.587917e+12 7.186758e+12 1.718923e+08 2.312689e+12 2.190426e+12 5.239022e+07 
500 911925 7.500000e-01 2.074612e+03 2.501136e-01 4.323000e-05 1.235682e-07 1.143300e-07 2.564654e-12 1.513205e+13 1.362350e+13 3.156194e+08 4.612114e+12 4.152333e+12 9.619781e+07 
500 911925 8.000000e-01 2.151356e+03 2.898389e-01 3.820000e-05 2.378777e-07 2.264348e-07 4.604526e-12 2.713967e+13 2.569646e+13 5.293835e+08 8.272058e+12 7.832191e+12 1.613536e+08 
500 911925 8.500000e-01 2.222787e+03 3.249259e-01 3.619000e-05 4.157350e-07 3.942514e-07 7.709754e-12 4.432128e+13 4.177792e+13 8.287283e+08 1.350913e+13 1.273394e+13 2.525960e+08 
500 911925 9.000000e-01 2.288682e+03 3.527116e-01 3.418000e-05 6.734033e-07 6.638975e-07 1.211621e-11 6.719918e+13 6.599936e+13 1.223064e+09 2.048259e+13 2.011690e+13 3.727943e+08 
500 911925 9.500000e-01 2.345039e+03 3.727011e-01 3.518000e-05 1.014462e-06 9.899916e-07 1.830178e-11 9.509066e+13 9.298650e+13 1.737943e+09 2.898437e+13 2.834306e+13 5.297378e+08 
500 911925 1.000000e+00 2.385621e+03 3.842861e-01 3.518000e-05 1.426163e-06 1.402473e-06 2.610293e-11 1.263350e+14 1.243387e+14 2.341419e+09 3.850836e+13 3.789992e+13 7.136900e+08 
500 911925 1.050000e+00 2.393423e+03 3.848371e-01 3.820000e-05 1.858063e-06 1.790927e-06 3.591652e-11 1.558457e+14 1.495029e+14 3.046867e+09 4.750406e+13 4.557079e+13 9.287289e+08 
500 911925 1.100000e+00 2.366863e+03 3.732518e-01 4.021000e-05 2.196181e-06 2.148643e-06 4.583417e-11 1.751704e+14 1.705798e+14 3.698534e+09 5.339515e+13 5.199590e+13 1.127379e+09 
500 911925 1.150000e+00 2.327831e+03 3.481549e-01 4.825000e-05 2.239643e-06 2.005421e-06 5.397315e-11 1.713810e+14 1.555740e+14 4.172010e+09 5.224061e+13 4.742242e+13 1.271717e+09 
500 911925 1.200000e+00 2.287414e+03 3.122311e-01 6.031000e-05 1.897357e-06 1.599602e-06 5.580222e-11 1.407157e+14 1.191019e+14 4.159224e+09 4.289358e+13 3.630526e+13 1.267832e+09 
500 911925 1.250000e+00 2.245998e+03 2.692075e-01 8.243000e-05 1.252197e-06 8.869968e-07 4.810902e-11 9.031117e+13 7.678702e+13 3.453571e+09 2.752929e+13 2.340683e+13 1.052741e+09 
500 911925 1.300000e+00 2.205741e+03 2.303571e-01 1.105800e-04 6.352016e-07 4.356063e-07 3.294770e-11 4.554798e+13 3.073526e+13 2.367411e+09 1.388436e+13 9.369043e+12 7.216561e+08 
500 911925 1.350000e+00 2.167081e+03 2.019916e-01 1.548100e-04 2.985218e-07 1.476905e-07 1.954599e-11 2.161500e+13 1.033045e+13 1.411478e+09 6.588923e+12 3.149057e+12 4.302622e+08 
500 911925 1.400000e+00 2.127739e+03 1.813380e-01 1.829600e-04 1.540431e-07 6.859941e-08 1.173448e-11 1.136521e+13 4.822087e+12 8.586730e+08 3.464482e+12 1.469935e+12 2.617512e+08 
500 911925 1.450000e+00 2.089584e+03 1.660792e-01 2.432800e-04 8.878463e-08 2.543020e-08 7.846048e-12 6.661030e+12 1.815891e+12 5.815135e+08 2.030503e+12 5.535478e+11 1.772647e+08 
500 911925 1.500000e+00 2.053537e+03 1.524536e-01 3.377700e-04 5.509772e-08 9.371192e-09 5.635917e-12 4.214892e+12 8.379341e+11 4.159891e+08 1.284841e+12 2.554327e+11 1.268077e+08 
500 911925 1.550000e+00 2.017227e+03 1.413865e-01 3.822000e-04 3.607928e-08 5.705440e-09 4.075661e-12 2.803148e+12 5.475111e+11 3.024052e+08 8.544961e+11 1.669018e+11 9.218366e+07 
500 911925 1.600000e+00 1.980891e+03 1.314753e-01 4.266300e-04 2.435158e-08 3.641738e-09 2.998554e-12 1.920268e+12 3.454922e+11 2.268099e+08 5.853648e+11 1.053192e+11 6.913972e+07 
500 911925 1.650000e+00 1.946570e+03 1.223894e-01 4.185800e-04 1.704818e-08 2.971209e-09 2.215305e-12 1.365223e+12 2.199795e+11 1.740163e+08 4.161687e+11 6.705825e+10 5.304645e+07 
500 911925 1.700000e+00 1.913263e+03 1.146219e-01 4.630100e-04 1.223468e-08 1.992491e-09 1.705881e-12 9.896858e+11 1.924661e+11 1.334693e+08 3.016921e+11 5.867121e+10 4.068632e+07 
500 911925 1.750000e+00 1.881687e+03 1.076806e-01 4.589900e-04 8.937409e-09 1.742600e-09 1.313191e-12 7.367399e+11 1.752951e+11 1.043170e+08 2.245852e+11 5.343688e+10 3.179968e+07 
500 911925 1.800000e+00 1.850263e+03 9.995885e-02 4.509500e-04 6.495934e-09 1.513964e-09 1.001132e-12 5.434269e+11 1.207738e+11 8.259006e+07 1.656564e+11 3.681667e+10 2.517653e+07 



500 1215900 5.000000e-01 1.641886e+03 3.926312e-02 9.843000e-05 1.210004e-10 1.209970e-10 5.667453e-15 2.328125e+10 2.328125e+10 1.104245e+06 7.096193e+09 7.096193e+09 3.365766e+05 
500 1215900 5.500000e-01 1.734446e+03 6.457563e-02 6.436000e-05 9.843040e-10 9.751939e-10 3.140230e-14 1.687126e+11 1.662944e+11 5.415083e+06 5.142521e+10 5.068813e+10 1.650567e+06 
500 1215900 6.000000e-01 1.824714e+03 9.841601e-02 5.111000e-05 4.822455e-09 4.365921e-09 1.198969e-13 7.472009e+11 6.932447e+11 1.873378e+07 2.277582e+11 2.113117e+11 5.710333e+06 
500 1215900 6.500000e-01 1.911779e+03 1.370474e-01 4.165000e-05 1.655992e-08 1.574740e-08 3.428060e-13 2.339206e+12 2.225685e+12 4.877185e+07 7.130370e+11 6.784342e+11 1.486662e+07 
500 1215900 7.000000e-01 1.995883e+03 1.780368e-01 3.502000e-05 4.456985e-08 4.257473e-08 8.056682e-13 5.785990e+12 5.546935e+12 1.054679e+08 1.763711e+12 1.690844e+12 3.214915e+07 
500 1215900 7.500000e-01 2.076328e+03 2.185001e-01 3.312000e-05 1.003641e-07 9.366245e-08 1.661672e-12 1.201339e+13 1.129206e+13 2.010992e+08 3.662025e+12 3.442146e+12 6.130067e+07 
500 1215900 8.000000e-01 2.152755e+03 2.554259e-01 2.934000e-05 1.979425e-07 1.944827e-07 3.040835e-12 2.211532e+13 2.178858e+13 3.427424e+08 6.741458e+12 6.641860e+12 1.044787e+08 
500 1215900 8.500000e-01 2.225224e+03 2.874377e-01 2.744000e-05 3.527824e-07 3.466430e-07 5.171874e-12 3.683983e+13 3.628123e+13 5.450172e+08 1.123008e+13 1.105980e+13 1.661402e+08 
500 1215900 9.000000e-01 2.292059e+03 3.136794e-01 2.934000e-05 5.765098e-07 5.492505e-07 8.385855e-12 5.643971e+13 5.232085e+13 8.242374e+08 1.720498e+13 1.594942e+13 2.512587e+08 
500 1215900 9.500000e-01 2.350049e+03 3.318180e-01 2.934000e-05 8.723478e-07 7.919083e-07 1.266220e-11 8.013579e+13 7.977751e+13 1.150022e+09 2.442866e+13 2.431947e+13 3.505734e+08 
500 1215900 1.000000e+00 2.391800e+03 3.414210e-01 2.934000e-05 1.222424e-06 1.128304e-06 1.810175e-11 1.058224e+14 9.820721e+13 1.587183e+09 3.225929e+13 2.993790e+13 4.838420e+08 
500 1215900 1.050000e+00 2.397750e+03 3.412120e-01 2.839000e-05 1.571645e-06 1.538890e-06 2.424083e-11 1.294951e+14 1.261368e+14 2.016261e+09 3.947608e+13 3.845236e+13 6.146487e+08 
500 1215900 1.100000e+00 2.368719e+03 3.301098e-01 3.501000e-05 1.811402e-06 1.682077e-06 3.122803e-11 1.418459e+14 1.276690e+14 2.456833e+09 4.324154e+13 3.891982e+13 7.489618e+08 
500 1215900 1.150000e+00 2.329909e+03 3.069641e-01 3.975000e-05 1.769137e-06 1.625151e-06 3.523629e-11 1.330905e+14 1.212361e+14 2.667265e+09 4.057281e+13 3.695905e+13 8.131183e+08 
500 1215900 1.200000e+00 2.289286e+03 2.749242e-01 5.111000e-05 1.403832e-06 1.153774e-06 3.463707e-11 1.022079e+14 8.303370e+13 2.536818e+09 3.115845e+13 2.531317e+13 7.733572e+08 
500 1215900 1.250000e+00 2.247788e+03 2.387546e-01 6.625000e-05 8.557558e-07 6.847857e-07 2.772577e-11 6.120004e+13 4.810500e+13 1.992983e+09 1.865715e+13 1.466510e+13 6.075710e+08 
500 1215900 1.300000e+00 2.207765e+03 2.074842e-01 9.275000e-05 4.160532e-07 2.752086e-07 1.802816e-11 2.981885e+13 1.940502e+13 1.291542e+09 9.090481e+12 5.915770e+12 3.937353e+08 
500 1215900 1.350000e+00 2.168582e+03 1.842489e-01 1.192500e-04 2.028014e-07 1.070021e-07 1.068713e-11 1.476804e+13 7.520286e+12 7.737502e+08 4.502152e+12 2.292627e+12 2.358838e+08 
500 1215900 1.400000e+00 2.129416e+03 1.678095e-01 1.476500e-04 1.095762e-07 4.748629e-08 6.713678e-12 8.077215e+12 3.340029e+12 4.921471e+08 2.462408e+12 1.018242e+12 1.500354e+08 
500 1215900 1.450000e+00 2.091140e+03 1.546524e-01 2.063300e-04 6.539247e-08 1.621090e-08 4.668260e-12 4.934867e+12 1.133886e+12 3.459576e+08 1.504440e+12 3.456778e+11 1.054685e+08 
500 1215900 1.500000e+00 2.053863e+03 1.428048e-01 2.631100e-04 4.163697e-08 7.206275e-09 3.365126e-12 3.189221e+12 6.886954e+11 2.482738e+08 9.722659e+11 2.099570e+11 7.568882e+07 
500 1215900 1.550000e+00 2.017744e+03 1.325730e-01 2.915100e-04 2.785912e-08 4.752698e-09 2.463268e-12 2.166151e+12 4.375804e+11 1.845473e+08 6.603732e+11 1.334019e+11 5.626122e+07 
500 1215900 1.600000e+00 1.981338e+03 1.233672e-01 3.180000e-04 1.921706e-08 3.161864e-09 1.835077e-12 1.519671e+12 2.928311e+11 1.400456e+08 4.632881e+11 8.927341e+10 4.269447e+07 
500 1215900 1.650000e+00 1.946200e+03 1.155313e-01 3.142200e-04 1.369095e-08 2.693711e-09 1.379456e-12 1.098680e+12 2.008289e+11 1.087447e+08 3.349449e+11 6.122544e+10 3.315210e+07 
500 1215900 1.700000e+00 1.912276e+03 1.084619e-01 3.346700e-04 9.961802e-09 1.971839e-09 1.069296e-12 8.104731e+11 1.804726e+11 8.455089e+07 2.470821e+11 5.501961e+10 2.577636e+07 
500 1215900 1.750000e+00 1.879822e+03 1.020990e-01 3.308800e-04 7.353124e-09 1.767659e-09 8.297507e-13 6.068148e+11 1.658736e+11 6.664678e+07 1.849948e+11 5.056893e+10 2.031809e+07 
500 1215900 1.800000e+00 1.850286e+03 9.582900e-02 3.513400e-04 5.527257e-09 1.369436e-09 6.664382e-13 4.644262e+11 1.294876e+11 5.439889e+07 1.415860e+11 3.947617e+10 1.658418e+07 



700 101325 5.000000e-01 1.806811e+03 6.111475e-01 3.281200e-04 3.048564e-08 2.763560e-08 4.840861e-12 5.888307e+12 5.822682e+12 9.299688e+08 1.786131e+12 1.766253e+12 2.820798e+08 
700 101325 5.500000e-01 1.896464e+03 7.763468e-01 2.718700e-04 7.341887e-08 7.053267e-08 1.028565e-11 1.292100e+13 1.248021e+13 1.850396e+09 3.920282e+12 3.786686e+12 5.613953e+08 
700 101325 6.000000e-01 1.982624e+03 9.369155e-01 2.437500e-04 1.547338e-07 1.494982e-07 1.975898e-11 2.509111e+13 2.426376e+13 3.279891e+09 7.614360e+12 7.363510e+12 9.952954e+08 
700 101325 6.500000e-01 2.064006e+03 1.089259e+00 2.203100e-04 2.953247e-07 2.947240e-07 3.475981e-11 4.422275e+13 4.413968e+13 5.349841e+09 1.342268e+13 1.339755e+13 1.623719e+09 
700 101325 7.000000e-01 2.138841e+03 1.227797e+00 2.250000e-04 5.211438e-07 5.112569e-07 5.895225e-11 7.235505e+13 7.110164e+13 8.417329e+09 2.196509e+13 2.158511e+13 2.555143e+09 
700 101325 7.500000e-01 2.207869e+03 1.355062e+00 2.250000e-04 8.653374e-07 8.163560e-07 9.441617e-11 1.118224e+14 1.110894e+14 1.241659e+10 3.395145e+13 3.372933e+13 3.769703e+09 
700 101325 8.000000e-01 2.268748e+03 1.461622e+00 2.062500e-04 1.358778e-06 1.329827e-06 1.426788e-10 1.639689e+14 1.609836e+14 1.777326e+10 4.979057e+13 4.888524e+13 5.396724e+09 
700 101325 8.500000e-01 2.321702e+03 1.555016e+00 1.875000e-04 2.044046e-06 2.044046e-06 2.066872e-10 2.311919e+14 2.311903e+14 2.420442e+10 7.021230e+13 7.021180e+13 7.350395e+09 
700 101325 9.000000e-01 2.366086e+03 1.628514e+00 1.875000e-04 2.954339e-06 2.954339e-06 2.959771e-10 3.140115e+14 3.140097e+14 3.259482e+10 9.537498e+13 9.537443e+13 9.899516e+09 
700 101325 9.500000e-01 2.400576e+03 1.682811e+00 1.828100e-04 4.115693e-06 4.112904e-06 4.106113e-10 4.122478e+14 4.121500e+14 4.265464e+10 1.252263e+14 1.251958e+14 1.295622e+10 
700 101325 1.000000e+00 2.426151e+03 1.719875e+00 2.015600e-04 5.569891e-06 5.498089e-06 5.698671e-10 5.272277e+14 5.222689e+14 5.583067e+10 1.601672e+14 1.586632e+14 1.696009e+10 
700 101325 1.050000e+00 2.438043e+03 1.727988e+00 2.156300e-04 7.233080e-06 6.944915e-06 7.617769e-10 6.495359e+14 6.495352e+14 6.977899e+10 1.973431e+14 1.973429e+14 2.119928e+10 
700 101325 1.100000e+00 2.438659e+03 1.716930e+00 2.109400e-04 9.113569e-06 8.996155e-06 9.819579e-10 7.780271e+14 7.704756e+14 8.663181e+10 2.364002e+14 2.341087e+14 2.632161e+10 
700 101325 1.150000e+00 2.426772e+03 1.680280e+00 2.015600e-04 1.104475e-05 1.103418e-05 1.224560e-09 8.993390e+14 8.991693e+14 1.031257e+11 2.732821e+14 2.732316e+14 3.133562e+10 
700 101325 1.200000e+00 2.403683e+03 1.615210e+00 2.296900e-04 1.279783e-05 1.247068e-05 1.537957e-09 9.978241e+14 9.760710e+14 1.235188e+11 3.032329e+14 2.966269e+14 3.753537e+10 
700 101325 1.250000e+00 2.374833e+03 1.524844e+00 2.578100e-04 1.402566e-05 1.334862e-05 1.856373e-09 1.054491e+15 1.004209e+15 1.428482e+11 3.204784e+14 3.052018e+14 4.341269e+10 
700 101325 1.300000e+00 2.339128e+03 1.399892e+00 2.859400e-04 1.424142e-05 1.363606e-05 2.115023e-09 1.029874e+15 9.898134e+14 1.569196e+11 3.130178e+14 3.008475e+14 4.769269e+10 
700 101325 1.350000e+00 2.302574e+03 1.248393e+00 3.468700e-04 1.318408e-05 1.194508e-05 2.305418e-09 9.265200e+14 8.415401e+14 1.653839e+11 2.816263e+14 2.558001e+14 5.026899e+10 
700 101325 1.400000e+00 2.264784e+03 1.079979e+00 4.406200e-04 1.074703e-05 8.821524e-06 2.323259e-09 7.406047e+14 6.038520e+14 1.621682e+11 2.251296e+14 1.835639e+14 4.929510e+10 
700 101325 1.450000e+00 2.229160e+03 9.222515e-01 5.718700e-04 7.694723e-06 5.768753e-06 2.142234e-09 5.215937e+14 3.848884e+14 1.464246e+11 1.585638e+14 1.170091e+14 4.451239e+10 
700 101325 1.500000e+00 2.193943e+03 7.834571e-01 7.687500e-04 4.801093e-06 2.931498e-06 1.745158e-09 3.243292e+14 1.965675e+14 1.183009e+11 9.859974e+13 5.976124e+13 3.596477e+10 
700 101325 1.550000e+00 2.157936e+03 6.770959e-01 1.133590e-03 2.799021e-06 1.057449e-06 1.277117e-09 1.913428e+14 6.982087e+13 8.658186e+10 5.817266e+13 2.122826e+13 2.632297e+10 
700 101325 1.600000e+00 2.122585e+03 6.033773e-01 1.114840e-03 1.728091e-06 8.428795e-07 8.570624e-10 1.194481e+14 5.627740e+13 5.883361e+10 3.631589e+13 1.711099e+13 1.788734e+10 
700 101325 1.650000e+00 2.089351e+03 5.460974e-01 1.489060e-03 1.121436e-06 3.514987e-07 6.272696e-10 7.859881e+13 2.305460e+13 4.344324e+10 2.389709e+13 7.009909e+12 1.320848e+10 
700 101325 1.700000e+00 2.056721e+03 4.989407e-01 1.844530e-03 7.521167e-07 1.612089e-07 4.623562e-10 5.356141e+13 1.409810e+13 3.190436e+10 1.628498e+13 4.286712e+12 9.700367e+09 
700 101325 1.750000e+00 2.025017e+03 4.601533e-01 2.209370e-03 5.154362e-07 8.581189e-08 3.466852e-10 3.726019e+13 7.046825e+12 2.426782e+10 1.132887e+13 2.142729e+12 7.378651e+09 
700 101325 1.800000e+00 1.995192e+03 4.263229e-01 2.574220e-03 3.608273e-07 5.001063e-08 2.633163e-10 2.649431e+13 4.823774e+12 1.842904e+10 8.055609e+12 1.466789e+12 5.603437e+09 



700 303975 5.000000e-01 1.806606e+03 3.595660e-01 1.285100e-04 1.361073e-08 1.324782e-08 8.920296e-13 2.457980e+12 2.363385e+12 1.628059e+08 7.482213e+11 7.194291e+11 4.955838e+07 
700 303975 5.500000e-01 1.896576e+03 4.791183e-01 1.138200e-04 3.742841e-08 3.487406e-08 2.146664e-12 6.191238e+12 5.811404e+12 3.597300e+08 1.884789e+12 1.769170e+12 1.095108e+08 
700 303975 6.000000e-01 1.983232e+03 6.000364e-01 9.547000e-05 8.658811e-08 8.574401e-08 4.403435e-12 1.317314e+13 1.302046e+13 6.810773e+08 4.010551e+12 3.964076e+12 2.073507e+08 
700 303975 6.500000e-01 2.065096e+03 7.191684e-01 8.629000e-05 1.766932e-07 1.751941e-07 8.222018e-12 2.485025e+13 2.469722e+13 1.178761e+09 7.566068e+12 7.519512e+12 3.588893e+08 
700 303975 7.000000e-01 2.142711e+03 8.278679e-01 8.996000e-05 3.296836e-07 3.066674e-07 1.465555e-11 4.303881e+13 4.034474e+13 1.947936e+09 1.310460e+13 1.228442e+13 5.931071e+08 
700 303975 7.500000e-01 2.215794e+03 9.291649e-01 7.894000e-05 5.712396e-07 5.680393e-07 2.378561e-11 6.948057e+13 6.887021e+13 2.947507e+09 2.115675e+13 2.097096e+13 8.975002e+08 
700 303975 8.000000e-01 2.282109e+03 1.019767e+00 7.894000e-05 9.333864e-07 8.982935e-07 3.772070e-11 1.059386e+14 1.026868e+14 4.378551e+09 3.225955e+13 3.126959e+13 1.333305e+09 
700 303975 8.500000e-01 2.341036e+03 1.097029e+00 8.078000e-05 1.444088e-06 1.373040e-06 5.732236e-11 1.535766e+14 1.524664e+14 6.137105e+09 4.676776e+13 4.642992e+13 1.868876e+09 
700 303975 9.000000e-01 2.391469e+03 1.159799e+00 7.344000e-05 2.137596e-06 2.120045e-06 8.260197e-11 2.139749e+14 2.109262e+14 8.451835e+09 6.516307e+13 6.423493e+13 2.573858e+09 
700 303975 9.500000e-01 2.433587e+03 1.207088e+00 7.344000e-05 3.036649e-06 3.017553e-06 1.170825e-10 2.865447e+14 2.832744e+14 1.130395e+10 8.726619e+13 8.627064e+13 3.442542e+09 
700 303975 1.000000e+00 2.462409e+03 1.236080e+00 7.894000e-05 4.134563e-06 3.918246e-06 1.628688e-10 3.693788e+14 3.531553e+14 1.489126e+10 1.124968e+14 1.075566e+14 4.535181e+09 
700 303975 1.050000e+00 2.475780e+03 1.246154e+00 7.710000e-05 5.412970e-06 5.266615e-06 2.167991e-10 4.584201e+14 4.488119e+14 1.881559e+10 1.396192e+14 1.366936e+14 5.730530e+09 
700 303975 1.100000e+00 2.471583e+03 1.234692e+00 7.527000e-05 6.775837e-06 6.750444e-06 2.786662e-10 5.461114e+14 5.447553e+14 2.303450e+10 1.663319e+14 1.659191e+14 7.015661e+09 
700 303975 1.150000e+00 2.448985e+03 1.196458e+00 8.629000e-05 7.999756e-06 7.665821e-06 3.564961e-10 6.159881e+14 5.935668e+14 2.804862e+10 1.876200e+14 1.807918e+14 8.543074e+09 
700 303975 1.200000e+00 2.418145e+03 1.135768e+00 9.731000e-05 8.879747e-06 8.243242e-06 4.348939e-10 6.550216e+14 6.120992e+14 3.272794e+10 1.995140e+14 1.864417e+14 9.968584e+09 
700 303975 1.250000e+00 2.382035e+03 1.049499e+00 1.083100e-04 9.025544e-06 8.502880e-06 4.981929e-10 6.419690e+14 5.996220e+14 3.602676e+10 1.955437e+14 1.826458e+14 1.097366e+10 
700 303975 1.300000e+00 2.345544e+03 9.372968e-01 1.303500e-04 8.180801e-06 7.195823e-06 5.346560e-10 5.658212e+14 4.967455e+14 3.744241e+10 1.723530e+14 1.513133e+14 1.140515e+10 
700 303975 1.350000e+00 2.307832e+03 8.116607e-01 1.652300e-04 6.388014e-06 5.052321e-06 5.194012e-10 4.302270e+14 3.383461e+14 3.537657e+10 1.310533e+14 1.030659e+14 1.077615e+10 
700 303975 1.400000e+00 2.273088e+03 6.965646e-01 2.166400e-04 4.269242e-06 3.108799e-06 4.504500e-10 2.839662e+14 2.028961e+14 3.009990e+10 8.650174e+13 6.180685e+13 9.168998e+09 
700 303975 1.450000e+00 2.234116e+03 5.961591e-01 2.974100e-04 2.440380e-06 1.444834e-06 3.350193e-10 1.625901e+14 9.280800e+13 2.223780e+10 4.952894e+13 2.827198e+13 6.774170e+09 
700 303975 1.500000e+00 2.198193e+03 5.237785e-01 4.075600e-04 1.384376e-06 5.559408e-07 2.285121e-10 9.317205e+13 3.622646e+13 1.526740e+10 2.838276e+13 1.103579e+13 4.650876e+09 
700 303975 1.550000e+00 2.164472e+03 4.747767e-01 5.177200e-04 8.577552e-07 2.447561e-07 1.619024e-10 5.840454e+13 2.914383e+13 1.044828e+10 1.779177e+13 8.878255e+12 3.182867e+09 
700 303975 1.600000e+00 2.129097e+03 4.299546e-01 6.278700e-04 5.306498e-07 1.199327e-07 1.128945e-10 3.671665e+13 7.785868e+12 7.702171e+09 1.118506e+13 2.371886e+12 2.346339e+09 
700 303975 1.650000e+00 2.094240e+03 3.960132e-01 8.167500e-04 3.491001e-07 5.437212e-08 8.402029e-11 2.452119e+13 4.671379e+12 5.671169e+09 7.469982e+12 1.423101e+12 1.727641e+09 
700 303975 1.700000e+00 2.059877e+03 3.673644e-01 1.001970e-03 2.356649e-07 2.958582e-08 6.334354e-11 1.680893e+13 2.340702e+12 4.336940e+09 5.120609e+12 7.130841e+11 1.321197e+09 
700 303975 1.750000e+00 2.027035e+03 3.413892e-01 1.187180e-03 1.638293e-07 1.839128e-08 4.866236e-11 1.187465e+13 1.617617e+12 3.319725e+09 3.617462e+12 4.928030e+11 1.011320e+09 
700 303975 1.800000e+00 1.995707e+03 3.170120e-01 1.179840e-03 1.162013e-07 1.477513e-08 3.646780e-11 8.576847e+12 9.935388e+11 2.615866e+09 2.612833e+12 3.026807e+11 7.968995e+08 



700 607950 5.000000e-01 1.806214e+03 2.414188e-01 8.439000e-05 6.723624e-09 6.171860e-09 2.699638e-13 1.166473e+12 1.050041e+12 4.714809e+07 3.553920e+11 3.199198e+11 1.436468e+07 
700 607950 5.500000e-01 1.896814e+03 3.346690e-01 6.816000e-05 2.136437e-08 2.041899e-08 7.241575e-13 3.384161e+12 3.166104e+12 1.152359e+08 1.031101e+12 9.646660e+11 3.511047e+07 
700 607950 6.000000e-01 1.984102e+03 4.329760e-01 5.681000e-05 5.482517e-08 5.330713e-08 1.622528e-12 7.943271e+12 7.748526e+12 2.380025e+08 2.420272e+12 2.360942e+12 7.251782e+07 
700 607950 6.500000e-01 2.066906e+03 5.285651e-01 5.518000e-05 1.200933e-07 1.095721e-07 3.267979e-12 1.605147e+13 1.465016e+13 4.423455e+08 4.890950e+12 4.463981e+12 1.347839e+08 
700 607950 7.000000e-01 2.146021e+03 6.213764e-01 5.194000e-05 2.348177e-07 2.098559e-07 5.945023e-12 2.914412e+13 2.871214e+13 7.323513e+08 8.880566e+12 8.748955e+12 2.231553e+08 
700 607950 7.500000e-01 2.220438e+03 7.069857e-01 4.869000e-05 4.214934e-07 3.970981e-07 1.007446e-11 4.873497e+13 4.585082e+13 1.181122e+09 1.485049e+13 1.397169e+13 3.599091e+08 
700 607950 8.000000e-01 2.289584e+03 7.857252e-01 4.382000e-05 7.038915e-07 6.926101e-07 1.596612e-11 7.608102e+13 7.442302e+13 1.750898e+09 2.318387e+13 2.267870e+13 5.335420e+08 
700 607950 8.500000e-01 2.352629e+03 8.503395e-01 4.464000e-05 1.110183e-06 1.067612e-06 2.470581e-11 1.125539e+14 1.072642e+14 2.540137e+09 3.429882e+13 3.268698e+13 7.740583e+08 
700 607950 9.000000e-01 2.407837e+03 9.034782e-01 4.464000e-05 1.660473e-06 1.557327e-06 3.651082e-11 1.586432e+14 1.559810e+14 3.504661e+09 4.834466e+13 4.753344e+13 1.067999e+09 
700 607950 9.500000e-01 2.453147e+03 9.417916e-01 4.464000e-05 2.373755e-06 2.218972e-06 5.206686e-11 2.138002e+14 2.098797e+14 4.719454e+09 6.515422e+13 6.395959e+13 1.438216e+09 
700 607950 1.000000e+00 2.485528e+03 9.665343e-01 4.464000e-05 3.242119e-06 3.098525e-06 7.194632e-11 2.768366e+14 2.741889e+14 6.170602e+09 8.436548e+13 8.355875e+13 1.880473e+09 
700 607950 1.050000e+00 2.498966e+03 9.737065e-01 4.382000e-05 4.218649e-06 4.144754e-06 9.578901e-11 3.422278e+14 3.325604e+14 7.868825e+09 1.042950e+14 1.013491e+14 2.398039e+09 
700 607950 1.100000e+00 2.488361e+03 9.575207e-01 4.869000e-05 5.183466e-06 4.880827e-06 1.250777e-10 3.980867e+14 3.747928e+14 9.783293e+09 1.213199e+14 1.142214e+14 2.981523e+09 
700 607950 1.150000e+00 2.462060e+03 9.212190e-01 5.194000e-05 5.945659e-06 5.379148e-06 1.550005e-10 4.366077e+14 4.012351e+14 1.160143e+10 1.330616e+14 1.222817e+14 3.535665e+09 
700 607950 1.200000e+00 2.427239e+03 8.602941e-01 5.680000e-05 6.225632e-06 5.884508e-06 1.811136e-10 4.393293e+14 4.156845e+14 1.298673e+10 1.338929e+14 1.266871e+14 3.957906e+09 
700 607950 1.250000e+00 2.389785e+03 7.817810e-01 6.655000e-05 5.782259e-06 5.333217e-06 1.962207e-10 3.949151e+14 3.630156e+14 1.358299e+10 1.203583e+14 1.106368e+14 4.139681e+09 
700 607950 1.300000e+00 2.352161e+03 6.911405e-01 8.765000e-05 4.634816e-06 3.620215e-06 1.948857e-10 3.091641e+14 2.378695e+14 1.309321e+10 9.422517e+13 7.249679e+13 3.990461e+09 
700 607950 1.350000e+00 2.315187e+03 6.005607e-01 1.168600e-04 3.136043e-06 2.209592e-06 1.698609e-10 2.053944e+14 1.413194e+14 1.118587e+10 6.259954e+13 4.307118e+13 3.409193e+09 
700 607950 1.400000e+00 2.276954e+03 5.193643e-01 1.509400e-04 1.782595e-06 1.118810e-06 1.245413e-10 1.170317e+14 7.063790e+13 8.157468e+09 3.566883e+13 2.152913e+13 2.486227e+09 
700 607950 1.450000e+00 2.240123e+03 4.590648e-01 1.980100e-04 9.937139e-07 4.708698e-07 8.430946e-11 6.590366e+13 3.013695e+13 5.556330e+09 2.008619e+13 9.185256e+12 1.693465e+09 
700 607950 1.500000e+00 2.203556e+03 4.152783e-01 2.726800e-04 5.900105e-07 1.723176e-07 5.900550e-11 3.971211e+13 1.093271e+13 3.921887e+09 1.210355e+13 3.332137e+12 1.195324e+09 
700 607950 1.550000e+00 2.167405e+03 3.806976e-01 3.213700e-04 3.716319e-07 9.295100e-08 4.193151e-11 2.531966e+13 5.926794e+12 2.819513e+09 7.717021e+12 1.806413e+12 8.593431e+08 
700 607950 1.600000e+00 2.131571e+03 3.510744e-01 4.219900e-04 2.433127e-07 4.178709e-08 3.142654e-11 1.691234e+13 2.671731e+12 2.136140e+09 5.154619e+12 8.143146e+11 6.510645e+08 
700 607950 1.650000e+00 2.096653e+03 3.263408e-01 4.706900e-04 1.653586e-07 2.757804e-08 2.349142e-11 1.169279e+13 1.781558e+12 1.617788e+09 3.563792e+12 5.430020e+11 4.930799e+08 
700 607950 1.700000e+00 2.062213e+03 3.042061e-01 5.713200e-04 1.151754e-07 1.585616e-08 1.811227e-11 8.248258e+12 1.044296e+12 1.264602e+09 2.513952e+12 3.182928e+11 3.854348e+08 
700 607950 1.750000e+00 2.028555e+03 2.844138e-01 5.680800e-04 8.192289e-08 1.285303e-08 1.359203e-11 5.960751e+12 8.489908e+11 9.634045e+08 1.816758e+12 2.587660e+11 2.936343e+08 
700 607950 1.800000e+00 1.995496e+03 2.664627e-01 6.612600e-04 5.955100e-08 7.982496e-09 1.067156e-11 4.403343e+12 5.346593e+11 7.668502e+08 1.342082e+12 1.629607e+11 2.337274e+08 



700 911925 5.000000e-01 1.806685e+03 1.882869e-01 5.951000e-05 4.016508e-09 3.853828e-09 1.220054e-13 6.831220e+11 6.594726e+11 2.092237e+07 2.081896e+11 2.009824e+11 6.376328e+06 
700 911925 5.500000e-01 1.897688e+03 2.675223e-01 5.189000e-05 1.432965e-08 1.354418e-08 3.632664e-13 2.204538e+12 2.047756e+12 5.630748e+07 6.718766e+11 6.240957e+11 1.716079e+07 
700 911925 6.000000e-01 1.984617e+03 3.524889e-01 4.120000e-05 3.939368e-08 3.845946e-08 8.575813e-13 5.567758e+12 5.472510e+12 1.224118e+08 1.696924e+12 1.667896e+12 3.730820e+07 
700 911925 6.500000e-01 2.067851e+03 4.384077e-01 4.044000e-05 9.114188e-08 8.460524e-08 1.808629e-12 1.186628e+13 1.093003e+13 2.373172e+08 3.616638e+12 3.331296e+12 7.233005e+07 
700 911925 7.000000e-01 2.147650e+03 5.217325e-01 3.739000e-05 1.858046e-07 1.714082e-07 3.401124e-12 2.240942e+13 2.050760e+13 4.138646e+08 6.830129e+12 6.250496e+12 1.261408e+08 
700 911925 7.500000e-01 2.223154e+03 5.998787e-01 3.357000e-05 3.433549e-07 3.332899e-07 5.865524e-12 3.853089e+13 3.712853e+13 6.656773e+08 1.174395e+13 1.131655e+13 2.028933e+08 
700 911925 8.000000e-01 2.294432e+03 6.681291e-01 3.205000e-05 5.883723e-07 5.760262e-07 9.613616e-12 6.158687e+13 5.994370e+13 1.019852e+09 1.877154e+13 1.827073e+13 3.108475e+08 
700 911925 8.500000e-01 2.359062e+03 7.266779e-01 2.976000e-05 9.408452e-07 9.345520e-07 1.478688e-11 9.256474e+13 9.170788e+13 1.473944e+09 2.821390e+13 2.795276e+13 4.492594e+08 
700 911925 9.000000e-01 2.416589e+03 7.742849e-01 2.976000e-05 1.420874e-06 1.384812e-06 2.209557e-11 1.314780e+14 1.274968e+14 2.071281e+09 4.007522e+13 3.886182e+13 6.313362e+08 
700 911925 9.500000e-01 2.464811e+03 8.092245e-01 2.976000e-05 2.035965e-06 1.974044e-06 3.170708e-11 1.778388e+14 1.735488e+14 2.812976e+09 5.420690e+13 5.289937e+13 8.574185e+08 
700 911925 1.000000e+00 2.498224e+03 8.292762e-01 2.976000e-05 2.777317e-06 2.725655e-06 4.373689e-11 2.292803e+14 2.242165e+14 3.664431e+09 6.988749e+13 6.834409e+13 1.116962e+09 
700 911925 1.050000e+00 2.510019e+03 8.325341e-01 2.900000e-05 3.573400e-06 3.567656e-06 5.755084e-11 2.802400e+14 2.802375e+14 4.599389e+09 8.542158e+13 8.542080e+13 1.401962e+09 
700 911925 1.100000e+00 2.497004e+03 8.178351e-01 3.434000e-05 4.319600e-06 4.141769e-06 7.556124e-11 3.228401e+14 3.070624e+14 5.718076e+09 9.840769e+13 9.359859e+13 1.742973e+09 
700 911925 1.150000e+00 2.467418e+03 7.838703e-01 3.892000e-05 4.797926e-06 4.448576e-06 9.250446e-11 3.436086e+14 3.146472e+14 6.693937e+09 1.047394e+14 9.591153e+13 2.040453e+09 
700 911925 1.200000e+00 2.432091e+03 7.303578e-01 4.273000e-05 4.807656e-06 4.482339e-06 1.049009e-10 3.309073e+14 3.090337e+14 7.321537e+09 1.008686e+14 9.420124e+13 2.231779e+09 
700 911925 1.250000e+00 2.393837e+03 6.610909e-01 5.265000e-05 4.183272e-06 3.698734e-06 1.092543e-10 2.799390e+14 2.427238e+14 7.366486e+09 8.533300e+13 7.398901e+13 2.245501e+09 
700 911925 1.300000e+00 2.353970e+03 5.794435e-01 6.715000e-05 3.036015e-06 2.420060e-06 9.981263e-11 1.986849e+14 1.568413e+14 6.580919e+09 6.056498e+13 4.781002e+13 2.006055e+09 
700 911925 1.350000e+00 2.316576e+03 5.061646e-01 8.851000e-05 1.866610e-06 1.326844e-06 7.945955e-11 1.212121e+14 8.424823e+13 5.172294e+09 3.694922e+13 2.568160e+13 1.576676e+09 
700 911925 1.400000e+00 2.279533e+03 4.471212e-01 1.220900e-04 1.040111e-06 5.441237e-07 5.596292e-11 6.779968e+13 3.508554e+13 3.647027e+09 2.066756e+13 1.069528e+13 1.111733e+09 
700 911925 1.450000e+00 2.242186e+03 4.026726e-01 1.694000e-04 5.969683e-07 2.010067e-07 3.846630e-11 3.950698e+13 1.878067e+13 2.469043e+09 1.204306e+13 5.725016e+12 7.526476e+08 
700 911925 1.500000e+00 2.205269e+03 3.682405e-01 2.167100e-04 3.663986e-07 8.996580e-08 2.736575e-11 2.468678e+13 5.593416e+12 1.815389e+09 7.525375e+12 1.705080e+12 5.533937e+08 
700 911925 1.550000e+00 2.168827e+03 3.397923e-01 2.624900e-04 2.368294e-07 4.697928e-08 2.005954e-11 1.623474e+13 2.976404e+12 1.348162e+09 4.948915e+12 9.073212e+11 4.109676e+08 
700 911925 1.600000e+00 2.133030e+03 3.159181e-01 3.098000e-04 1.600041e-07 2.780492e-08 1.512329e-11 1.115043e+13 1.758811e+12 1.028378e+09 3.399049e+12 5.361543e+11 3.134869e+08 
700 911925 1.650000e+00 2.097659e+03 2.948714e-01 4.028900e-04 1.113343e-07 1.385945e-08 1.182723e-11 7.884475e+12 1.124417e+12 7.968605e+08 2.403473e+12 3.427671e+11 2.429126e+08 
700 911925 1.700000e+00 2.062951e+03 2.755557e-01 4.028900e-04 7.922457e-08 1.129891e-08 8.907812e-12 5.708487e+12 7.373998e+11 6.235956e+08 1.740156e+12 2.247894e+11 1.900954e+08 
700 911925 1.750000e+00 2.029180e+03 2.587862e-01 4.486700e-04 5.796258e-08 7.587169e-09 6.975378e-12 4.241062e+12 6.086000e+11 4.846218e+08 1.292833e+12 1.855263e+11 1.477311e+08 
700 911925 1.800000e+00 1.996318e+03 2.428984e-01 4.456200e-04 4.288927e-08 6.150478e-09 5.381440e-12 3.191747e+12 4.140155e+11 3.885743e+08 9.729637e+11 1.262092e+11 1.184524e+08 



700 1215900 5.000000e-01 1.807047e+03 1.578291e-01 5.283000e-05 2.652779e-09 2.500758e-09 6.817903e-14 4.447041e+11 4.225105e+11 1.153035e+07 1.355487e+11 1.287841e+11 3.514520e+06 
700 1215900 5.500000e-01 1.897838e+03 2.276918e-01 4.108000e-05 1.029894e-08 9.915281e-09 2.138953e-13 1.566305e+12 1.480382e+12 3.262177e+07 4.774295e+11 4.512395e+11 9.943510e+06 
700 1215900 6.000000e-01 1.984898e+03 3.041540e-01 3.742000e-05 3.033569e-08 2.730318e-08 5.435091e-13 4.199860e+12 4.062889e+12 7.511244e+07 1.280191e+12 1.238442e+12 2.289556e+07 
700 1215900 6.500000e-01 2.068850e+03 3.827233e-01 3.374000e-05 7.362684e-08 6.716121e-08 1.179356e-12 9.390433e+12 9.175193e+12 1.497803e+08 2.862414e+12 2.796806e+12 4.565630e+07 
700 1215900 7.000000e-01 2.149668e+03 4.603395e-01 3.081000e-05 1.556603e-07 1.427606e-07 2.285809e-12 1.838247e+13 1.785259e+13 2.674863e+08 5.603459e+12 5.441949e+12 8.153674e+07 
700 1215900 7.500000e-01 2.225364e+03 5.312923e-01 2.641000e-05 2.948763e-07 2.842497e-07 4.004294e-12 3.231356e+13 3.104852e+13 4.442034e+08 9.850140e+12 9.464536e+12 1.354063e+08 
700 1215900 8.000000e-01 2.297232e+03 5.957498e-01 2.494000e-05 5.110177e-07 5.013492e-07 6.619542e-12 5.248178e+13 5.114270e+13 6.864816e+08 1.599820e+13 1.559002e+13 2.092621e+08 
700 1215900 8.500000e-01 2.363324e+03 6.507798e-01 2.568000e-05 8.283397e-07 7.730045e-07 1.048736e-11 7.948003e+13 7.409996e+13 1.018889e+09 2.422840e+13 2.258842e+13 3.105940e+08 
700 1215900 9.000000e-01 2.421695e+03 6.949342e-01 2.348000e-05 1.257835e-06 1.246870e-06 1.548520e-11 1.134451e+14 1.122076e+14 1.418815e+09 3.458255e+13 3.420531e+13 4.325098e+08 
700 1215900 9.500000e-01 2.470966e+03 7.266784e-01 2.348000e-05 1.805501e-06 1.779248e-06 2.227173e-11 1.540498e+14 1.510268e+14 1.926136e+09 4.696084e+13 4.603937e+13 5.871660e+08 
700 1215900 1.000000e+00 2.505726e+03 7.450655e-01 2.348000e-05 2.453843e-06 2.439117e-06 3.063592e-11 1.980691e+14 1.961703e+14 2.511184e+09 6.038029e+13 5.980147e+13 7.655191e+08 
700 1215900 1.050000e+00 2.517377e+03 7.469522e-01 2.568000e-05 3.129655e-06 3.005338e-06 4.128617e-11 2.406811e+14 2.298473e+14 3.207286e+09 7.337089e+13 7.006835e+13 9.777294e+08 
700 1215900 1.100000e+00 2.502186e+03 7.322602e-01 2.787000e-05 3.732798e-06 3.570507e-06 5.262156e-11 2.734312e+14 2.591438e+14 3.895014e+09 8.335528e+13 7.899993e+13 1.187390e+09 
700 1215900 1.150000e+00 2.470787e+03 6.984315e-01 3.228000e-05 4.046916e-06 3.632824e-06 6.358303e-11 2.837205e+14 2.516937e+14 4.501158e+09 8.649257e+13 7.672937e+13 1.372183e+09 
700 1215900 1.200000e+00 2.433805e+03 6.474860e-01 3.595000e-05 3.875134e-06 3.431688e-06 6.989441e-11 2.625065e+14 2.345206e+14 4.783138e+09 8.002603e+13 7.149458e+13 1.458155e+09 
700 1215900 1.250000e+00 2.395716e+03 5.848342e-01 4.622000e-05 3.196792e-06 2.618641e-06 7.028139e-11 2.110945e+14 1.691274e+14 4.660479e+09 6.435329e+13 5.155955e+13 1.420771e+09 
700 1215900 1.300000e+00 2.356921e+03 5.177908e-01 6.089000e-05 2.207365e-06 1.513195e-06 6.168656e-11 1.430663e+14 1.156488e+14 3.964389e+09 4.361477e+13 3.525645e+13 1.208571e+09 
700 1215900 1.350000e+00 2.318147e+03 4.552534e-01 7.630000e-05 1.280986e-06 8.478241e-07 4.591738e-11 8.294966e+13 5.362005e+13 2.970316e+09 2.528789e+13 1.634658e+13 9.055250e+08 
700 1215900 1.400000e+00 2.280544e+03 4.065138e-01 9.831000e-05 7.177851e-07 3.957931e-07 3.141197e-11 4.680496e+13 2.483903e+13 2.043019e+09 1.426893e+13 7.572440e+12 6.228331e+08 
700 1215900 1.450000e+00 2.243123e+03 3.699120e-01 1.437900e-04 4.227231e-07 1.257264e-07 2.228221e-11 2.815146e+13 1.215185e+13 1.420746e+09 8.582248e+12 3.704630e+12 4.331285e+08 
700 1215900 1.500000e+00 2.206571e+03 3.412086e-01 1.892800e-04 2.681297e-07 5.347457e-08 1.631224e-11 1.806719e+13 4.560167e+12 1.058813e+09 5.507967e+12 1.390224e+12 3.227904e+08 
700 1215900 1.550000e+00 2.170093e+03 3.165208e-01 2.112800e-04 1.774336e-07 3.476526e-08 1.201588e-11 1.221718e+13 2.187227e+12 8.073612e+08 3.724542e+12 6.668053e+11 2.461333e+08 
700 1215900 1.600000e+00 2.134017e+03 2.951849e-01 2.567800e-04 1.223261e-07 1.954648e-08 9.225570e-12 8.544765e+12 1.234396e+12 6.280931e+08 2.604967e+12 3.763229e+11 1.914817e+08 
700 1215900 1.650000e+00 2.098942e+03 2.761590e-01 3.007900e-04 8.698275e-08 1.187702e-08 7.193866e-12 6.183944e+12 1.047038e+12 4.815563e+08 1.885248e+12 3.192046e+11 1.468084e+08 
700 1215900 1.700000e+00 2.064130e+03 2.595271e-01 2.993200e-04 6.333325e-08 9.692515e-09 5.483276e-12 4.564288e+12 6.347045e+11 3.851278e+08 1.391477e+12 1.934992e+11 1.174111e+08 
700 1215900 1.750000e+00 2.030174e+03 2.441349e-01 3.433400e-04 4.694989e-08 6.068626e-09 4.349618e-12 3.438157e+12 5.336118e+11 3.020612e+08 1.048164e+12 1.626798e+11 9.208730e+07 
700 1215900 1.800000e+00 1.996732e+03 2.296183e-01 3.404100e-04 3.525342e-08 4.934667e-09 3.387406e-12 2.621029e+12 4.508119e+11 2.391556e+08 7.990535e+11 1.374371e+11 7.290975e+07 



