T(K) p(Pa) phi Tf(K) SL(m/s) Xf(m) maxXCH mpXCH intXCH maxSM mpSM intSM maxCM mpCM intCM
300 101325 5.000000e-01 1.568917e+03 3.482044e-01 3.958300e-04 2.476764e-09 2.157034e-09 4.749335e-13 5.493405e+11 5.071737e+11 1.055576e+08 1.667690e+11 1.539772e+11 3.204457e+07 
300 101325 5.500000e-01 1.667401e+03 4.858814e-01 3.333300e-04 6.940990e-09 6.504349e-09 1.152760e-12 1.434417e+12 1.303990e+12 2.398347e+08 4.355411e+11 3.959607e+11 7.282022e+07 
300 101325 6.000000e-01 1.758716e+03 6.338933e-01 2.968700e-04 1.589728e-08 1.466446e-08 2.357704e-12 3.079659e+12 2.814828e+12 4.614920e+08 9.352319e+11 8.548625e+11 1.401426e+08 
300 101325 6.500000e-01 1.848914e+03 7.934069e-01 2.812500e-04 3.281782e-08 2.906173e-08 4.460539e-12 5.972605e+12 5.663286e+12 8.138006e+08 1.814026e+12 1.720163e+12 2.471647e+08 
300 101325 7.000000e-01 1.935471e+03 9.624830e-01 2.447900e-04 6.106492e-08 5.826147e-08 7.650709e-12 1.049231e+13 9.804867e+12 1.328170e+09 3.187200e+12 2.978528e+12 4.034411e+08 
300 101325 7.500000e-01 2.022890e+03 1.136849e+00 2.291700e-04 1.089586e-07 1.058161e-07 1.277695e-11 1.761158e+13 1.686090e+13 2.092726e+09 5.350459e+12 5.122628e+12 6.357629e+08 
300 101325 8.000000e-01 2.103917e+03 1.306495e+00 2.083400e-04 1.797075e-07 1.772256e-07 1.990479e-11 2.754028e+13 2.684195e+13 3.092506e+09 8.367850e+12 8.155914e+12 9.396034e+08 
300 101325 8.500000e-01 2.181352e+03 1.474735e+00 2.083400e-04 2.848065e-07 2.727597e-07 3.059639e-11 4.133521e+13 3.930466e+13 4.499690e+09 1.256070e+13 1.194413e+13 1.367307e+09 
300 101325 9.000000e-01 2.246856e+03 1.622996e+00 2.083400e-04 4.212425e-07 3.898047e-07 4.415018e-11 5.808673e+13 5.734067e+13 6.095066e+09 1.765267e+13 1.742638e+13 1.852268e+09 
300 101325 9.500000e-01 2.302137e+03 1.760140e+00 2.109400e-04 5.979659e-07 5.457582e-07 6.171729e-11 7.896543e+13 7.701464e+13 8.142255e+09 2.400001e+13 2.340765e+13 2.474623e+09 
300 101325 1.000000e+00 2.344531e+03 1.891927e+00 1.901000e-04 8.212552e-07 8.041485e-07 8.253747e-11 1.039557e+14 1.003915e+14 1.059579e+10 3.159784e+13 3.051525e+13 3.220569e+09 
300 101325 1.050000e+00 2.369570e+03 2.005526e+00 1.875000e-04 1.100824e-06 1.082507e-06 1.099106e-10 1.338910e+14 1.294483e+14 1.354431e+10 4.069979e+13 3.935035e+13 4.117086e+09 
300 101325 1.100000e+00 2.371815e+03 2.106458e+00 2.031300e-04 1.449865e-06 1.324286e-06 1.464082e-10 1.692260e+14 1.645027e+14 1.703724e+10 5.144473e+13 5.000978e+13 5.179216e+09 
300 101325 1.150000e+00 2.362877e+03 2.197122e+00 2.005200e-04 1.845373e-06 1.732787e-06 1.867445e-10 2.076729e+14 1.913257e+14 2.128439e+10 6.313672e+13 5.816847e+13 6.470746e+09 
300 101325 1.200000e+00 2.344653e+03 2.272035e+00 1.953200e-04 2.321662e-06 2.219776e-06 2.359918e-10 2.519690e+14 2.368605e+14 2.597670e+10 7.660851e+13 7.201650e+13 7.897778e+09 
300 101325 1.250000e+00 2.319675e+03 2.329616e+00 2.109400e-04 2.857930e-06 2.549149e-06 2.984288e-10 2.996087e+14 2.874821e+14 3.122159e+10 9.109843e+13 8.741268e+13 9.492987e+09 
300 101325 1.300000e+00 2.297623e+03 2.375602e+00 2.083300e-04 3.451394e-06 3.205384e-06 3.659870e-10 3.502231e+14 3.187005e+14 3.760619e+10 1.064941e+14 9.691108e+13 1.143489e+10 
300 101325 1.350000e+00 2.277340e+03 2.408264e+00 2.239500e-04 4.096015e-06 3.525180e-06 4.478939e-10 4.031137e+14 3.764618e+14 4.404070e+10 1.225830e+14 1.144805e+14 1.339212e+10 
300 101325 1.400000e+00 2.251398e+03 2.423066e+00 2.213500e-04 4.793702e-06 4.349771e-06 5.370903e-10 4.576279e+14 4.070520e+14 5.188237e+10 1.391674e+14 1.237899e+14 1.577750e+10 
300 101325 1.450000e+00 2.229013e+03 2.426367e+00 2.161400e-04 5.505933e-06 5.148031e-06 6.324750e-10 5.108299e+14 4.742748e+14 5.950846e+10 1.553539e+14 1.442393e+14 1.809749e+10 
300 101325 1.500000e+00 2.207857e+03 2.417883e+00 2.552100e-04 6.218221e-06 4.976319e-06 7.565176e-10 5.617128e+14 5.348507e+14 6.706781e+10 1.708359e+14 1.626686e+14 2.039732e+10 
300 101325 1.550000e+00 2.182260e+03 2.394966e+00 2.526000e-04 6.889054e-06 5.931840e-06 8.695360e-10 6.063289e+14 5.095445e+14 7.719725e+10 1.844132e+14 1.549804e+14 2.347909e+10 
300 101325 1.600000e+00 2.161740e+03 2.361771e+00 2.500000e-04 7.531814e-06 6.871413e-06 9.894561e-10 6.465410e+14 5.773913e+14 8.573087e+10 1.966514e+14 1.756226e+14 2.607561e+10 
300 101325 1.650000e+00 2.136033e+03 2.296294e+00 2.864600e-04 8.058757e-06 6.462580e-06 1.136786e-09 6.738585e+14 5.323385e+14 9.580579e+10 2.049696e+14 1.619267e+14 2.914125e+10 
300 101325 1.700000e+00 2.113718e+03 2.238352e+00 3.229100e-04 8.479196e-06 5.888302e-06 1.276854e-09 6.935614e+14 5.866221e+14 1.030577e+11 2.109702e+14 1.784447e+14 3.134825e+10 
300 101325 1.750000e+00 2.090650e+03 2.161670e+00 3.229100e-04 8.758854e-06 6.903098e-06 1.396349e-09 6.992780e+14 5.277230e+14 1.118999e+11 2.127175e+14 1.605346e+14 3.403920e+10 
300 101325 1.800000e+00 2.069714e+03 2.084885e+00 3.593800e-04 8.880529e-06 6.313794e-06 1.525210e-09 6.934089e+14 4.817987e+14 1.195409e+11 2.109387e+14 1.465693e+14 3.636480e+10 



300 303975 5.000000e-01 1.573635e+03 1.934321e-01 1.620200e-04 9.797581e-10 8.382930e-10 7.636533e-14 1.887413e+11 1.730743e+11 1.459612e+07 5.747122e+10 5.270131e+10 4.444462e+06 
300 303975 5.500000e-01 1.662666e+03 2.847891e-01 1.270700e-04 3.143420e-09 2.997445e-09 2.067995e-13 5.630552e+11 5.249785e+11 3.724463e+07 1.714574e+11 1.598648e+11 1.134142e+07 
300 303975 6.000000e-01 1.738359e+03 3.778302e-01 1.207200e-04 7.424897e-09 6.581434e-09 4.418035e-13 1.251707e+12 1.195884e+12 7.368563e+07 3.811766e+11 3.641814e+11 2.243906e+07 
300 303975 6.500000e-01 1.833618e+03 5.091235e-01 1.080100e-04 1.831710e-08 1.676360e-08 9.732033e-13 2.875490e+12 2.705766e+12 1.526607e+08 8.757022e+11 8.240250e+11 4.649109e+07 
300 303975 7.000000e-01 1.927190e+03 6.473127e-01 9.689000e-05 3.993623e-08 3.623515e-08 1.928192e-12 5.862252e+12 5.590011e+12 2.834731e+08 1.785371e+12 1.702478e+12 8.633225e+07 
300 303975 7.500000e-01 2.013852e+03 7.943446e-01 9.372000e-05 7.708515e-08 6.908557e-08 3.480520e-12 1.063978e+13 9.957706e+12 4.807838e+08 3.240512e+12 3.032814e+12 1.464294e+08 
300 303975 8.000000e-01 2.097545e+03 9.425519e-01 8.737000e-05 1.382620e-07 1.217335e-07 5.886790e-12 1.800147e+13 1.698883e+13 7.687221e+08 5.482828e+12 5.174464e+12 2.341335e+08 
300 303975 8.500000e-01 2.173683e+03 1.092288e+00 8.259000e-05 2.311983e-07 2.106551e-07 9.403215e-12 2.854164e+13 2.723341e+13 1.160096e+09 8.693424e+12 8.295025e+12 3.533479e+08 
300 303975 9.000000e-01 2.245014e+03 1.236659e+00 6.989000e-05 3.659276e-07 3.613463e-07 1.407154e-11 4.290892e+13 4.221381e+13 1.678553e+09 1.306992e+13 1.285825e+13 5.112775e+08 
300 303975 9.500000e-01 2.310279e+03 1.376774e+00 7.148000e-05 5.555259e-07 5.451274e-07 2.106018e-11 6.202541e+13 6.004849e+13 2.383187e+09 1.889327e+13 1.829121e+13 7.259265e+08 
300 303975 1.000000e+00 2.364188e+03 1.508727e+00 6.989000e-05 8.105926e-07 7.812022e-07 3.035201e-11 8.639643e+13 8.300714e+13 3.284372e+09 2.631754e+13 2.528527e+13 1.000457e+09 
300 303975 1.050000e+00 2.395928e+03 1.627126e+00 6.989000e-05 1.122779e-06 1.089494e-06 4.185984e-11 1.148235e+14 1.097087e+14 4.335607e+09 3.497761e+13 3.341975e+13 1.320707e+09 
300 303975 1.100000e+00 2.401957e+03 1.733373e+00 6.910000e-05 1.524586e-06 1.495102e-06 5.675094e-11 1.497317e+14 1.450156e+14 5.647587e+09 4.561241e+13 4.417596e+13 1.720400e+09 
300 303975 1.150000e+00 2.384366e+03 1.833317e+00 7.942000e-05 2.019016e-06 1.722116e-06 7.793700e-11 1.904393e+14 1.859130e+14 7.219715e+09 5.801443e+13 5.663578e+13 2.199363e+09 
300 303975 1.200000e+00 2.360764e+03 1.905532e+00 7.783000e-05 2.579610e-06 2.279888e-06 1.012275e-10 2.345037e+14 2.200885e+14 9.166489e+09 7.143947e+13 6.704840e+13 2.792475e+09 
300 303975 1.250000e+00 2.336822e+03 1.959596e+00 7.783000e-05 3.206489e-06 2.988674e-06 1.287230e-10 2.811335e+14 2.519763e+14 1.136013e+10 8.564651e+13 7.676444e+13 3.460818e+09 
300 303975 1.300000e+00 2.312384e+03 1.995614e+00 8.895000e-05 3.866635e-06 3.145905e-06 1.636905e-10 3.275659e+14 3.096580e+14 1.365589e+10 9.979385e+13 9.433874e+13 4.160290e+09 
300 303975 1.350000e+00 2.288066e+03 2.011299e+00 8.736000e-05 4.525295e-06 3.900668e-06 1.988229e-10 3.720102e+14 3.125535e+14 1.642932e+10 1.133361e+14 9.522277e+13 5.005311e+09 
300 303975 1.400000e+00 2.262562e+03 2.006460e+00 9.848000e-05 5.143419e-06 3.888894e-06 2.394952e-10 4.104275e+14 3.650559e+14 1.883012e+10 1.250423e+14 1.112199e+14 5.736832e+09 
300 303975 1.450000e+00 2.239409e+03 1.986657e+00 9.689000e-05 5.691726e-06 4.678667e-06 2.784789e-10 4.422460e+14 3.525665e+14 2.169026e+10 1.347384e+14 1.074167e+14 6.608318e+09 
300 303975 1.500000e+00 2.213001e+03 1.942797e+00 1.080200e-04 6.142804e-06 4.641446e-06 3.247440e-10 4.636869e+14 3.460754e+14 2.455990e+10 1.412732e+14 1.054408e+14 7.482735e+09 
300 303975 1.550000e+00 2.194651e+03 1.900101e+00 1.207200e-04 6.428708e-06 4.514091e-06 3.642684e-10 4.741846e+14 3.197047e+14 2.683243e+10 1.444734e+14 9.740751e+13 8.175215e+09 
300 303975 1.600000e+00 2.173460e+03 1.834876e+00 1.318400e-04 6.536518e-06 4.348353e-06 4.019649e-10 4.711803e+14 2.993468e+14 2.885827e+10 1.435599e+14 9.120607e+13 8.792561e+09 
300 303975 1.650000e+00 2.151919e+03 1.752823e+00 1.429600e-04 6.420475e-06 4.164132e-06 4.314531e-10 4.524291e+14 2.792238e+14 3.022527e+10 1.378485e+14 8.507597e+13 9.209178e+09 
300 303975 1.700000e+00 2.131365e+03 1.653066e+00 1.667800e-04 6.058531e-06 3.429392e-06 4.571192e-10 4.180069e+14 2.229555e+14 3.121559e+10 1.273620e+14 6.793253e+13 9.511032e+09 
300 303975 1.750000e+00 2.112042e+03 1.550805e+00 1.906100e-04 5.508047e-06 2.822826e-06 4.634900e-10 3.727622e+14 1.784750e+14 3.093127e+10 1.135777e+14 5.438032e+13 9.424509e+09 
300 303975 1.800000e+00 2.093512e+03 1.444056e+00 2.398500e-04 4.775646e-06 1.786868e-06 4.552111e-10 3.178360e+14 1.419851e+14 2.929691e+10 9.684314e+13 4.326245e+13 8.926621e+09 



300 607950 5.000000e-01 1.580617e+03 1.111544e-01 1.000000e-04 3.918587e-10 3.339392e-10 1.874922e-14 6.934207e+10 6.370963e+10 3.273300e+06 2.113003e+10 1.941379e+10 9.974445e+05 
300 607950 5.500000e-01 1.674307e+03 1.856132e-01 7.790000e-05 1.764943e-09 1.557827e-09 6.770620e-14 2.871296e+11 2.464366e+11 1.104814e+07 8.749693e+10 7.509709e+10 3.366696e+06 
300 607950 6.000000e-01 1.746242e+03 2.542716e-01 6.744000e-05 4.536090e-09 4.127325e-09 1.532652e-13 6.936402e+11 6.141989e+11 2.355339e+07 2.113768e+11 1.871695e+11 7.177550e+06 
300 607950 6.500000e-01 1.834292e+03 3.514862e-01 5.814000e-05 1.191823e-08 1.105084e-08 3.551589e-13 1.699202e+12 1.560119e+12 5.100630e+07 5.178194e+11 4.754369e+11 1.554376e+07 
300 607950 7.000000e-01 1.930660e+03 4.658248e-01 5.232000e-05 2.889389e-08 2.729763e-08 7.742887e-13 3.831858e+12 3.516755e+12 1.032366e+08 1.167755e+12 1.071734e+12 3.146120e+07 
300 607950 7.500000e-01 2.016767e+03 5.845413e-01 4.883000e-05 5.915188e-08 5.459598e-08 1.472446e-12 7.348116e+12 6.707433e+12 1.844254e+08 2.239374e+12 2.044134e+12 5.620444e+07 
300 607950 8.000000e-01 2.089852e+03 6.934619e-01 4.535000e-05 1.029517e-07 9.670220e-08 2.424233e-12 1.211061e+13 1.127797e+13 2.882956e+08 3.690824e+12 3.437086e+12 8.786063e+07 
300 607950 8.500000e-01 2.167193e+03 8.149466e-01 4.651000e-05 1.789981e-07 1.588036e-07 4.061723e-12 1.991107e+13 1.903736e+13 4.493700e+08 6.068185e+12 5.801930e+12 1.369516e+08 
300 607950 9.000000e-01 2.250183e+03 9.568116e-01 4.244000e-05 3.095601e-07 2.898749e-07 6.721409e-12 3.241875e+13 2.979345e+13 7.108602e+08 9.880246e+12 9.080173e+12 2.166479e+08 
300 607950 9.500000e-01 2.306481e+03 1.059146e+00 4.302000e-05 4.494786e-07 4.106910e-07 9.645809e-12 4.521304e+13 4.035079e+13 9.778866e+08 1.377970e+13 1.229788e+13 2.980324e+08 
300 607950 1.000000e+00 2.363800e+03 1.177300e+00 4.302000e-05 6.677552e-07 5.954958e-07 1.416576e-11 6.406046e+13 6.180526e+13 1.349468e+09 1.952413e+13 1.883684e+13 4.112852e+08 
300 607950 1.050000e+00 2.408659e+03 1.292553e+00 4.302000e-05 9.701900e-07 8.735210e-07 2.056075e-11 8.892019e+13 8.622511e+13 1.868066e+09 2.710113e+13 2.627978e+13 5.693484e+08 
300 607950 1.100000e+00 2.413577e+03 1.402984e+00 4.186000e-05 1.400061e-06 1.272504e-06 2.988993e-11 1.220734e+14 1.083554e+14 2.628030e+09 3.720610e+13 3.302518e+13 8.009808e+08 
300 607950 1.150000e+00 2.397760e+03 1.486297e+00 4.593000e-05 1.832186e-06 1.508845e-06 4.029736e-11 1.542651e+14 1.406677e+14 3.363066e+09 4.701806e+13 4.287389e+13 1.025018e+09 
300 607950 1.200000e+00 2.375822e+03 1.564082e+00 4.535000e-05 2.345527e-06 2.019851e-06 5.271725e-11 1.902874e+14 1.592449e+14 4.294084e+09 5.799782e+13 4.853655e+13 1.308794e+09 
300 607950 1.250000e+00 2.350902e+03 1.612028e+00 4.942000e-05 2.899899e-06 2.319119e-06 6.835113e-11 2.271334e+14 2.013460e+14 5.299573e+09 6.922884e+13 6.136920e+13 1.615274e+09 
300 607950 1.300000e+00 2.325857e+03 1.637912e+00 4.883000e-05 3.428859e-06 2.947406e-06 8.440072e-11 2.601062e+14 2.170770e+14 6.415436e+09 7.927950e+13 6.616456e+13 1.955400e+09 
300 607950 1.350000e+00 2.300752e+03 1.640932e+00 5.290000e-05 3.890934e-06 3.203124e-06 1.020989e-10 2.867593e+14 2.282445e+14 7.519730e+09 8.740403e+13 6.956903e+13 2.292006e+09 
300 607950 1.400000e+00 2.274361e+03 1.621785e+00 6.105000e-05 4.254917e-06 2.945110e-06 1.216125e-10 3.042511e+14 2.614780e+14 8.455027e+09 9.273638e+13 7.969925e+13 2.577106e+09 
300 607950 1.450000e+00 2.253202e+03 1.590243e+00 6.977000e-05 4.462379e-06 2.675400e-06 1.386838e-10 3.119609e+14 2.337488e+14 9.449359e+09 9.508703e+13 7.124787e+13 2.880202e+09 
300 607950 1.500000e+00 2.229553e+03 1.536549e+00 6.861000e-05 4.486327e-06 3.119629e-06 1.499473e-10 3.061331e+14 2.060675e+14 1.018242e+10 9.331139e+13 6.281093e+13 3.103667e+09 
300 607950 1.550000e+00 2.203665e+03 1.451421e+00 8.721000e-05 4.246748e-06 2.250234e-06 1.605975e-10 2.836599e+14 1.767900e+14 1.044358e+10 8.646203e+13 5.388733e+13 3.183291e+09 
300 607950 1.600000e+00 2.182385e+03 1.371397e+00 9.535000e-05 3.877070e-06 2.006283e-06 1.625530e-10 2.542651e+14 1.209081e+14 1.050239e+10 7.750272e+13 3.685419e+13 3.201240e+09 
300 607950 1.650000e+00 2.162101e+03 1.282735e+00 1.034900e-04 3.353066e-06 1.727101e-06 1.548750e-10 2.165742e+14 1.048792e+14 9.847644e+09 6.601451e+13 3.196861e+13 3.001684e+09 
300 607950 1.700000e+00 2.143148e+03 1.188107e+00 1.209300e-04 2.744360e-06 1.194652e-06 1.404364e-10 1.752050e+14 7.100547e+13 8.795249e+09 5.340496e+13 2.164354e+13 2.680915e+09 
300 607950 1.750000e+00 2.123723e+03 1.086665e+00 1.197600e-04 2.120181e-06 1.085163e-06 1.145974e-10 1.342081e+14 6.422655e+13 7.134326e+09 4.090873e+13 1.957731e+13 2.174653e+09 
300 607950 1.800000e+00 2.101357e+03 9.824898e-01 1.383700e-04 1.523380e-06 6.623862e-07 8.755632e-11 9.618017e+13 5.327427e+13 5.327423e+09 2.931735e+13 1.623895e+13 1.623889e+09 



300 911925 5.000000e-01 1.590833e+03 7.415394e-02 7.557000e-05 1.845127e-10 1.650929e-10 6.982095e-15 3.098562e+10 2.776750e+10 1.177946e+06 9.444284e+09 8.463440e+09 3.590328e+05 
300 911925 5.500000e-01 1.674528e+03 1.290933e-01 6.104000e-05 9.360802e-10 8.034403e-10 2.776991e-14 1.453738e+11 1.324332e+11 4.291423e+06 4.431002e+10 4.036584e+10 1.308028e+06 
300 911925 6.000000e-01 1.770675e+03 2.064832e-01 4.941000e-05 3.768494e-09 3.371989e-09 9.163027e-14 5.387651e+11 4.713490e+11 1.313836e+07 1.642188e+11 1.436705e+11 4.004646e+06 
300 911925 6.500000e-01 1.837437e+03 2.697278e-01 4.554000e-05 8.480768e-09 7.190167e-09 1.865863e-13 1.147033e+12 1.052748e+12 2.503456e+07 3.496261e+11 3.208883e+11 7.630757e+06 
300 911925 7.000000e-01 1.930659e+03 3.673316e-01 3.682000e-05 2.194065e-08 2.047118e-08 4.241052e-13 2.751977e+12 2.568770e+12 5.366850e+07 8.388396e+11 7.829977e+11 1.635886e+07 
300 911925 7.500000e-01 2.006985e+03 4.572125e-01 3.487000e-05 4.344021e-08 4.026744e-08 7.829720e-13 5.128696e+12 4.628910e+12 9.300697e+07 1.563313e+12 1.410974e+12 2.835006e+07 
300 911925 8.000000e-01 2.091803e+03 5.629897e-01 3.246000e-05 8.493760e-08 8.010956e-08 1.433202e-12 9.417957e+12 8.783147e+12 1.603223e+08 2.870784e+12 2.677288e+12 4.886943e+07 
300 911925 8.500000e-01 2.169886e+03 6.712464e-01 3.343000e-05 1.513851e-07 1.338541e-07 2.467969e-12 1.582080e+13 1.523687e+13 2.551408e+08 4.822549e+12 4.644564e+12 7.777279e+07 
300 911925 9.000000e-01 2.238464e+03 7.734781e-01 3.003000e-05 2.444596e-07 2.310659e-07 3.822166e-12 2.428077e+13 2.272515e+13 3.834847e+08 7.401411e+12 6.927237e+12 1.168960e+08 
300 911925 9.500000e-01 2.307515e+03 8.790386e-01 3.052000e-05 3.869487e-07 3.554850e-07 5.964721e-12 3.654154e+13 3.253893e+13 5.667697e+08 1.113892e+13 9.918832e+12 1.727675e+08 
300 911925 1.000000e+00 2.367207e+03 9.866669e-01 3.052000e-05 5.839999e-07 5.208875e-07 8.923457e-12 5.253916e+13 4.612553e+13 8.087259e+08 1.601558e+13 1.406054e+13 2.465247e+08 
300 911925 1.050000e+00 2.413940e+03 1.088837e+00 3.052000e-05 8.572759e-07 7.704851e-07 1.312512e-11 7.353080e+13 6.389782e+13 1.132171e+09 2.241467e+13 1.947827e+13 3.451236e+08 
300 911925 1.100000e+00 2.420886e+03 1.187280e+00 3.003000e-05 1.211589e-06 1.105342e-06 1.873857e-11 9.945511e+13 8.802298e+13 1.545269e+09 3.031753e+13 2.683266e+13 4.710533e+08 
300 911925 1.150000e+00 2.391345e+03 1.283844e+00 3.343000e-05 1.738692e-06 1.436598e-06 2.827656e-11 1.354444e+14 1.244031e+14 2.166925e+09 4.128877e+13 3.792301e+13 6.605632e+08 
300 911925 1.200000e+00 2.377464e+03 1.335362e+00 3.294000e-05 2.073110e-06 1.775507e-06 3.442924e-11 1.574267e+14 1.319760e+14 2.621353e+09 4.799007e+13 4.023175e+13 7.990943e+08 
300 911925 1.250000e+00 2.352566e+03 1.379690e+00 3.633000e-05 2.509671e-06 1.957655e-06 4.415425e-11 1.843073e+14 1.398587e+14 3.241091e+09 5.618475e+13 4.263502e+13 9.880222e+08 
300 911925 1.300000e+00 2.326730e+03 1.397311e+00 3.972000e-05 2.888940e-06 2.088964e-06 5.432483e-11 2.058616e+14 1.699963e+14 3.809280e+09 6.275582e+13 5.182256e+13 1.161238e+09 
300 911925 1.350000e+00 2.295763e+03 1.385859e+00 4.312000e-05 3.184182e-06 2.255671e-06 6.549161e-11 2.197548e+14 1.500113e+14 4.496369e+09 6.699155e+13 4.573059e+13 1.370703e+09 
300 911925 1.400000e+00 2.271132e+03 1.357111e+00 5.038000e-05 3.292127e-06 1.958299e-06 7.447524e-11 2.214766e+14 1.717667e+14 4.856010e+09 6.751683e+13 5.236292e+13 1.480346e+09 
300 911925 1.450000e+00 2.256639e+03 1.326606e+00 4.990000e-05 3.305713e-06 2.224131e-06 7.896848e-11 2.188019e+14 1.409996e+14 5.188425e+09 6.670166e+13 4.298377e+13 1.581688e+09 
300 911925 1.500000e+00 2.227701e+03 1.249543e+00 5.717000e-05 3.035428e-06 1.903517e-06 8.176563e-11 1.965067e+14 1.171199e+14 5.240155e+09 5.990530e+13 3.570423e+13 1.597467e+09 
300 911925 1.550000e+00 2.206921e+03 1.182374e+00 7.218000e-05 2.703230e-06 1.224796e-06 8.172646e-11 1.726655e+14 9.426384e+13 5.059880e+09 5.263749e+13 2.873663e+13 1.542517e+09 
300 911925 1.600000e+00 2.185514e+03 1.099159e+00 7.945000e-05 2.241635e-06 9.910504e-07 7.415602e-11 1.414585e+14 7.225060e+13 4.533511e+09 4.312415e+13 2.202591e+13 1.382057e+09 
300 911925 1.650000e+00 2.165628e+03 1.017925e+00 8.623000e-05 1.766547e-06 7.462995e-07 6.296556e-11 1.105604e+14 5.288541e+13 3.822469e+09 3.370487e+13 1.612241e+13 1.165298e+09 
300 911925 1.700000e+00 2.144201e+03 9.330496e-01 8.526000e-05 1.320594e-06 6.367715e-07 4.918181e-11 8.227348e+13 3.746038e+13 3.020869e+09 2.508155e+13 1.142004e+13 9.209296e+08 
300 911925 1.750000e+00 2.125235e+03 8.650088e-01 8.526000e-05 9.923503e-07 5.429884e-07 3.824296e-11 6.173522e+13 3.126303e+13 2.345670e+09 1.882039e+13 9.530764e+12 7.150931e+08 
300 911925 1.800000e+00 2.106232e+03 8.018918e-01 8.429000e-05 7.309282e-07 4.355682e-07 2.890195e-11 4.552292e+13 2.578792e+13 1.779523e+09 1.387801e+13 7.861658e+12 5.425012e+08 



300 1215900 5.000000e-01 1.594331e+03 5.118309e-02 6.980000e-05 7.681585e-11 6.854090e-11 2.668211e-15 1.250585e+10 1.120604e+10 4.360797e+05 3.812188e+09 3.415970e+09 1.329312e+05 
300 1215900 5.500000e-01 1.689682e+03 1.034555e-01 4.937000e-05 6.596028e-10 5.919963e-10 1.613575e-14 9.784562e+10 8.694948e+10 2.407163e+06 2.982691e+10 2.650543e+10 7.337909e+05 
300 1215900 6.000000e-01 1.779899e+03 1.673195e-01 4.086000e-05 2.794536e-09 2.459097e-09 5.550127e-14 3.836016e+11 3.315294e+11 7.645442e+06 1.169371e+11 1.010637e+11 2.330636e+06 
300 1215900 6.500000e-01 1.831930e+03 2.112966e-01 3.746000e-05 5.689841e-09 4.734868e-09 1.033044e-13 7.467678e+11 6.825732e+11 1.343143e+07 2.276462e+11 2.080774e+11 4.094462e+06 
300 1215900 7.000000e-01 1.929626e+03 3.014299e-01 3.149000e-05 1.675274e-08 1.519537e-08 2.641498e-13 2.026085e+12 1.806225e+12 3.211787e+07 6.176424e+11 5.506205e+11 9.790977e+06 
300 1215900 7.500000e-01 2.017675e+03 3.929464e-01 2.979000e-05 3.809752e-08 3.261894e-08 5.512904e-13 4.302162e+12 4.086495e+12 6.144906e+07 1.311507e+12 1.245763e+12 1.873262e+07 
300 1215900 8.000000e-01 2.089116e+03 4.748008e-01 2.766000e-05 6.917340e-08 6.141001e-08 9.445649e-13 7.395738e+12 6.850019e+12 1.005759e+08 2.254594e+12 2.088235e+12 3.066058e+07 
300 1215900 9.000000e-01 2.241273e+03 6.650106e-01 2.554000e-05 2.125774e-07 1.853307e-07 2.666035e-12 2.025033e+13 1.856850e+13 2.532550e+08 6.173408e+12 5.660706e+12 7.720592e+07 
300 1215900 9.500000e-01 2.309068e+03 7.597393e-01 2.255000e-05 3.364727e-07 3.226210e-07 4.067388e-12 3.043389e+13 2.868850e+13 3.712393e+08 9.277978e+12 8.745894e+12 1.131747e+08 
300 1215900 1.000000e+00 2.372637e+03 8.552115e-01 2.298000e-05 5.148507e-07 4.899086e-07 6.207428e-12 4.435113e+13 4.137541e+13 5.383850e+08 1.352083e+13 1.261367e+13 1.641312e+08 
300 1215900 1.050000e+00 2.420083e+03 9.490488e-01 2.255000e-05 7.602464e-07 7.165609e-07 9.191018e-12 6.247035e+13 5.852785e+13 7.610756e+08 1.904474e+13 1.784285e+13 2.320217e+08 
300 1215900 1.100000e+00 2.423976e+03 1.045642e+00 2.596000e-05 1.091790e-06 9.160316e-07 1.375017e-11 8.548153e+13 8.092319e+13 1.055927e+09 2.606011e+13 2.467047e+13 3.219122e+08 
300 1215900 1.150000e+00 2.405287e+03 1.116402e+00 2.554000e-05 1.431222e-06 1.243528e-06 1.847383e-11 1.079542e+14 9.051381e+13 1.394814e+09 3.291134e+13 2.759445e+13 4.252284e+08 
300 1215900 1.200000e+00 2.379525e+03 1.172183e+00 2.851000e-05 1.808101e-06 1.385620e-06 2.468621e-11 1.314719e+14 1.153753e+14 1.759898e+09 4.008127e+13 3.517401e+13 5.365321e+08 
300 1215900 1.250000e+00 2.353272e+03 1.205890e+00 3.150000e-05 2.145372e-06 1.475336e-06 3.132975e-11 1.509712e+14 1.227011e+14 2.167425e+09 4.602618e+13 3.740760e+13 6.607762e+08 
300 1215900 1.300000e+00 2.327381e+03 1.216726e+00 3.490000e-05 2.399462e-06 1.562197e-06 3.780031e-11 1.640800e+14 1.227970e+14 2.535950e+09 5.002283e+13 3.743702e+13 7.731310e+08 
300 1215900 1.350000e+00 2.301973e+03 1.206953e+00 3.788000e-05 2.534122e-06 1.574476e-06 4.331640e-11 1.690800e+14 1.191849e+14 2.830242e+09 5.154742e+13 3.633594e+13 8.628553e+08 
300 1215900 1.400000e+00 2.278774e+03 1.179503e+00 3.746000e-05 2.545477e-06 1.834642e-06 4.684056e-11 1.660363e+14 1.135516e+14 3.031047e+09 5.061967e+13 3.461866e+13 9.240785e+08 
300 1215900 1.450000e+00 2.261669e+03 1.151815e+00 4.384000e-05 2.478557e-06 1.488121e-06 4.978043e-11 1.589110e+14 8.934654e+13 3.155333e+09 4.844751e+13 2.723931e+13 9.619725e+08 
300 1215900 1.500000e+00 2.238821e+03 1.097687e+00 5.022000e-05 2.235803e-06 1.193844e-06 4.966267e-11 1.411213e+14 6.992272e+13 3.089310e+09 4.302410e+13 2.131759e+13 9.418473e+08 
300 1215900 1.550000e+00 2.213684e+03 1.017893e+00 5.661000e-05 1.838440e-06 9.161144e-07 4.521032e-11 1.145842e+14 5.279936e+13 2.774077e+09 3.493375e+13 1.609719e+13 8.457444e+08 
300 1215900 1.600000e+00 2.193442e+03 9.492883e-01 6.299000e-05 1.466826e-06 6.718123e-07 3.893570e-11 9.067627e+13 4.933336e+13 2.332589e+09 2.764493e+13 1.504053e+13 7.111482e+08 
300 1215900 1.650000e+00 2.167111e+03 8.642080e-01 6.214000e-05 1.056767e-06 5.586838e-07 2.954674e-11 6.525002e+13 3.200371e+13 1.796647e+09 1.989316e+13 9.757177e+12 5.477543e+08 
300 1215900 1.700000e+00 2.145907e+03 7.997010e-01 6.810000e-05 7.813714e-07 3.649432e-07 2.291356e-11 4.818915e+13 2.688800e+13 1.376333e+09 1.469175e+13 8.197537e+12 4.196117e+08 
300 1215900 1.750000e+00 2.125358e+03 7.412432e-01 6.810000e-05 5.717440e-07 3.012679e-07 1.732147e-11 3.537105e+13 1.729489e+13 1.056333e+09 1.078383e+13 5.272829e+12 3.220521e+08 
300 1215900 1.800000e+00 2.106552e+03 6.932678e-01 7.406000e-05 4.247794e-07 1.979461e-07 1.343091e-11 2.636252e+13 1.440874e+13 8.118204e+08 8.037353e+12 4.392915e+12 2.475062e+08 



500 101325 5.000000e-01 1.739877e+03 1.413429e+00 2.916600e-04 1.328737e-08 1.238957e-08 1.946734e-12 2.932951e+12 2.723814e+12 4.354580e+08 8.902703e+11 8.268486e+11 1.321731e+08 
500 101325 5.500000e-01 1.842854e+03 1.804095e+00 2.698000e-04 2.956146e-08 2.785378e-08 3.918192e-12 6.051243e+12 6.010444e+12 7.987665e+08 1.837174e+12 1.824815e+12 2.424959e+08 
500 101325 6.000000e-01 1.939376e+03 2.196588e+00 2.406300e-04 5.777063e-08 5.542399e-08 7.049778e-12 1.102247e+13 1.050384e+13 1.364711e+09 3.347004e+12 3.189756e+12 4.143896e+08 
500 101325 6.500000e-01 2.031127e+03 2.568772e+00 2.151000e-04 1.016624e-07 1.009268e-07 1.151368e-11 1.822961e+13 1.786645e+13 2.092882e+09 5.536482e+12 5.426347e+12 6.355998e+08 
500 101325 7.000000e-01 2.115963e+03 2.920443e+00 2.151000e-04 1.665523e-07 1.595846e-07 1.805622e-11 2.805426e+13 2.652255e+13 3.083173e+09 8.521517e+12 8.056705e+12 9.364886e+08 
500 101325 7.500000e-01 2.190709e+03 3.246990e+00 2.151000e-04 2.556216e-07 2.336174e-07 2.685087e-11 4.074603e+13 4.047691e+13 4.243574e+09 1.237831e+13 1.229673e+13 1.289115e+09 
500 101325 8.000000e-01 2.259505e+03 3.551326e+00 1.895900e-04 3.751770e-07 3.720101e-07 3.751894e-11 5.678923e+13 5.592671e+13 5.777756e+09 1.725413e+13 1.699241e+13 1.755378e+09 
500 101325 8.500000e-01 2.320680e+03 3.829016e+00 1.895900e-04 5.316283e-07 5.191765e-07 5.216628e-11 7.663499e+13 7.422234e+13 7.641458e+09 2.328621e+13 2.255379e+13 2.321854e+09 
500 101325 9.000000e-01 2.372793e+03 4.091889e+00 1.895900e-04 7.319692e-07 7.046065e-07 7.070361e-11 1.006801e+14 9.617181e+13 9.885016e+09 3.059529e+13 2.922645e+13 3.003854e+09 
500 101325 9.500000e-01 2.415805e+03 4.329450e+00 1.895900e-04 9.816968e-07 9.384013e-07 9.391598e-11 1.292757e+14 1.208453e+14 1.253608e+10 3.928871e+13 3.672811e+13 3.809807e+09 
500 101325 1.000000e+00 2.449305e+03 4.544615e+00 1.859400e-04 1.288431e-06 1.217235e-06 1.221602e-10 1.626375e+14 1.529577e+14 1.567510e+10 4.943180e+13 4.649158e+13 4.764178e+09 
500 101325 1.050000e+00 2.468330e+03 4.737107e+00 1.859400e-04 1.657837e-06 1.594086e-06 1.566616e-10 2.012888e+14 1.897686e+14 1.928525e+10 6.118438e+13 5.768449e+13 5.861879e+09 
500 101325 1.100000e+00 2.474378e+03 4.914602e+00 1.823000e-04 2.093033e-06 2.038194e-06 1.974992e-10 2.447309e+14 2.343670e+14 2.342990e+10 7.439447e+13 7.124585e+13 7.122183e+09 
500 101325 1.150000e+00 2.469318e+03 5.060349e+00 1.750000e-04 2.606266e-06 2.549695e-06 2.450713e-10 2.935723e+14 2.861578e+14 2.812778e+10 8.924726e+13 8.699503e+13 8.550811e+09 
500 101325 1.200000e+00 2.458554e+03 5.191399e+00 2.005200e-04 3.195929e-06 2.823253e-06 3.096114e-10 3.472670e+14 3.413276e+14 3.332109e+10 1.055779e+14 1.037734e+14 1.013022e+10 
500 101325 1.250000e+00 2.440472e+03 5.291479e+00 1.968700e-04 3.852462e-06 3.544736e-06 3.760044e-10 4.054419e+14 3.895369e+14 3.968807e+10 1.232715e+14 1.184381e+14 1.206663e+10 
500 101325 1.300000e+00 2.422830e+03 5.378627e+00 1.932300e-04 4.596789e-06 4.359190e-06 4.538198e-10 4.677753e+14 4.359065e+14 4.686711e+10 1.422310e+14 1.325447e+14 1.425015e+10 
500 101325 1.350000e+00 2.402642e+03 5.436882e+00 1.859300e-04 5.399630e-06 5.188704e-06 5.398657e-10 5.331115e+14 5.113724e+14 5.422051e+10 1.621064e+14 1.554987e+14 1.648687e+10 
500 101325 1.400000e+00 2.381581e+03 5.468770e+00 2.114600e-04 6.272166e-06 5.441767e-06 6.532200e-10 6.008163e+14 5.877365e+14 6.201334e+10 1.827025e+14 1.787276e+14 1.885739e+10 
500 101325 1.450000e+00 2.361298e+03 5.490809e+00 2.078100e-04 7.193446e-06 6.511163e-06 7.661587e-10 6.690042e+14 6.039333e+14 7.231650e+10 2.034483e+14 1.836639e+14 2.199155e+10 
500 101325 1.500000e+00 2.338832e+03 5.489133e+00 2.041700e-04 8.140781e-06 7.632788e-06 8.841521e-10 7.372519e+14 6.880654e+14 8.129550e+10 2.242126e+14 2.092581e+14 2.472321e+10 
500 101325 1.550000e+00 2.319207e+03 5.469302e+00 2.333400e-04 9.117012e-06 7.877127e-06 1.039753e-09 8.032218e+14 6.757730e+14 9.262742e+10 2.442853e+14 2.055299e+14 2.817068e+10 
500 101325 1.600000e+00 2.297921e+03 5.424485e+00 2.296900e-04 1.008431e-05 9.101560e-06 1.183411e-09 8.665162e+14 7.651835e+14 1.028177e+11 2.635470e+14 2.327321e+14 3.127118e+10 
500 101325 1.650000e+00 2.276831e+03 5.363471e+00 2.552000e-04 1.102735e-05 9.005776e-06 1.357819e-09 9.232953e+14 8.498034e+14 1.129213e+11 2.808266e+14 2.584786e+14 3.434547e+10 
500 101325 1.700000e+00 2.257032e+03 5.288564e+00 2.515600e-04 1.189879e-05 1.026327e-05 1.517372e-09 9.735987e+14 8.186456e+14 1.253620e+11 2.961384e+14 2.490120e+14 3.813083e+10 
500 101325 1.750000e+00 2.237077e+03 5.199187e+00 2.770800e-04 1.270408e-05 1.000663e-05 1.709231e-09 1.015200e+15 7.917810e+14 1.379013e+11 3.088037e+14 2.408496e+14 4.194641e+10 
500 101325 1.800000e+00 2.216984e+03 5.089873e+00 3.026100e-04 1.340596e-05 9.626318e-06 1.901756e-09 1.047393e+15 8.716723e+14 1.479961e+11 3.186066e+14 2.651598e+14 4.501860e+10 



500 303975 5.000000e-01 1.730458e+03 8.341887e-01 1.209800e-04 6.124325e-09 5.209959e-09 3.551020e-13 1.158863e+12 1.078332e+12 6.696247e+07 3.528562e+11 3.283415e+11 2.038885e+07 
500 303975 5.500000e-01 1.834075e+03 1.147327e+00 1.025700e-04 1.648963e-08 1.463871e-08 8.403885e-13 2.877515e+12 2.780488e+12 1.459447e+08 8.762105e+11 8.466801e+11 4.444028e+07 
500 303975 6.000000e-01 1.932138e+03 1.480750e+00 9.468000e-05 3.716399e-08 3.316786e-08 1.720768e-12 6.028295e+12 5.888845e+12 2.778529e+08 1.835735e+12 1.793297e+12 8.461116e+07 
500 303975 6.500000e-01 2.022356e+03 1.804617e+00 8.548000e-05 7.231106e-08 6.662759e-08 3.093157e-12 1.098798e+13 1.005820e+13 4.757693e+08 3.346230e+12 3.063139e+12 1.448873e+08 
500 303975 7.000000e-01 2.108448e+03 2.137356e+00 7.627000e-05 1.301561e-07 1.262990e-07 5.189507e-12 1.857774e+13 1.774632e+13 7.510145e+08 5.657837e+12 5.404698e+12 2.287186e+08 
500 303975 7.500000e-01 2.189738e+03 2.470017e+00 7.759000e-05 2.183883e-07 2.046183e-07 8.384183e-12 2.940075e+13 2.827397e+13 1.130000e+09 8.954329e+12 8.611265e+12 3.441515e+08 
500 303975 8.000000e-01 2.264822e+03 2.788827e+00 7.759000e-05 3.463798e-07 3.084637e-07 1.286868e-11 4.411880e+13 4.347775e+13 1.626609e+09 1.343739e+13 1.324224e+13 4.954165e+08 
500 303975 8.500000e-01 2.332825e+03 3.090956e+00 6.707000e-05 5.234477e-07 5.105868e-07 1.858138e-11 6.329283e+13 6.129113e+13 2.283145e+09 1.927792e+13 1.866842e+13 6.954017e+08 
500 303975 9.000000e-01 2.394328e+03 3.376178e+00 6.707000e-05 7.600991e-07 7.307525e-07 2.658890e-11 8.755360e+13 8.343968e+13 3.107713e+09 2.666823e+13 2.541538e+13 9.465793e+08 
500 303975 9.500000e-01 2.446586e+03 3.639998e+00 6.707000e-05 1.069164e-06 1.016639e-06 3.698479e-11 1.174390e+14 1.108243e+14 4.124343e+09 3.577206e+13 3.375759e+13 1.256272e+09 
500 303975 1.000000e+00 2.485593e+03 3.880327e+00 6.707000e-05 1.458657e-06 1.388033e-06 5.022477e-11 1.532706e+14 1.424226e+14 5.346625e+09 4.668767e+13 4.338377e+13 1.628623e+09 
500 303975 1.050000e+00 2.507967e+03 4.095051e+00 6.575000e-05 1.938099e-06 1.845703e-06 6.663145e-11 1.954666e+14 1.845725e+14 6.818313e+09 5.954254e+13 5.622448e+13 2.076963e+09 
500 303975 1.100000e+00 2.511449e+03 4.282971e+00 6.444000e-05 2.512455e-06 2.418034e-06 8.646308e-11 2.435330e+14 2.330143e+14 8.509764e+09 7.418617e+13 7.098239e+13 2.592266e+09 
500 303975 1.150000e+00 2.502721e+03 4.445850e+00 6.444000e-05 3.166201e-06 3.117635e-06 1.096245e-10 2.958357e+14 2.872056e+14 1.039256e+10 9.012073e+13 8.749216e+13 3.165875e+09 
500 303975 1.200000e+00 2.485830e+03 4.575506e+00 7.233000e-05 3.932076e-06 3.459030e-06 1.414491e-10 3.541156e+14 3.491181e+14 1.256598e+10 1.078768e+14 1.063548e+14 3.828042e+09 
500 303975 1.250000e+00 2.464964e+03 4.675881e+00 7.101000e-05 4.773900e-06 4.368006e-06 1.750483e-10 4.151121e+14 3.766280e+14 1.541533e+10 1.264610e+14 1.147381e+14 4.696153e+09 
500 303975 1.300000e+00 2.443442e+03 4.744743e+00 7.101000e-05 5.681442e-06 5.436945e-06 2.130235e-10 4.787332e+14 4.485728e+14 1.813839e+10 1.458456e+14 1.366581e+14 5.525814e+09 
500 303975 1.350000e+00 2.421644e+03 4.786673e+00 8.022000e-05 6.640808e-06 5.751115e-06 2.617719e-10 5.419120e+14 4.544156e+14 2.150811e+10 1.650958e+14 1.384408e+14 6.552510e+09 
500 303975 1.400000e+00 2.397682e+03 4.794801e+00 7.890000e-05 7.593528e-06 6.894923e-06 3.081188e-10 6.017653e+14 5.313109e+14 2.460485e+10 1.833336e+14 1.618700e+14 7.496070e+09 
500 303975 1.450000e+00 2.376190e+03 4.780068e+00 8.811000e-05 8.544044e-06 6.998040e-06 3.661623e-10 6.578624e+14 6.060393e+14 2.780997e+10 2.004271e+14 1.846396e+14 8.472673e+09 
500 303975 1.500000e+00 2.354293e+03 4.735679e+00 8.679000e-05 9.425676e-06 8.199202e-06 4.198857e-10 7.065611e+14 5.960104e+14 3.164923e+10 2.152672e+14 1.815871e+14 9.642503e+09 
500 303975 1.550000e+00 2.332388e+03 4.665212e+00 9.600000e-05 1.020322e-05 8.129300e-06 4.828563e-10 7.451349e+14 5.836186e+14 3.543293e+10 2.270228e+14 1.778143e+14 1.079543e+10 
500 303975 1.600000e+00 2.311791e+03 4.568907e+00 1.065200e-04 1.085887e-05 8.120208e-06 5.473893e-10 7.737876e+14 5.538458e+14 3.904610e+10 2.357554e+14 1.687455e+14 1.189643e+10 
500 303975 1.650000e+00 2.291394e+03 4.455372e+00 1.052000e-04 1.132994e-05 9.223328e-06 6.018028e-10 7.885914e+14 6.175288e+14 4.194555e+10 2.402689e+14 1.881506e+14 1.277999e+10 
500 303975 1.700000e+00 2.272414e+03 4.334480e+00 1.249200e-04 1.159357e-05 7.642362e-06 6.695627e-10 7.903825e+14 5.814104e+14 4.493196e+10 2.408174e+14 1.771480e+14 1.369005e+10 
500 303975 1.750000e+00 2.253900e+03 4.184398e+00 1.446500e-04 1.165227e-05 6.407900e-06 7.358936e-10 7.763420e+14 5.595042e+14 4.774783e+10 2.365423e+14 1.704754e+14 1.454817e+10 
500 303975 1.800000e+00 2.233198e+03 3.994549e+00 1.433300e-04 1.137256e-05 7.323958e-06 7.722475e-10 7.417958e+14 4.580598e+14 5.004558e+10 2.260190e+14 1.395680e+14 1.524845e+10 



500 607950 5.000000e-01 1.729052e+03 5.315152e-01 7.054000e-05 3.247953e-09 2.795410e-09 1.091443e-13 5.578754e+11 4.985949e+11 1.861014e+07 1.699937e+11 1.519311e+11 5.670796e+06 
500 607950 5.500000e-01 1.825427e+03 7.617326e-01 6.062000e-05 9.556171e-09 8.175524e-09 2.786425e-13 1.512830e+12 1.386245e+12 4.391922e+07 4.609969e+11 4.224266e+11 1.338324e+07 
500 607950 6.000000e-01 1.922294e+03 1.012124e+00 5.401000e-05 2.359430e-08 2.052568e-08 6.147752e-13 3.462119e+12 3.238121e+12 8.983730e+07 1.055021e+12 9.867684e+11 2.737628e+07 
500 607950 6.500000e-01 2.013813e+03 1.291240e+00 4.629000e-05 5.068770e-08 4.734686e-08 1.199949e-12 6.910043e+12 6.371112e+12 1.654648e+08 2.105764e+12 1.941548e+12 5.042358e+07 
500 607950 7.000000e-01 2.103641e+03 1.584116e+00 4.299000e-05 9.981729e-08 9.469376e-08 2.201428e-12 1.271655e+13 1.193092e+13 2.840461e+08 3.875332e+12 3.635934e+12 8.656179e+07 
500 607950 7.500000e-01 2.183051e+03 1.858474e+00 4.299000e-05 1.723179e-07 1.518833e-07 3.645536e-12 2.074164e+13 1.990332e+13 4.375880e+08 6.321058e+12 6.065613e+12 1.333555e+08 
500 607950 8.000000e-01 2.260047e+03 2.150307e+00 3.968000e-05 2.852572e-07 2.708309e-07 5.770187e-12 3.243960e+13 2.964974e+13 6.622343e+08 9.886209e+12 9.036045e+12 2.018203e+08 
500 607950 8.500000e-01 2.332218e+03 2.425733e+00 3.968000e-05 4.488437e-07 4.082217e-07 8.836841e-12 4.830892e+13 4.748830e+13 9.482170e+08 1.472277e+13 1.447270e+13 2.889799e+08 
500 607950 9.000000e-01 2.397045e+03 2.693956e+00 4.023000e-05 6.737860e-07 5.994235e-07 1.306714e-11 6.910996e+13 6.666402e+13 1.333054e+09 2.106244e+13 2.031708e+13 4.062695e+08 
500 607950 9.500000e-01 2.455191e+03 2.951957e+00 3.582000e-05 9.777231e-07 9.457677e-07 1.842962e-11 9.547659e+13 9.096486e+13 1.823564e+09 2.909854e+13 2.772360e+13 5.557681e+08 
500 607950 1.000000e+00 2.501852e+03 3.189959e+00 3.582000e-05 1.371510e-06 1.324332e-06 2.577005e-11 1.279438e+14 1.216999e+14 2.435046e+09 3.899413e+13 3.709126e+13 7.421397e+08 
500 607950 1.050000e+00 2.529865e+03 3.406056e+00 3.968000e-05 1.864058e-06 1.619722e-06 3.572314e-11 1.667095e+14 1.585130e+14 3.173666e+09 5.080957e+13 4.831164e+13 9.672644e+08 
500 607950 1.100000e+00 2.533563e+03 3.598812e+00 3.913000e-05 2.464846e-06 2.192964e-06 4.768663e-11 2.111821e+14 2.037822e+14 4.053540e+09 6.436471e+13 6.210947e+13 1.235445e+09 
500 607950 1.150000e+00 2.520446e+03 3.757701e+00 3.858000e-05 3.154995e-06 2.900933e-06 6.203608e-11 2.605331e+14 2.337247e+14 5.158636e+09 7.940682e+13 7.123633e+13 1.572277e+09 
500 607950 1.200000e+00 2.500386e+03 3.882184e+00 4.244000e-05 3.933193e-06 3.303215e-06 8.005220e-11 3.128644e+14 2.901890e+14 6.310550e+09 9.535773e+13 8.844679e+13 1.923384e+09 
500 607950 1.250000e+00 2.480194e+03 3.987098e+00 4.188000e-05 4.743682e-06 4.185487e-06 9.885743e-11 3.650948e+14 3.130848e+14 7.648844e+09 1.112780e+14 9.542616e+13 2.331303e+09 
500 607950 1.300000e+00 2.457303e+03 4.041385e+00 4.519000e-05 5.593047e-06 4.478496e-06 1.220430e-10 4.166989e+14 3.701150e+14 9.002462e+09 1.270078e+14 1.128096e+14 2.743900e+09 
500 607950 1.350000e+00 2.434213e+03 4.062727e+00 4.464000e-05 6.422634e-06 5.503711e-06 1.453891e-10 4.643076e+14 3.860334e+14 1.054695e+10 1.415199e+14 1.176625e+14 3.214682e+09 
500 607950 1.400000e+00 2.411658e+03 4.052044e+00 5.291000e-05 7.184868e-06 5.006786e-06 1.746609e-10 5.049149e+14 4.461111e+14 1.195395e+10 1.538982e+14 1.359751e+14 3.643561e+09 
500 607950 1.450000e+00 2.392065e+03 4.023659e+00 5.236000e-05 7.836377e-06 6.008333e-06 1.994523e-10 5.370269e+14 3.952821e+14 1.364998e+10 1.636871e+14 1.204834e+14 4.160542e+09 
500 607950 1.500000e+00 2.370685e+03 3.955924e+00 6.062000e-05 8.347255e-06 5.398925e-06 2.299758e-10 5.582351e+14 4.513754e+14 1.497497e+10 1.701526e+14 1.375817e+14 4.564435e+09 
500 607950 1.550000e+00 2.346300e+03 3.839450e+00 6.007000e-05 8.626166e-06 6.348804e-06 2.538341e-10 5.615736e+14 3.949750e+14 1.646324e+10 1.711715e+14 1.203915e+14 5.018103e+09 
500 607950 1.600000e+00 2.323894e+03 3.710910e+00 6.834000e-05 8.654194e-06 5.658255e-06 2.775781e-10 5.518582e+14 3.462586e+14 1.756379e+10 1.682113e+14 1.055431e+14 5.353597e+09 
500 607950 1.650000e+00 2.302886e+03 3.562994e+00 7.605000e-05 8.445905e-06 4.981465e-06 2.967294e-10 5.266909e+14 3.007308e+14 1.834754e+10 1.605411e+14 9.166634e+13 5.592526e+09 
500 607950 1.700000e+00 2.281915e+03 3.393642e+00 9.369000e-05 7.951359e-06 3.650027e-06 3.117613e-10 4.866272e+14 2.617304e+14 1.857401e+10 1.483301e+14 7.977901e+13 5.661590e+09 
500 607950 1.750000e+00 2.261368e+03 3.212770e+00 1.014000e-04 7.219785e-06 3.251123e-06 3.112852e-10 4.345079e+14 1.817609e+14 1.840001e+10 1.324442e+14 5.540352e+13 5.608584e+09 
500 607950 1.800000e+00 2.239201e+03 2.982239e+00 1.190400e-04 6.127367e-06 2.408108e-06 2.947360e-10 3.642469e+14 1.880928e+14 1.671589e+10 1.110283e+14 5.733388e+13 5.095269e+09 



500 911925 5.000000e-01 1.731510e+03 3.843663e-01 5.127000e-05 2.015814e-09 1.691837e-09 5.026435e-14 3.271141e+11 3.017855e+11 8.111672e+06 9.970184e+10 9.198218e+10 2.472371e+06 
500 911925 5.500000e-01 1.830233e+03 5.800947e-01 4.423000e-05 6.870239e-09 5.805986e-09 1.454956e-13 1.023238e+12 9.388882e+11 2.148309e+07 3.118808e+11 2.861725e+11 6.547995e+06 
500 911925 6.000000e-01 1.915975e+03 7.778868e-01 3.820000e-05 1.685777e-08 1.476117e-08 3.184179e-13 2.334726e+12 2.212761e+12 4.359762e+07 7.116311e+11 6.744581e+11 1.328866e+07 
500 911925 6.500000e-01 2.006573e+03 1.006302e+00 3.619000e-05 3.779347e-08 3.307985e-08 6.540925e-13 4.870498e+12 4.650314e+12 8.348504e+07 1.484562e+12 1.417455e+12 2.544681e+07 
500 911925 7.000000e-01 2.093895e+03 1.248112e+00 3.267000e-05 7.598845e-08 6.736910e-08 1.218577e-12 9.161468e+12 8.564171e+12 1.470266e+08 2.792523e+12 2.610468e+12 4.481531e+07 
500 911925 8.000000e-01 2.253172e+03 1.751139e+00 2.966000e-05 2.347807e-07 2.075103e-07 3.404738e-12 2.504431e+13 2.357904e+13 3.648524e+08 7.633967e+12 7.187357e+12 1.112136e+08 
500 911925 8.500000e-01 2.325859e+03 2.003949e+00 2.815000e-05 3.762289e-07 3.453951e-07 5.276591e-12 3.811061e+13 3.394427e+13 5.391047e+08 1.161695e+13 1.034700e+13 1.643306e+08 
500 911925 9.000000e-01 2.392746e+03 2.248616e+00 2.614000e-05 5.781937e-07 5.476340e-07 7.871386e-12 5.564137e+13 5.219750e+13 7.666938e+08 1.696088e+13 1.591114e+13 2.337068e+08 
500 911925 9.500000e-01 2.455068e+03 2.488812e+00 2.614000e-05 8.574610e-07 7.955169e-07 1.155116e-11 7.855013e+13 7.209486e+13 1.069872e+09 2.394425e+13 2.197657e+13 3.261259e+08 
500 911925 1.000000e+00 2.506873e+03 2.717196e+00 2.614000e-05 1.226551e-06 1.131533e-06 1.646132e-11 1.072079e+14 9.783259e+13 1.453710e+09 3.268023e+13 2.982242e+13 4.431340e+08 
500 911925 1.050000e+00 2.539989e+03 2.931039e+00 2.614000e-05 1.697395e-06 1.589336e-06 2.291597e-11 1.417637e+14 1.292645e+14 1.930464e+09 4.321422e+13 3.940417e+13 5.884677e+08 
500 911925 1.100000e+00 2.545625e+03 3.121367e+00 2.564000e-05 2.263151e-06 2.145777e-06 3.089270e-11 1.813662e+14 1.677539e+14 2.496573e+09 5.528679e+13 5.113741e+13 7.610420e+08 
500 911925 1.150000e+00 2.532276e+03 3.275865e+00 2.916000e-05 2.921922e-06 2.440452e-06 4.160295e-11 2.250271e+14 2.156988e+14 3.153873e+09 6.859669e+13 6.575316e+13 9.614170e+08 
500 911925 1.200000e+00 2.511187e+03 3.399435e+00 2.865000e-05 3.642994e-06 3.179806e-06 5.331208e-11 2.703169e+14 2.330746e+14 3.978811e+09 8.240332e+13 7.105053e+13 1.212897e+09 
500 911925 1.250000e+00 2.490548e+03 3.495018e+00 3.267000e-05 4.363476e-06 3.417947e-06 6.719680e-11 3.136935e+14 2.812494e+14 4.748079e+09 9.562681e+13 8.573667e+13 1.447410e+09 
500 911925 1.300000e+00 2.466635e+03 3.543192e+00 3.217000e-05 5.083812e-06 4.253391e-06 8.144870e-11 3.539593e+14 2.837635e+14 5.671194e+09 1.079021e+14 8.650365e+13 1.728824e+09 
500 911925 1.350000e+00 2.440685e+03 3.542766e+00 3.569000e-05 5.740115e-06 4.350173e-06 9.852367e-11 3.877065e+14 2.789123e+14 6.631353e+09 1.181905e+14 8.502534e+13 2.021535e+09 
500 911925 1.400000e+00 2.416856e+03 3.517957e+00 3.920000e-05 6.254440e-06 4.330155e-06 1.147317e-10 4.112031e+14 3.305581e+14 7.408927e+09 1.253540e+14 1.007698e+14 2.258587e+09 
500 911925 1.450000e+00 2.393876e+03 3.464137e+00 4.272000e-05 6.607785e-06 4.264370e-06 1.305888e-10 4.236783e+14 3.161100e+14 8.215607e+09 1.291577e+14 9.636589e+13 2.504514e+09 
500 911925 1.500000e+00 2.371649e+03 3.380110e+00 4.674000e-05 6.763223e-06 4.265634e-06 1.445616e-10 4.239299e+14 2.500932e+14 8.970117e+09 1.292350e+14 7.624112e+13 2.734539e+09 
500 911925 1.550000e+00 2.349958e+03 3.267573e+00 5.428000e-05 6.691044e-06 3.518164e-06 1.572868e-10 4.106428e+14 2.782963e+14 9.313851e+09 1.251850e+14 8.483920e+13 2.839339e+09 
500 911925 1.600000e+00 2.330498e+03 3.137710e+00 5.378000e-05 6.426694e-06 3.985825e-06 1.626441e-10 3.870675e+14 2.276614e+14 9.669351e+09 1.179985e+14 6.940333e+13 2.947726e+09 
500 911925 1.650000e+00 2.314292e+03 3.021435e+00 6.132000e-05 6.053291e-06 3.251388e-06 1.667541e-10 3.582419e+14 1.809012e+14 9.724549e+09 1.092113e+14 5.514852e+13 2.964564e+09 
500 911925 1.700000e+00 2.289767e+03 2.816937e+00 6.886000e-05 5.208562e-06 2.604730e-06 1.588408e-10 3.038850e+14 1.417431e+14 9.100520e+09 9.264085e+13 4.321119e+13 2.774339e+09 
500 911925 1.750000e+00 2.270463e+03 2.646952e+00 7.690000e-05 4.416738e-06 2.060364e-06 1.459552e-10 2.547063e+14 1.085619e+14 8.248045e+09 7.764873e+13 3.309584e+13 2.514466e+09 
500 911925 1.800000e+00 2.251160e+03 2.469481e+00 8.444000e-05 3.592226e-06 1.548085e-06 1.264091e-10 2.056344e+14 1.002286e+14 6.988832e+09 6.268908e+13 3.055546e+13 2.130594e+09 



500 1215900 5.000000e-01 1.736227e+03 3.006180e-01 4.259000e-05 1.347380e-09 1.173548e-09 2.778710e-14 2.102990e+11 1.745826e+11 4.337537e+06 6.410538e+10 5.321817e+10 1.322210e+06 
500 1215900 5.500000e-01 1.829574e+03 4.590377e-01 3.596000e-05 4.875612e-09 4.077578e-09 8.434934e-14 7.005609e+11 6.516574e+11 1.196930e+07 2.135548e+11 1.986479e+11 3.648646e+06 
500 1215900 6.000000e-01 1.917097e+03 6.341080e-01 3.123000e-05 1.298603e-08 1.140964e-08 1.977698e-13 1.724954e+12 1.597625e+12 2.623281e+07 5.258304e+11 4.870175e+11 7.996739e+06 
500 1215900 6.500000e-01 2.002007e+03 8.270447e-01 2.887000e-05 2.939831e-08 2.539941e-08 4.084767e-13 3.657154e+12 3.340342e+12 5.054835e+07 1.114850e+12 1.018276e+12 1.540919e+07 
500 1215900 7.000000e-01 2.089895e+03 1.046085e+00 2.603000e-05 6.197738e-08 5.529546e-08 7.905321e-13 7.175519e+12 6.760642e+12 9.117955e+07 2.187414e+12 2.060946e+12 2.779550e+07 
500 1215900 7.500000e-01 2.174980e+03 1.275052e+00 2.461000e-05 1.184773e-07 1.037540e-07 1.417522e-12 1.284585e+13 1.199894e+13 1.532839e+08 3.916016e+12 3.657847e+12 4.672804e+07 
500 1215900 8.000000e-01 2.255023e+03 1.503526e+00 2.318000e-05 2.073036e-07 1.858366e-07 2.362716e-12 2.113504e+13 2.013795e+13 2.404783e+08 6.443006e+12 6.139053e+12 7.330955e+07 
500 1215900 8.500000e-01 2.325863e+03 1.730598e+00 2.129000e-05 3.341675e-07 3.078504e-07 3.668541e-12 3.231501e+13 2.918224e+13 3.580318e+08 9.851283e+12 8.896280e+12 1.091464e+08 
500 1215900 9.000000e-01 2.394939e+03 1.958112e+00 2.177000e-05 5.209827e-07 4.703634e-07 5.626005e-12 4.775909e+13 4.584857e+13 5.141273e+08 1.455954e+13 1.397714e+13 1.567335e+08 
500 1215900 9.500000e-01 2.458556e+03 2.180795e+00 2.177000e-05 7.787500e-07 6.821080e-07 8.336389e-12 6.797329e+13 6.390501e+13 7.249002e+08 2.072206e+13 1.948186e+13 2.209898e+08 
500 1215900 1.000000e+00 2.512762e+03 2.393874e+00 2.177000e-05 1.121674e-06 9.728375e-07 1.199585e-11 9.327328e+13 8.713347e+13 9.941495e+08 2.843510e+13 2.656337e+13 3.030739e+08 
500 1215900 1.050000e+00 2.547530e+03 2.595091e+00 2.177000e-05 1.557732e-06 1.378912e-06 1.681724e-11 1.240692e+14 1.172814e+14 1.329963e+09 3.782371e+13 3.575442e+13 4.054515e+08 
500 1215900 1.100000e+00 2.551951e+03 2.774454e+00 2.318000e-05 2.093882e-06 1.680483e-06 2.318365e-11 1.595610e+14 1.521769e+14 1.729663e+09 4.864402e+13 4.639294e+13 5.273071e+08 
500 1215900 1.150000e+00 2.537638e+03 2.924693e+00 2.318000e-05 2.693363e-06 2.306579e-06 3.054143e-11 1.973402e+14 1.778466e+14 2.216980e+09 6.016178e+13 5.421896e+13 6.758749e+08 
500 1215900 1.200000e+00 2.516288e+03 3.044143e+00 2.271000e-05 3.343110e-06 2.978928e-06 3.910398e-11 2.362957e+14 2.051423e+14 2.774547e+09 7.203825e+13 6.254076e+13 8.458609e+08 
500 1215900 1.250000e+00 2.493288e+03 3.119464e+00 2.603000e-05 3.978964e-06 3.021695e-06 4.970609e-11 2.723790e+14 2.461233e+14 3.317022e+09 8.303915e+13 7.503480e+13 1.011247e+09 
500 1215900 1.300000e+00 2.472684e+03 3.170221e+00 2.603000e-05 4.546090e-06 3.776179e-06 5.928371e-11 3.025878e+14 2.423768e+14 3.935837e+09 9.224921e+13 7.389296e+13 1.199908e+09 
500 1215900 1.350000e+00 2.448673e+03 3.176220e+00 2.934000e-05 5.040451e-06 3.662105e-06 7.061305e-11 3.257316e+14 2.260670e+14 4.541651e+09 9.930543e+13 6.892093e+13 1.384607e+09 
500 1215900 1.400000e+00 2.421714e+03 3.129286e+00 3.265000e-05 5.364718e-06 3.492973e-06 8.150427e-11 3.378314e+14 2.595513e+14 5.003217e+09 1.029947e+14 7.912960e+13 1.525331e+09 
500 1215900 1.450000e+00 2.398872e+03 3.067964e+00 3.644000e-05 5.511507e-06 3.369906e-06 9.083372e-11 3.392060e+14 2.420528e+14 5.449550e+09 1.034142e+14 7.379509e+13 1.661411e+09 
500 1215900 1.500000e+00 2.376441e+03 2.980034e+00 3.975000e-05 5.459628e-06 3.142464e-06 9.796902e-11 3.288880e+14 1.772342e+14 5.826810e+09 1.002689e+14 5.403394e+13 1.776434e+09 
500 1215900 1.550000e+00 2.354132e+03 2.862955e+00 4.306000e-05 5.183565e-06 2.882595e-06 1.014238e-10 3.066014e+14 1.589374e+14 5.911312e+09 9.347465e+13 4.845591e+13 1.802202e+09 
500 1215900 1.600000e+00 2.331848e+03 2.721619e+00 5.063000e-05 4.702943e-06 2.241735e-06 1.017537e-10 2.739280e+14 1.694690e+14 5.680328e+09 8.351364e+13 5.166685e+13 1.731787e+09 
500 1215900 1.650000e+00 2.313485e+03 2.583775e+00 5.773000e-05 4.165300e-06 1.715586e-06 9.858658e-11 2.391310e+14 1.244094e+14 5.447808e+09 7.290512e+13 3.792941e+13 1.660902e+09 
500 1215900 1.700000e+00 2.293776e+03 2.433100e+00 5.726000e-05 3.514010e-06 1.679043e-06 8.798883e-11 1.997435e+14 8.974108e+13 4.916288e+09 6.089702e+13 2.735996e+13 1.498859e+09 
500 1215900 1.750000e+00 2.273901e+03 2.281757e+00 6.483000e-05 2.846467e-06 1.187255e-06 7.591589e-11 1.608101e+14 8.141370e+13 4.136756e+09 4.902727e+13 2.482120e+13 1.261201e+09 
500 1215900 1.800000e+00 2.254785e+03 2.138790e+00 6.435000e-05 2.260005e-06 1.044544e-06 6.243825e-11 1.272169e+14 5.418598e+13 3.452846e+09 3.878559e+13 1.652012e+13 1.052695e+09 



700 101325 5.000000e-01 1.932176e+03 4.493596e+00 2.578100e-04 5.314482e-08 5.002074e-08 6.643400e-12 1.149591e+13 1.149591e+13 1.421473e+09 3.489223e+12 3.489223e+12 4.314231e+08 
700 101325 5.500000e-01 2.024949e+03 5.116200e+00 2.250000e-04 9.168751e-08 9.133822e-08 1.059751e-11 1.845534e+13 1.823108e+13 2.170905e+09 5.602645e+12 5.534835e+12 6.590204e+08 
700 101325 6.000000e-01 2.111877e+03 5.698214e+00 2.250000e-04 1.472302e-07 1.426433e-07 1.634507e-11 2.779572e+13 2.679054e+13 3.135790e+09 8.439805e+12 8.135049e+12 9.521070e+08 
700 101325 6.500000e-01 2.191732e+03 6.241761e+00 2.062500e-04 2.242806e-07 2.207028e-07 2.368307e-11 3.982571e+13 3.907006e+13 4.285139e+09 1.209457e+13 1.186547e+13 1.301291e+09 
700 101325 7.000000e-01 2.265131e+03 6.759179e+00 1.921900e-04 3.284498e-07 3.279905e-07 3.318352e-11 5.507215e+13 5.481316e+13 5.676311e+09 1.672714e+13 1.664865e+13 1.724006e+09 
700 101325 7.500000e-01 2.330566e+03 7.213084e+00 1.921900e-04 4.637052e-07 4.597961e-07 4.586936e-11 7.377358e+13 7.248101e+13 7.425728e+09 2.241017e+13 2.201816e+13 2.255639e+09 
700 101325 8.000000e-01 2.387884e+03 7.638451e+00 1.921900e-04 6.372885e-07 6.225001e-07 6.184592e-11 9.618360e+13 9.303555e+13 9.509586e+09 2.922088e+13 2.826576e+13 2.888982e+09 
700 101325 8.500000e-01 2.439009e+03 8.027164e+00 1.921900e-04 8.534809e-07 8.231774e-07 8.157306e-11 1.230121e+14 1.225365e+14 1.177652e+10 3.737577e+13 3.723158e+13 3.578051e+09 
700 101325 9.000000e-01 2.482158e+03 8.363471e+00 1.921900e-04 1.120209e-06 1.072036e-06 1.056277e-10 1.541344e+14 1.533524e+14 1.458532e+10 4.683668e+13 4.659941e+13 4.431892e+09 
700 101325 9.500000e-01 2.516982e+03 8.682044e+00 1.875000e-04 1.443298e-06 1.360645e-06 1.345339e-10 1.903060e+14 1.886919e+14 1.779756e+10 5.783323e+13 5.734358e+13 5.408468e+09 
700 101325 1.000000e+00 2.543051e+03 8.966886e+00 1.875000e-04 1.829495e-06 1.751356e-06 1.696710e-10 2.313379e+14 2.308695e+14 2.152671e+10 7.030812e+13 7.016680e+13 6.542261e+09 
700 101325 1.050000e+00 2.560433e+03 9.239635e+00 1.828100e-04 2.282145e-06 2.194728e-06 2.101976e-10 2.778720e+14 2.647783e+14 2.605886e+10 8.445764e+13 8.048035e+13 7.920279e+09 
700 101325 1.100000e+00 2.569697e+03 9.480737e+00 1.781300e-04 2.812740e-06 2.747959e-06 2.581997e-10 3.298294e+14 3.199287e+14 3.086300e+10 1.002571e+14 9.724986e+13 9.381121e+09 
700 101325 1.150000e+00 2.570756e+03 9.690500e+00 1.734400e-04 3.413394e-06 3.380061e-06 3.120332e-10 3.866593e+14 3.807738e+14 3.605108e+10 1.175391e+14 1.157519e+14 1.095883e+10 
700 101325 1.200000e+00 2.563417e+03 9.825365e+00 1.828100e-04 4.100825e-06 3.852078e-06 3.808630e-10 4.485223e+14 4.174532e+14 4.238038e+10 1.363537e+14 1.269121e+14 1.288367e+10 
700 101325 1.250000e+00 2.554087e+03 1.002092e+01 1.781300e-04 4.886688e-06 4.739271e-06 4.553462e-10 5.165568e+14 4.979904e+14 4.909059e+10 1.570462e+14 1.514043e+14 1.492446e+10 
700 101325 1.300000e+00 2.540739e+03 1.012338e+01 1.921900e-04 5.748926e-06 5.335657e-06 5.470503e-10 5.890995e+14 5.798460e+14 5.620371e+10 1.791105e+14 1.762994e+14 1.708795e+10 
700 101325 1.350000e+00 2.526300e+03 1.021786e+01 1.875000e-04 6.709245e-06 6.447400e-06 6.449953e-10 6.655742e+14 6.357712e+14 6.520873e+10 2.023722e+14 1.933151e+14 1.982689e+10 
700 101325 1.400000e+00 2.510079e+03 1.024738e+01 1.828100e-04 7.744766e-06 7.589090e-06 7.501944e-10 7.453877e+14 7.184449e+14 7.351176e+10 2.266531e+14 2.184636e+14 2.235261e+10 
700 101325 1.450000e+00 2.491748e+03 1.033249e+01 1.968800e-04 8.859463e-06 8.370467e-06 8.861097e-10 8.290042e+14 7.605214e+14 8.415965e+10 2.520904e+14 2.312706e+14 2.559157e+10 
700 101325 1.500000e+00 2.474075e+03 1.033225e+01 2.109400e-04 1.004727e-05 8.984904e-06 1.035485e-09 9.143960e+14 8.800351e+14 9.457448e+10 2.780694e+14 2.676243e+14 2.875985e+10 
700 101325 1.550000e+00 2.456434e+03 1.031129e+01 2.062500e-04 1.127032e-05 1.045223e-05 1.183684e-09 9.989102e+14 9.185110e+14 1.066122e+11 3.037832e+14 2.793387e+14 3.242196e+10 
700 101325 1.600000e+00 2.438309e+03 1.026632e+01 2.015600e-04 1.254436e-05 1.193352e-05 1.341415e-09 1.082461e+15 1.022782e+15 1.178520e+11 3.292057e+14 3.110616e+14 3.584161e+10 
700 101325 1.650000e+00 2.417794e+03 1.019644e+01 2.156300e-04 1.383145e-05 1.253073e-05 1.537325e-09 1.162645e+15 1.044915e+15 1.314112e+11 3.536060e+14 3.178069e+14 3.996693e+10 
700 101325 1.700000e+00 2.399363e+03 1.012650e+01 2.343800e-04 1.511665e-05 1.323501e-05 1.746917e-09 1.240133e+15 1.075817e+15 1.455038e+11 3.771892e+14 3.272184e+14 4.425471e+10 
700 101325 1.750000e+00 2.382044e+03 1.006279e+01 2.296900e-04 1.641113e-05 1.488976e-05 1.952748e-09 1.315613e+15 1.182764e+15 1.589586e+11 4.001608e+14 3.597590e+14 4.834874e+10 
700 101325 1.800000e+00 2.366407e+03 9.944335e+00 2.625000e-04 1.764150e-05 1.370253e-05 2.213922e-09 1.382933e+15 1.281744e+15 1.716242e+11 4.206512e+14 3.898777e+14 5.220293e+10 



700 303975 5.000000e-01 1.920874e+03 2.938734e+00 9.546000e-05 3.272561e-08 2.932050e-08 1.493014e-12 6.038861e+12 5.693533e+12 2.754229e+08 1.838696e+12 1.733588e+12 8.385874e+07 
700 303975 5.500000e-01 2.019176e+03 3.597365e+00 8.078000e-05 6.650111e-08 6.423548e-08 2.768817e-12 1.137803e+13 1.075467e+13 4.791197e+08 3.464569e+12 3.274833e+12 1.458885e+08 
700 303975 6.000000e-01 2.112302e+03 4.244605e+00 8.078000e-05 1.222274e-07 1.112859e-07 4.824152e-12 1.945048e+13 1.889440e+13 7.681814e+08 5.922963e+12 5.753701e+12 2.339195e+08 
700 303975 6.500000e-01 2.196713e+03 4.844623e+00 7.343000e-05 2.050322e-07 1.937110e-07 7.645351e-12 3.057505e+13 2.887612e+13 1.158658e+09 9.311036e+12 8.793807e+12 3.528422e+08 
700 303975 7.000000e-01 2.275399e+03 5.436333e+00 7.527000e-05 3.241485e-07 3.005226e-07 1.173465e-11 4.555065e+13 4.464920e+13 1.647739e+09 1.387219e+13 1.359779e+13 5.018040e+08 
700 303975 7.500000e-01 2.345504e+03 5.985929e+00 6.793000e-05 4.867710e-07 4.737600e-07 1.692907e-11 6.450987e+13 6.212385e+13 2.282243e+09 1.964685e+13 1.892047e+13 6.950654e+08 
700 303975 8.000000e-01 2.410509e+03 6.483179e+00 6.793000e-05 7.029189e-07 6.723026e-07 2.396717e-11 8.853766e+13 8.348558e+13 3.062689e+09 2.696574e+13 2.542739e+13 9.327885e+08 
700 303975 8.500000e-01 2.469726e+03 6.944554e+00 6.793000e-05 9.845888e-07 9.251093e-07 3.301211e-11 1.178652e+14 1.168097e+14 3.947344e+09 3.589917e+13 3.557790e+13 1.202265e+09 
700 303975 9.000000e-01 2.519674e+03 7.372494e+00 6.793000e-05 1.340919e-06 1.247804e-06 4.445330e-11 1.532496e+14 1.514168e+14 5.077906e+09 4.667799e+13 4.611999e+13 1.546656e+09 
700 303975 9.500000e-01 2.561596e+03 7.731362e+00 6.793000e-05 1.782252e-06 1.656942e-06 5.866470e-11 1.947645e+14 1.906542e+14 6.388381e+09 5.932464e+13 5.807304e+13 1.945864e+09 
700 303975 1.000000e+00 2.592866e+03 8.050520e+00 6.701000e-05 2.317086e-06 2.147905e-06 7.594677e-11 2.423543e+14 2.387335e+14 7.932760e+09 7.382224e+13 7.271980e+13 2.416339e+09 
700 303975 1.050000e+00 2.611803e+03 8.319159e+00 6.609000e-05 2.943225e-06 2.757855e-06 9.656980e-11 2.960755e+14 2.922729e+14 9.671301e+09 9.018823e+13 8.903036e+13 2.945977e+09 
700 303975 1.100000e+00 2.619271e+03 8.574143e+00 6.517000e-05 3.687826e-06 3.509369e-06 1.213411e-10 3.564920e+14 3.324811e+14 1.189805e+10 1.085945e+14 1.012811e+14 3.624355e+09 
700 303975 1.150000e+00 2.615992e+03 8.794539e+00 6.334000e-05 4.539873e-06 4.371173e-06 1.500367e-10 4.232191e+14 4.044793e+14 1.421232e+10 1.289236e+14 1.232159e+14 4.329419e+09 
700 303975 1.200000e+00 2.604563e+03 8.982140e+00 6.976000e-05 5.497945e-06 4.975980e-06 1.868784e-10 4.951128e+14 4.798634e+14 1.676483e+10 1.508275e+14 1.461828e+14 5.107080e+09 
700 303975 1.250000e+00 2.590281e+03 9.113347e+00 6.792000e-05 6.560468e-06 6.084164e-06 2.262663e-10 5.707869e+14 5.241477e+14 1.994014e+10 1.738835e+14 1.596768e+14 6.074500e+09 
700 303975 1.300000e+00 2.572960e+03 9.212076e+00 6.700000e-05 7.728280e-06 7.401146e-06 2.705943e-10 6.511543e+14 6.126563e+14 2.307642e+10 1.983702e+14 1.866433e+14 7.030059e+09 
700 303975 1.350000e+00 2.554507e+03 9.295411e+00 7.344000e-05 8.974285e-06 8.120962e-06 3.256052e-10 7.328569e+14 6.456664e+14 2.684112e+10 2.232643e+14 1.967034e+14 8.177093e+09 
700 303975 1.400000e+00 2.535358e+03 9.324447e+00 7.160000e-05 1.028651e-05 9.521290e-06 3.800255e-10 8.145561e+14 7.472076e+14 3.048233e+10 2.481581e+14 2.276415e+14 9.286535e+09 
700 303975 1.450000e+00 2.516217e+03 9.322446e+00 7.068000e-05 1.162682e-05 1.112706e-05 4.404782e-10 8.950635e+14 8.427868e+14 3.432589e+10 2.726893e+14 2.567641e+14 1.045765e+10 
700 303975 1.500000e+00 2.493835e+03 9.269886e+00 8.445000e-05 1.295931e-05 1.061069e-05 5.212307e-10 9.704275e+14 8.673734e+14 3.887862e+10 2.956542e+14 2.642589e+14 1.184486e+10 
700 303975 1.550000e+00 2.474833e+03 9.188764e+00 8.353000e-05 1.430724e-05 1.245817e-05 5.960671e-10 1.043355e+15 8.827302e+14 4.376505e+10 3.178770e+14 2.689416e+14 1.333377e+10 
700 303975 1.600000e+00 2.455419e+03 9.089942e+00 8.261000e-05 1.554917e-05 1.423396e-05 6.718299e-10 1.105470e+15 9.880925e+14 4.813463e+10 3.368060e+14 3.010461e+14 1.466524e+10 
700 303975 1.650000e+00 2.435858e+03 8.955255e+00 9.546000e-05 1.669328e-05 1.296426e-05 7.713045e-10 1.157444e+15 8.797557e+14 5.371458e+10 3.526456e+14 2.680426e+14 1.636551e+10 
700 303975 1.700000e+00 2.415407e+03 8.789950e+00 9.546000e-05 1.766745e-05 1.494165e-05 8.518492e-10 1.195244e+15 9.794703e+14 5.792110e+10 3.641668e+14 2.984269e+14 1.764736e+10 
700 303975 1.750000e+00 2.395591e+03 8.604415e+00 1.083200e-04 1.844509e-05 1.336234e-05 9.520900e-10 1.219552e+15 8.598756e+14 6.311172e+10 3.715779e+14 2.619920e+14 1.922907e+10 
700 303975 1.800000e+00 2.376475e+03 8.388040e+00 1.230100e-04 1.899194e-05 1.218968e-05 1.053997e-09 1.229677e+15 9.358886e+14 6.685124e+10 3.746668e+14 2.851550e+14 2.036868e+10 



700 607950 5.000000e-01 1.907084e+03 1.956618e+00 5.194000e-05 1.943281e-08 1.749510e-08 4.975929e-13 3.218137e+12 2.983749e+12 8.226642e+07 9.806039e+11 9.091934e+11 2.506744e+07 
700 607950 5.500000e-01 2.005295e+03 2.502247e+00 4.625000e-05 4.356447e-08 4.054611e-08 1.013939e-12 6.677010e+12 6.127284e+12 1.568597e+08 2.034631e+12 1.867134e+12 4.779822e+07 
700 607950 6.000000e-01 2.098851e+03 3.078657e+00 4.383000e-05 8.796305e-08 8.166956e-08 1.894366e-12 1.251676e+13 1.204357e+13 2.693459e+08 3.814226e+12 3.670060e+12 8.207724e+07 
700 607950 6.500000e-01 2.187685e+03 3.648635e+00 4.058000e-05 1.602944e-07 1.501902e-07 3.246761e-12 2.130370e+13 1.938080e+13 4.360522e+08 6.492036e+12 5.906110e+12 1.328807e+08 
700 607950 7.000000e-01 2.270813e+03 4.208240e+00 3.734000e-05 2.712103e-07 2.599894e-07 5.217261e-12 3.379537e+13 3.167428e+13 6.590102e+08 1.029895e+13 9.652625e+12 2.008285e+08 
700 607950 7.500000e-01 2.347335e+03 4.741497e+00 3.734000e-05 4.311049e-07 3.991433e-07 8.057813e-12 5.070629e+13 4.969463e+13 9.494812e+08 1.545276e+13 1.514451e+13 2.893531e+08 
700 607950 8.000000e-01 2.416487e+03 5.246972e+00 3.734000e-05 6.530938e-07 5.839277e-07 1.191840e-11 7.269622e+13 7.003762e+13 1.331267e+09 2.215458e+13 2.134447e+13 4.057093e+08 
700 607950 8.500000e-01 2.480223e+03 5.718663e+00 3.490000e-05 9.495108e-07 9.181234e-07 1.688338e-11 1.002688e+14 9.521789e+13 1.808662e+09 3.055801e+13 2.901883e+13 5.512068e+08 
700 607950 9.000000e-01 2.536281e+03 6.150716e+00 3.490000e-05 1.333503e-06 1.276926e-06 2.349444e-11 1.339787e+14 1.259839e+14 2.395372e+09 4.083205e+13 3.839573e+13 7.300237e+08 
700 607950 9.500000e-01 2.582394e+03 6.550541e+00 3.409000e-05 1.821342e-06 1.709980e-06 3.184213e-11 1.747141e+14 1.638661e+14 3.106736e+09 5.324754e+13 4.994169e+13 9.468356e+08 
700 607950 1.000000e+00 2.618566e+03 6.914941e+00 3.409000e-05 2.418565e-06 2.286834e-06 4.234822e-11 2.219339e+14 2.059142e+14 3.942520e+09 6.763969e+13 6.275757e+13 1.201573e+09 
700 607950 1.050000e+00 2.639295e+03 7.226436e+00 3.409000e-05 3.127287e-06 3.009868e-06 5.506417e-11 2.759934e+14 2.608172e+14 4.919568e+09 8.411658e+13 7.949153e+13 1.499369e+09 
700 607950 1.100000e+00 2.644492e+03 7.491725e+00 3.327000e-05 3.963953e-06 3.833012e-06 7.015487e-11 3.358609e+14 3.199534e+14 6.029433e+09 1.023641e+14 9.751605e+13 1.837651e+09 
700 607950 1.150000e+00 2.638614e+03 7.724578e+00 3.246000e-05 4.913912e-06 4.808729e-06 8.768841e-11 4.008496e+14 3.876836e+14 7.268602e+09 1.221727e+14 1.181602e+14 2.215349e+09 
700 607950 1.200000e+00 2.623666e+03 7.913518e+00 3.895000e-05 5.969964e-06 5.216522e-06 1.119079e-10 4.699421e+14 4.404186e+14 8.801510e+09 1.432325e+14 1.342345e+14 2.682583e+09 
700 607950 1.250000e+00 2.606284e+03 8.032716e+00 3.814000e-05 7.107502e-06 6.416930e-06 1.361627e-10 5.410994e+14 4.770262e+14 1.045797e+10 1.649219e+14 1.453936e+14 3.187481e+09 
700 607950 1.300000e+00 2.586546e+03 8.116712e+00 3.733000e-05 8.306023e-06 7.741325e-06 1.631626e-10 6.127355e+14 5.590443e+14 1.214475e+10 1.867576e+14 1.703934e+14 3.701629e+09 
700 607950 1.350000e+00 2.565548e+03 8.159097e+00 4.301000e-05 9.522969e-06 7.605117e-06 1.974898e-10 6.819647e+14 6.401036e+14 1.385119e+10 2.078600e+14 1.951014e+14 4.221777e+09 
700 607950 1.400000e+00 2.545731e+03 8.156846e+00 4.301000e-05 1.074969e-05 9.295821e-06 2.319461e-10 7.473896e+14 6.272222e+14 1.618236e+10 2.278031e+14 1.911769e+14 4.932348e+09 
700 607950 1.450000e+00 2.523691e+03 8.108264e+00 4.870000e-05 1.190594e-05 8.833953e-06 2.714819e-10 8.044624e+14 7.086504e+14 1.802681e+10 2.452006e+14 2.159977e+14 5.494574e+09 
700 607950 1.500000e+00 2.503345e+03 8.027560e+00 4.788000e-05 1.296709e-05 1.031523e-05 3.087326e-10 8.535125e+14 6.715498e+14 2.038295e+10 2.601532e+14 2.046910e+14 6.212773e+09 
700 607950 1.550000e+00 2.483141e+03 7.914897e+00 5.437000e-05 1.388089e-05 9.886624e-06 3.532196e-10 8.918169e+14 7.445302e+14 2.221886e+10 2.718303e+14 2.269372e+14 6.772410e+09 
700 607950 1.600000e+00 2.461964e+03 7.755958e+00 6.005000e-05 1.459147e-05 9.168719e-06 3.952692e-10 9.143590e+14 6.791005e+14 2.432782e+10 2.787030e+14 2.069953e+14 7.415283e+09 
700 607950 1.650000e+00 2.442535e+03 7.580544e+00 6.005000e-05 1.509171e-05 1.078188e-05 4.330620e-10 9.248258e+14 6.292334e+14 2.639948e+10 2.818952e+14 1.917967e+14 8.046790e+09 
700 607950 1.700000e+00 2.422902e+03 7.366701e+00 6.573000e-05 1.529465e-05 1.001284e-05 4.725657e-10 9.169862e+14 5.676089e+14 2.810883e+10 2.795074e+14 1.730140e+14 8.567868e+09 
700 607950 1.750000e+00 2.403617e+03 7.114228e+00 7.872000e-05 1.519209e-05 7.872765e-06 5.129516e-10 8.923653e+14 6.268896e+14 2.899251e+10 2.720041e+14 1.910844e+14 8.837273e+09 
700 607950 1.800000e+00 2.385817e+03 6.863336e+00 7.791000e-05 1.480442e-05 8.801753e-06 5.335805e-10 8.536651e+14 4.745443e+14 3.035628e+10 2.602092e+14 1.446483e+14 9.253019e+09 



700 911925 5.000000e-01 1.901867e+03 1.457113e+00 3.892000e-05 1.336744e-08 1.143999e-08 2.488864e-13 2.079373e+12 1.920613e+12 3.857042e+07 6.337711e+11 5.853861e+11 1.175583e+07 
700 911925 5.500000e-01 2.001940e+03 1.942874e+00 3.357000e-05 3.313378e-08 2.990835e-08 5.499545e-13 4.743663e+12 4.209072e+12 7.941401e+07 1.445848e+12 1.282916e+12 2.420498e+07 
700 911925 6.000000e-01 2.093649e+03 2.443708e+00 3.129000e-05 6.942558e-08 6.340601e-08 1.064872e-12 9.231540e+12 8.883058e+12 1.405861e+08 2.813783e+12 2.707576e+12 4.285064e+07 
700 911925 6.500000e-01 2.182704e+03 2.957107e+00 2.824000e-05 1.319938e-07 1.230217e-07 1.891264e-12 1.636637e+13 1.506004e+13 2.374283e+08 4.988558e+12 4.590414e+12 7.236930e+07 
700 911925 7.000000e-01 2.266750e+03 3.469336e+00 2.824000e-05 2.309110e-07 2.008456e-07 3.171349e-12 2.684029e+13 2.571976e+13 3.681070e+08 8.181184e+12 7.839672e+12 1.122024e+08 
700 911925 7.500000e-01 2.346021e+03 3.968817e+00 2.595000e-05 3.834747e-07 3.660518e-07 5.032357e-12 4.188642e+13 3.910641e+13 5.567819e+08 1.276758e+13 1.192024e+13 1.697145e+08 
700 911925 8.000000e-01 2.418761e+03 4.451392e+00 2.595000e-05 5.938458e-07 5.497723e-07 7.622801e-12 6.145703e+13 6.049867e+13 7.820059e+08 1.873319e+13 1.844110e+13 2.383686e+08 
700 911925 8.500000e-01 2.485088e+03 4.901471e+00 2.595000e-05 8.822019e-07 7.933544e-07 1.112424e-11 8.645449e+13 8.415025e+13 1.084407e+09 2.635316e+13 2.565083e+13 3.305493e+08 
700 911925 9.000000e-01 2.544360e+03 5.330944e+00 2.595000e-05 1.260403e-06 1.112958e-06 1.575834e-11 1.174214e+14 1.134815e+14 1.462606e+09 3.579289e+13 3.459198e+13 4.458364e+08 
700 911925 9.500000e-01 2.594673e+03 5.726596e+00 2.289000e-05 1.739302e-06 1.701736e-06 2.125955e-11 1.552843e+14 1.491441e+14 1.919846e+09 4.733485e+13 4.546324e+13 5.852192e+08 
700 911925 1.000000e+00 2.632586e+03 6.090067e+00 2.595000e-05 2.328623e-06 2.051977e-06 2.908530e-11 1.989032e+14 1.918324e+14 2.463461e+09 6.063155e+13 5.847628e+13 7.509339e+08 
700 911925 1.050000e+00 2.654863e+03 6.396118e+00 2.557000e-05 3.026208e-06 2.673743e-06 3.796905e-11 2.476635e+14 2.398193e+14 3.081122e+09 7.549574e+13 7.310471e+13 9.392220e+08 
700 911925 1.100000e+00 2.660742e+03 6.669788e+00 2.519000e-05 3.862794e-06 3.485328e-06 4.904193e-11 3.037704e+14 2.672155e+14 3.889312e+09 9.259961e+13 8.145668e+13 1.185593e+09 
700 911925 1.150000e+00 2.652876e+03 6.895641e+00 2.480000e-05 4.811826e-06 4.468021e-06 6.206593e-11 3.644659e+14 3.313126e+14 4.741669e+09 1.111025e+14 1.009964e+14 1.445431e+09 
700 911925 1.200000e+00 2.637167e+03 7.071616e+00 2.747000e-05 5.848655e-06 4.959067e-06 7.840615e-11 4.271736e+14 4.001867e+14 5.668830e+09 1.302189e+14 1.219925e+14 1.728075e+09 
700 911925 1.250000e+00 2.618806e+03 7.202778e+00 2.709000e-05 6.949122e-06 6.171801e-06 9.579358e-11 4.911194e+14 4.239692e+14 6.802515e+09 1.497130e+14 1.292433e+14 2.073679e+09 
700 911925 1.300000e+00 2.598700e+03 7.291845e+00 2.976000e-05 8.071324e-06 6.569118e-06 1.165408e-10 5.524499e+14 4.984445e+14 7.877597e+09 1.684101e+14 1.519473e+14 2.401421e+09 
700 911925 1.350000e+00 2.577521e+03 7.321877e+00 3.243000e-05 9.159781e-06 6.838764e-06 1.390920e-10 6.093216e+14 5.102315e+14 9.136733e+09 1.857480e+14 1.555414e+14 2.785275e+09 
700 911925 1.400000e+00 2.556019e+03 7.301698e+00 3.205000e-05 1.018777e-05 8.199413e-06 1.610917e-10 6.587625e+14 5.090352e+14 1.040279e+10 2.008209e+14 1.551776e+14 3.171241e+09 
700 911925 1.450000e+00 2.535187e+03 7.248951e+00 3.205000e-05 1.110674e-05 9.686071e-06 1.837334e-10 6.995002e+14 5.895143e+14 1.156288e+10 2.132407e+14 1.797122e+14 3.524909e+09 
700 911925 1.500000e+00 2.514266e+03 7.147223e+00 3.777000e-05 1.186079e-05 8.636710e-06 2.125296e-10 7.284794e+14 5.049642e+14 1.296879e+10 2.220760e+14 1.539381e+14 3.953517e+09 
700 911925 1.550000e+00 2.494275e+03 7.008695e+00 4.349000e-05 1.243303e-05 7.610344e-06 2.408145e-10 7.449563e+14 5.710772e+14 1.401555e+10 2.271000e+14 1.740933e+14 4.272639e+09 
700 911925 1.600000e+00 2.473728e+03 6.838694e+00 4.311000e-05 1.272137e-05 8.762539e-06 2.609709e-10 7.445513e+14 4.855525e+14 1.515312e+10 2.269775e+14 1.480217e+14 4.619448e+09 
700 911925 1.650000e+00 2.452838e+03 6.630919e+00 4.884000e-05 1.268952e-05 7.663743e-06 2.836970e-10 7.276489e+14 4.044251e+14 1.605249e+10 2.218257e+14 1.232904e+14 4.893643e+09 
700 911925 1.700000e+00 2.432871e+03 6.399060e+00 5.456000e-05 1.234882e-05 6.709914e-06 2.999880e-10 6.954454e+14 3.499968e+14 1.661974e+10 2.120092e+14 1.066982e+14 5.066592e+09 
700 911925 1.750000e+00 2.411972e+03 6.124254e+00 6.028000e-05 1.167065e-05 5.905364e-06 3.090938e-10 6.446363e+14 3.049258e+14 1.679015e+10 1.965206e+14 9.295841e+13 5.118562e+09 
700 911925 1.800000e+00 2.392564e+03 5.850511e+00 7.249000e-05 1.073744e-05 4.309547e-06 3.142655e-10 5.844580e+14 2.579180e+14 1.652306e+10 1.781756e+14 7.862809e+13 5.037156e+09 



700 1215900 5.000000e-01 1.895243e+03 1.140491e+00 2.935000e-05 9.484348e-09 8.620448e-09 1.414874e-13 1.420501e+12 1.249304e+12 2.127253e+07 4.330075e+11 3.808243e+11 6.484447e+06 
700 1215900 5.500000e-01 1.994458e+03 1.563296e+00 2.751000e-05 2.495442e-08 2.162967e-08 3.328962e-13 3.431843e+12 3.267352e+12 4.538657e+07 1.046136e+12 9.959972e+11 1.383526e+07 
700 1215900 6.000000e-01 2.088004e+03 2.002892e+00 2.531000e-05 5.525331e-08 4.850724e-08 6.753535e-13 7.039122e+12 6.495308e+12 8.612509e+07 2.145777e+12 1.980013e+12 2.625399e+07 
700 1215900 6.500000e-01 2.176294e+03 2.460152e+00 2.274000e-05 1.086150e-07 9.980234e-08 1.233075e-12 1.289355e+13 1.147055e+13 1.475297e+08 3.930467e+12 3.496694e+12 4.497282e+07 
700 1215900 7.000000e-01 2.261802e+03 2.930417e+00 2.164000e-05 1.965216e-07 1.820531e-07 2.115366e-12 2.184426e+13 1.959067e+13 2.370323e+08 6.659067e+12 5.972101e+12 7.225747e+07 
700 1215900 7.500000e-01 2.336823e+03 3.381924e+00 2.018000e-05 3.227635e-07 3.030936e-07 3.328083e-12 3.384180e+13 3.138610e+13 3.530371e+08 1.031652e+13 9.567947e+12 1.076216e+08 
700 1215900 8.000000e-01 2.410551e+03 3.834931e+00 2.018000e-05 5.140107e-07 4.621233e-07 5.162600e-12 5.087107e+13 4.843545e+13 5.119229e+08 1.550796e+13 1.476550e+13 1.560585e+08 
700 1215900 8.500000e-01 2.479988e+03 4.279119e+00 1.907000e-05 7.823974e-07 7.456488e-07 7.642223e-12 7.334830e+13 6.809402e+13 7.239223e+08 2.236029e+13 2.075857e+13 2.206879e+08 
700 1215900 9.000000e-01 2.545314e+03 4.719863e+00 1.760000e-05 1.162879e-06 1.147051e-06 1.105004e-11 1.031854e+14 1.002159e+14 9.949933e+08 3.145638e+13 3.055119e+13 3.033264e+08 
700 1215900 9.500000e-01 2.598675e+03 5.106788e+00 1.760000e-05 1.630223e-06 1.602222e-06 1.545305e-11 1.379385e+14 1.332883e+14 1.325594e+09 4.205128e+13 4.063370e+13 4.041137e+08 
700 1215900 1.000000e+00 2.640158e+03 5.459684e+00 2.054000e-05 2.212077e-06 1.911247e-06 2.162320e-11 1.788796e+14 1.734910e+14 1.724706e+09 5.453272e+13 5.289006e+13 5.257884e+08 
700 1215900 1.050000e+00 2.664655e+03 5.777398e+00 2.018000e-05 2.915331e-06 2.529861e-06 2.881372e-11 2.260709e+14 2.216196e+14 2.198639e+09 6.891978e+13 6.756282e+13 6.702740e+08 
700 1215900 1.100000e+00 2.671063e+03 6.057445e+00 2.018000e-05 3.700683e-06 3.344817e-06 3.723700e-11 2.762777e+14 2.410790e+14 2.793320e+09 8.422623e+13 7.349570e+13 8.515726e+08 
700 1215900 1.150000e+00 2.662359e+03 6.284705e+00 1.981000e-05 4.616997e-06 4.283196e-06 4.724757e-11 3.318139e+14 2.982669e+14 3.414138e+09 1.011576e+14 9.093054e+13 1.040841e+09 
700 1215900 1.200000e+00 2.646213e+03 6.460769e+00 2.237000e-05 5.609946e-06 4.576048e-06 6.019371e-11 3.889093e+14 3.602362e+14 4.097687e+09 1.185644e+14 1.098232e+14 1.249236e+09 
700 1215900 1.250000e+00 2.628352e+03 6.581936e+00 2.201000e-05 6.601902e-06 5.661196e-06 7.303755e-11 4.431411e+14 3.717920e+14 4.916753e+09 1.350983e+14 1.133467e+14 1.498946e+09 
700 1215900 1.300000e+00 2.606346e+03 6.655028e+00 2.458000e-05 7.604991e-06 5.732352e-06 8.867143e-11 4.948872e+14 4.353361e+14 5.674744e+09 1.508747e+14 1.327197e+14 1.730039e+09 
700 1215900 1.350000e+00 2.584943e+03 6.678245e+00 2.458000e-05 8.562526e-06 7.065134e-06 1.042592e-10 5.410707e+14 4.252808e+14 6.573104e+09 1.649552e+14 1.296548e+14 2.003928e+09 
700 1215900 1.400000e+00 2.563390e+03 6.653580e+00 2.714000e-05 9.400358e-06 6.998798e-06 1.218483e-10 5.779641e+14 4.058232e+14 7.451233e+09 1.762035e+14 1.237233e+14 2.271651e+09 
700 1215900 1.450000e+00 2.541490e+03 6.585722e+00 2.972000e-05 1.007077e-05 6.810608e-06 1.391775e-10 6.038776e+14 4.711802e+14 8.179770e+09 1.841044e+14 1.436492e+14 2.493769e+09 
700 1215900 1.500000e+00 2.520506e+03 6.479608e+00 3.265000e-05 1.053005e-05 6.764184e-06 1.565086e-10 6.177987e+14 4.431393e+14 8.959980e+09 1.883492e+14 1.351008e+14 2.731642e+09 
700 1215900 1.550000e+00 2.499581e+03 6.337694e+00 3.521000e-05 1.075983e-05 6.534710e-06 1.720440e-10 6.174610e+14 4.135715e+14 9.618001e+09 1.882469e+14 1.260868e+14 2.932264e+09 
700 1215900 1.600000e+00 2.479017e+03 6.162609e+00 4.071000e-05 1.072905e-05 5.342714e-06 1.866172e-10 6.023807e+14 3.921884e+14 1.011085e+10 1.836499e+14 1.195681e+14 3.082531e+09 
700 1215900 1.650000e+00 2.458553e+03 5.934703e+00 4.071000e-05 1.040019e-05 6.165051e-06 1.943906e-10 5.717453e+14 3.130296e+14 1.052630e+10 1.743106e+14 9.543494e+13 3.209201e+09 
700 1215900 1.700000e+00 2.438580e+03 5.688440e+00 4.622000e-05 9.801120e-06 5.057969e-06 1.998061e-10 5.300925e+14 2.544409e+14 1.061697e+10 1.616122e+14 7.757293e+13 3.236853e+09 
700 1215900 1.750000e+00 2.419517e+03 5.437823e+00 5.172000e-05 8.982991e-06 4.133293e-06 1.991073e-10 4.791251e+14 2.027416e+14 1.039932e+10 1.460738e+14 6.181120e+13 3.170505e+09 
700 1215900 1.800000e+00 2.400816e+03 5.180627e+00 5.759000e-05 7.989881e-06 3.394531e-06 1.907879e-10 4.213302e+14 2.079198e+14 9.680510e+09 1.284539e+14 6.339008e+13 2.951364e+09 



