T(K) p(Pa) phi Tf(K) SL(m/s) Xf(m) maxXCH mpXCH intXCH maxSM mpSM intSM maxCM mpCM intCM
300 101325 5.000000e-01 1.570379e+03 3.236696e-01 3.958300e-04 2.024815e-09 1.803380e-09 3.980342e-13 4.595930e+11 4.312534e+11 9.045746e+07 1.395117e+11 1.309161e+11 2.745838e+07 
300 101325 5.500000e-01 1.679831e+03 4.695710e-01 3.333300e-04 6.302931e-09 5.909321e-09 1.057733e-12 1.319388e+12 1.220656e+12 2.232987e+08 4.005969e+11 3.706361e+11 6.779654e+07 
300 101325 6.000000e-01 1.772532e+03 6.059328e-01 3.020800e-04 1.427513e-08 1.335947e-08 2.144912e-12 2.799983e+12 2.553706e+12 4.240277e+08 8.502720e+11 7.755285e+11 1.287614e+08 
300 101325 6.500000e-01 1.852693e+03 7.452195e-01 2.864600e-04 2.750362e-08 2.485873e-08 3.823247e-12 5.100183e+12 5.078156e+12 6.990209e+08 1.548984e+12 1.542315e+12 2.122942e+08 
300 101325 7.000000e-01 1.943003e+03 9.034681e-01 2.500000e-04 5.204521e-08 5.021358e-08 6.629326e-12 9.075181e+12 8.602753e+12 1.168971e+09 2.756644e+12 2.613240e+12 3.550714e+08 
300 101325 7.500000e-01 2.027605e+03 1.067170e+00 2.291700e-04 9.123157e-08 8.821337e-08 1.089320e-11 1.502501e+13 1.429288e+13 1.815000e+09 4.564516e+12 4.342266e+12 5.513730e+08 
300 101325 8.000000e-01 2.108119e+03 1.228256e+00 2.135400e-04 1.510246e-07 1.491956e-07 1.701269e-11 2.350829e+13 2.303045e+13 2.688761e+09 7.142579e+12 6.997536e+12 8.169077e+08 
300 101325 8.500000e-01 2.184884e+03 1.387843e+00 2.135400e-04 2.400975e-07 2.311798e-07 2.619566e-11 3.538511e+13 3.364553e+13 3.911782e+09 1.075238e+13 1.022409e+13 1.188631e+09 
300 101325 9.000000e-01 2.249017e+03 1.529629e+00 2.135400e-04 3.544437e-07 3.317627e-07 3.778207e-11 4.985240e+13 4.910754e+13 5.296552e+09 1.514994e+13 1.492387e+13 1.609564e+09 
300 101325 9.500000e-01 2.301919e+03 1.661285e+00 2.135400e-04 5.059307e-07 4.614557e-07 5.284253e-11 6.784757e+13 6.617709e+13 7.087514e+09 2.062055e+13 2.011321e+13 2.154014e+09 
300 101325 1.000000e+00 2.343083e+03 1.783453e+00 1.927000e-04 6.981725e-07 6.832271e-07 7.090124e-11 8.963548e+13 8.657186e+13 9.239625e+09 2.724474e+13 2.631405e+13 2.808315e+09 
300 101325 1.050000e+00 2.367009e+03 1.896234e+00 1.901000e-04 9.409626e-07 9.221302e-07 9.471813e-11 1.160563e+14 1.122991e+14 1.184581e+10 3.527797e+13 3.413659e+13 3.600730e+09 
300 101325 1.100000e+00 2.372656e+03 1.998366e+00 2.057300e-04 1.230064e-06 1.119832e-06 1.249711e-10 1.458340e+14 1.415937e+14 1.479871e+10 4.433285e+13 4.304445e+13 4.498631e+09 
300 101325 1.150000e+00 2.361270e+03 2.083375e+00 2.005200e-04 1.575968e-06 1.460290e-06 1.603632e-10 1.801033e+14 1.654814e+14 1.858163e+10 5.475372e+13 5.031012e+13 5.648981e+09 
300 101325 1.200000e+00 2.344779e+03 2.160138e+00 1.979200e-04 1.974345e-06 1.885188e-06 2.016697e-10 2.183086e+14 2.044349e+14 2.256886e+10 6.637274e+13 6.215637e+13 6.861555e+09 
300 101325 1.250000e+00 2.324632e+03 2.224774e+00 2.135400e-04 2.438841e-06 2.154861e-06 2.546164e-10 2.608179e+14 2.483121e+14 2.712790e+10 7.930175e+13 7.550100e+13 8.248130e+09 
300 101325 1.300000e+00 2.300699e+03 2.269774e+00 2.083300e-04 2.966285e-06 2.702132e-06 3.131566e-10 3.068054e+14 2.729305e+14 3.272326e+10 9.328967e+13 8.299173e+13 9.949968e+09 
300 101325 1.350000e+00 2.277710e+03 2.304254e+00 2.057300e-04 3.548663e-06 3.350166e-06 3.811434e-10 3.555664e+14 3.295071e+14 3.863070e+10 1.081222e+14 1.002002e+14 1.174684e+10 
300 101325 1.400000e+00 2.253367e+03 2.323508e+00 2.213500e-04 4.175161e-06 3.702798e-06 4.638150e-10 4.057567e+14 3.890943e+14 4.496823e+10 1.233906e+14 1.183255e+14 1.367467e+10 
300 101325 1.450000e+00 2.229754e+03 2.329399e+00 2.187500e-04 4.827417e-06 4.480122e-06 5.497753e-10 4.557883e+14 4.145972e+14 5.248122e+10 1.386119e+14 1.260878e+14 1.596014e+10 
300 101325 1.500000e+00 2.209141e+03 2.332267e+00 2.161400e-04 5.483674e-06 5.254730e-06 6.394623e-10 5.038019e+14 4.756919e+14 5.951751e+10 1.532202e+14 1.446737e+14 1.810075e+10 
300 101325 1.550000e+00 2.184193e+03 2.317255e+00 2.552100e-04 6.129449e-06 5.156216e-06 7.588859e-10 5.478908e+14 4.987551e+14 6.778685e+10 1.666370e+14 1.516950e+14 2.061659e+10 
300 101325 1.600000e+00 2.159955e+03 2.274623e+00 2.500000e-04 6.748072e-06 5.987240e-06 8.702276e-10 5.879594e+14 5.104614e+14 7.656984e+10 1.788312e+14 1.552626e+14 2.328889e+10 
300 101325 1.650000e+00 2.136074e+03 2.223671e+00 2.864600e-04 7.288408e-06 5.578641e-06 1.005173e-09 6.199194e+14 5.697506e+14 8.406703e+10 1.885596e+14 1.733025e+14 2.557025e+10 
300 101325 1.700000e+00 2.114366e+03 2.179889e+00 2.864600e-04 7.748755e-06 6.512258e-06 1.112997e-09 6.433772e+14 5.215745e+14 9.308525e+10 1.957022e+14 1.586552e+14 2.831435e+10 
300 101325 1.750000e+00 2.091965e+03 2.112304e+00 3.229100e-04 8.094402e-06 6.012911e-06 1.249627e-09 6.575347e+14 4.798182e+14 1.020354e+11 2.000158e+14 1.459592e+14 3.103796e+10 
300 101325 1.800000e+00 2.071186e+03 2.042978e+00 3.593800e-04 8.311750e-06 5.461900e-06 1.373897e-09 6.601679e+14 5.252553e+14 1.078303e+11 2.008239e+14 1.597859e+14 3.280183e+10 



300 303975 5.000000e-01 1.593972e+03 1.977390e-01 1.556700e-04 1.031081e-09 8.970779e-10 7.934035e-14 2.004129e+11 1.823175e+11 1.541478e+07 6.102410e+10 5.551493e+10 4.693665e+06 
300 303975 5.500000e-01 1.670176e+03 2.718773e-01 1.397800e-04 2.759616e-09 2.431225e-09 1.868030e-13 5.039114e+11 4.758350e+11 3.379257e+07 1.534444e+11 1.448962e+11 1.029000e+07 
300 303975 6.000000e-01 1.757171e+03 3.710459e-01 1.207200e-04 7.100623e-09 6.267090e-09 4.236025e-13 1.210465e+12 1.153118e+12 7.143302e+07 3.686124e+11 3.511525e+11 2.175278e+07 
300 303975 6.500000e-01 1.843504e+03 4.795596e-01 1.016600e-04 1.589751e-08 1.536849e-08 8.482168e-13 2.542461e+12 2.405541e+12 1.368228e+08 7.742677e+11 7.325791e+11 4.166711e+07 
300 303975 7.000000e-01 1.933883e+03 6.078405e-01 9.848000e-05 3.363233e-08 3.123744e-08 1.657743e-12 5.032041e+12 4.561584e+12 2.499937e+08 1.532502e+12 1.389244e+12 7.613491e+07 
300 303975 7.500000e-01 2.021505e+03 7.420495e-01 9.372000e-05 6.501945e-08 5.850435e-08 2.983898e-12 9.144211e+12 8.579695e+12 4.196445e+08 2.784975e+12 2.613074e+12 1.278069e+08 
300 303975 8.000000e-01 2.102575e+03 8.809437e-01 8.259000e-05 1.150903e-07 1.107715e-07 4.934873e-12 1.528212e+13 1.442893e+13 6.625226e+08 4.654523e+12 4.394708e+12 2.017853e+08 
300 303975 9.000000e-01 2.249600e+03 1.152769e+00 7.148000e-05 3.042490e-07 3.015638e-07 1.187231e-11 3.632841e+13 3.568101e+13 1.439779e+09 1.106541e+13 1.086826e+13 4.385443e+08 
300 303975 9.500000e-01 2.312694e+03 1.286391e+00 7.148000e-05 4.596022e-07 4.500293e-07 1.763272e-11 5.237059e+13 5.052890e+13 2.034372e+09 1.595222e+13 1.539132e+13 6.196704e+08 
300 303975 1.000000e+00 2.364403e+03 1.409801e+00 7.148000e-05 6.707428e-07 6.510040e-07 2.539094e-11 7.283913e+13 6.970504e+13 2.795125e+09 2.218761e+13 2.123304e+13 8.514198e+08 
300 303975 1.050000e+00 2.396129e+03 1.525760e+00 6.989000e-05 9.469406e-07 9.148519e-07 3.556374e-11 9.853803e+13 9.364024e+13 3.745417e+09 3.001653e+13 2.852475e+13 1.140917e+09 
300 303975 1.100000e+00 2.401321e+03 1.630191e+00 6.989000e-05 1.276798e-06 1.252521e-06 4.783652e-11 1.275190e+14 1.237577e+14 4.846941e+09 3.884557e+13 3.769993e+13 1.476493e+09 
300 303975 1.150000e+00 2.388276e+03 1.722694e+00 8.101000e-05 1.684506e-06 1.446259e-06 6.513000e-11 1.618206e+14 1.585270e+14 6.161541e+09 4.929582e+13 4.829262e+13 1.876993e+09 
300 303975 1.200000e+00 2.364113e+03 1.797259e+00 7.942000e-05 2.173354e-06 1.930406e-06 8.504997e-11 2.010726e+14 1.899200e+14 7.860069e+09 6.125458e+13 5.785734e+13 2.394470e+09 
300 303975 1.250000e+00 2.340526e+03 1.856736e+00 7.783000e-05 2.719572e-06 2.492570e-06 1.083338e-10 2.430456e+14 2.183820e+14 9.770143e+09 7.404266e+13 6.652942e+13 2.976412e+09 
300 303975 1.300000e+00 2.315608e+03 1.895621e+00 7.624000e-05 3.304236e-06 3.125067e-06 1.347748e-10 2.859455e+14 2.657370e+14 1.176966e+10 8.711353e+13 8.095742e+13 3.585620e+09 
300 303975 1.350000e+00 2.290693e+03 1.916430e+00 8.736000e-05 3.909580e-06 3.266921e-06 1.688687e-10 3.275117e+14 2.665320e+14 1.422595e+10 9.977846e+13 8.120123e+13 4.334009e+09 
300 303975 1.400000e+00 2.265876e+03 1.920259e+00 8.577000e-05 4.500329e-06 3.972867e-06 2.014473e-10 3.660395e+14 3.164875e+14 1.649396e+10 1.115182e+14 9.642211e+13 5.025056e+09 
300 303975 1.450000e+00 2.241670e+03 1.908055e+00 9.848000e-05 5.046096e-06 4.062817e-06 2.408992e-10 3.991450e+14 3.122577e+14 1.912025e+10 1.216060e+14 9.513508e+13 5.825279e+09 
300 303975 1.500000e+00 2.219780e+03 1.882327e+00 1.096000e-04 5.518892e-06 3.962256e-06 2.814866e-10 4.255932e+14 3.585462e+14 2.137123e+10 1.296659e+14 1.092392e+14 6.511172e+09 
300 303975 1.550000e+00 2.196134e+03 1.838053e+00 1.080200e-04 5.857748e-06 4.654356e-06 3.151070e-10 4.403999e+14 3.386666e+14 2.372199e+10 1.341790e+14 1.031840e+14 7.227487e+09 
300 303975 1.600000e+00 2.174627e+03 1.781679e+00 1.191300e-04 6.060029e-06 4.480406e-06 3.526901e-10 4.450148e+14 3.169181e+14 2.586698e+10 1.355869e+14 9.655901e+13 7.881118e+09 
300 303975 1.650000e+00 2.152698e+03 1.708162e+00 1.429600e-04 6.061924e-06 3.566558e-06 3.882177e-10 4.350334e+14 2.946498e+14 2.741900e+10 1.325474e+14 8.977540e+13 8.354097e+09 
300 303975 1.700000e+00 2.130592e+03 1.617477e+00 1.413700e-04 5.834714e-06 4.074787e-06 4.060558e-10 4.098705e+14 2.792634e+14 2.840930e+10 1.248823e+14 8.508842e+13 8.655933e+09 
300 303975 1.750000e+00 2.112299e+03 1.528927e+00 1.651900e-04 5.486856e-06 3.347659e-06 4.265905e-10 3.777149e+14 2.226319e+14 2.913104e+10 1.150861e+14 6.783418e+13 8.875939e+09 
300 303975 1.800000e+00 2.089624e+03 1.404578e+00 2.144300e-04 4.734212e-06 2.071659e-06 4.247909e-10 3.199937e+14 1.749493e+14 2.778811e+10 9.750012e+13 5.330626e+13 8.466859e+09 



300 607950 5.000000e-01 1.588262e+03 1.087566e-01 1.000000e-04 3.673501e-10 3.161119e-10 1.769149e-14 6.631412e+10 6.137672e+10 3.150810e+06 2.020706e+10 1.870263e+10 9.601057e+05 
300 607950 5.500000e-01 1.682910e+03 1.793994e-01 7.790000e-05 1.606954e-09 1.442806e-09 6.225457e-14 2.662097e+11 2.333210e+11 1.036115e+07 8.112100e+10 7.109941e+10 3.157310e+06 
300 607950 6.000000e-01 1.762868e+03 2.506933e-01 6.744000e-05 4.414444e-09 3.985581e-09 1.494053e-13 6.852135e+11 6.137470e+11 2.331016e+07 2.088071e+11 1.870300e+11 7.103365e+06 
300 607950 6.500000e-01 1.841180e+03 3.309741e-01 6.279000e-05 1.020279e-08 8.890803e-09 3.126939e-13 1.488235e+12 1.391007e+12 4.537416e+07 4.535236e+11 4.238964e+11 1.382726e+07 
300 607950 7.000000e-01 1.938684e+03 4.407850e-01 5.697000e-05 2.489049e-08 2.185748e-08 6.849129e-13 3.363639e+12 3.128677e+12 9.197520e+07 1.025057e+12 9.534578e+11 2.802907e+07 
300 607950 7.500000e-01 2.024126e+03 5.497350e-01 4.883000e-05 5.034204e-08 4.686455e-08 1.270773e-12 6.369362e+12 5.878349e+12 1.623503e+08 1.941079e+12 1.791451e+12 4.947656e+07 
300 607950 8.000000e-01 2.106745e+03 6.616986e-01 4.535000e-05 9.321991e-08 8.759721e-08 2.213190e-12 1.111074e+13 1.035044e+13 2.665076e+08 3.386086e+12 3.154394e+12 8.122017e+07 
300 607950 8.500000e-01 2.183582e+03 7.760040e-01 4.709000e-05 1.599251e-07 1.439303e-07 3.667123e-12 1.801879e+13 1.740719e+13 4.106574e+08 5.491462e+12 5.305084e+12 1.251529e+08 
300 607950 9.000000e-01 2.247500e+03 8.773957e-01 4.302000e-05 2.460632e-07 2.333750e-07 5.428300e-12 2.646670e+13 2.466819e+13 5.894754e+08 8.066183e+12 7.518080e+12 1.796523e+08 
300 607950 9.500000e-01 2.314907e+03 9.894889e-01 4.302000e-05 3.834752e-07 3.501468e-07 8.302487e-12 3.924206e+13 3.501660e+13 8.561291e+08 1.195986e+13 1.067211e+13 2.609231e+08 
300 607950 1.000000e+00 2.384232e+03 1.130272e+00 4.302000e-05 6.327093e-07 5.651001e-07 1.350418e-11 6.084714e+13 5.874116e+13 1.288590e+09 1.854480e+13 1.790298e+13 3.927314e+08 
300 607950 1.050000e+00 2.408889e+03 1.202170e+00 4.302000e-05 8.029505e-07 7.191025e-07 1.709333e-11 7.513531e+13 7.266035e+13 1.586268e+09 2.289967e+13 2.214539e+13 4.834600e+08 
300 607950 1.100000e+00 2.415755e+03 1.300691e+00 4.244000e-05 1.156929e-06 1.057044e-06 2.479388e-11 1.031602e+14 9.231093e+13 2.227027e+09 3.144146e+13 2.813490e+13 6.787585e+08 
300 607950 1.150000e+00 2.401470e+03 1.387206e+00 4.186000e-05 1.522355e-06 1.421742e-06 3.286404e-11 1.308997e+14 1.196926e+14 2.846420e+09 3.989642e+13 3.648076e+13 8.675475e+08 
300 607950 1.200000e+00 2.376989e+03 1.457916e+00 4.593000e-05 1.978966e-06 1.707765e-06 4.433004e-11 1.636556e+14 1.523256e+14 3.623334e+09 4.988052e+13 4.642735e+13 1.104352e+09 
300 607950 1.250000e+00 2.354332e+03 1.515439e+00 4.477000e-05 2.455564e-06 2.184794e-06 5.628351e-11 1.962946e+14 1.705882e+14 4.522883e+09 5.982912e+13 5.199418e+13 1.378538e+09 
300 607950 1.300000e+00 2.329001e+03 1.548834e+00 4.883000e-05 2.949555e-06 2.462332e-06 7.122518e-11 2.281137e+14 1.848726e+14 5.525279e+09 6.952802e+13 5.634850e+13 1.684077e+09 
300 607950 1.350000e+00 2.301431e+03 1.559188e+00 5.290000e-05 3.421951e-06 2.717477e-06 8.776597e-11 2.565655e+14 1.970179e+14 6.584588e+09 7.820075e+13 6.005095e+13 2.006969e+09 
300 607950 1.400000e+00 2.278890e+03 1.551686e+00 5.232000e-05 3.782449e-06 3.251367e-06 1.017293e-10 2.764502e+14 2.310043e+14 7.442929e+09 8.426223e+13 7.041049e+13 2.268608e+09 
300 607950 1.450000e+00 2.254980e+03 1.524657e+00 6.105000e-05 4.044272e-06 3.026349e-06 1.188607e-10 2.878896e+14 2.071963e+14 8.440490e+09 8.774965e+13 6.315428e+13 2.572686e+09 
300 607950 1.500000e+00 2.228600e+03 1.471726e+00 6.919000e-05 4.129990e-06 2.730703e-06 1.333600e-10 2.872950e+14 1.807802e+14 9.214261e+09 8.756911e+13 5.510299e+13 2.808556e+09 
300 607950 1.550000e+00 2.205505e+03 1.408823e+00 7.791000e-05 4.056735e-06 2.475040e-06 1.440679e-10 2.760299e+14 1.566780e+14 9.707375e+09 8.413603e+13 4.775681e+13 2.958881e+09 
300 607950 1.600000e+00 2.180580e+03 1.327592e+00 8.604000e-05 3.753216e-06 2.206072e-06 1.485098e-10 2.502772e+14 1.403813e+14 9.796825e+09 7.628696e+13 4.278972e+13 2.986167e+09 
300 607950 1.650000e+00 2.162190e+03 1.253333e+00 1.034900e-04 3.387603e-06 1.560823e-06 1.491837e-10 2.221874e+14 1.191383e+14 9.528417e+09 6.772526e+13 3.631484e+13 2.904370e+09 
300 607950 1.700000e+00 2.139501e+03 1.151888e+00 1.209300e-04 2.788092e-06 1.111207e-06 1.375535e-10 1.802277e+14 9.722705e+13 8.543244e+09 5.493580e+13 2.963618e+13 2.604094e+09 
300 607950 1.750000e+00 2.119173e+03 1.047693e+00 1.209300e-04 2.158587e-06 1.077390e-06 1.148723e-10 1.383089e+14 6.336195e+13 7.229058e+09 4.215861e+13 1.931372e+13 2.203524e+09 
300 607950 1.800000e+00 2.099798e+03 9.563477e-01 1.383700e-04 1.622175e-06 6.803707e-07 9.218585e-11 1.033754e+14 5.558916e+13 5.663809e+09 3.151052e+13 1.694453e+13 1.726421e+09 



300 911925 5.000000e-01 1.590487e+03 6.936089e-02 8.138000e-05 1.521234e-10 1.310477e-10 5.965297e-15 2.634215e+10 2.458672e+10 1.017014e+06 8.028886e+09 7.493859e+09 3.099780e+05 
300 911925 5.500000e-01 1.695409e+03 1.343067e-01 5.910000e-05 1.057934e-09 9.319737e-10 3.068510e-14 1.660980e+11 1.431815e+11 4.824709e+06 5.062647e+10 4.364169e+10 1.470565e+06 
300 911925 6.000000e-01 1.784006e+03 2.021210e-01 4.941000e-05 3.608369e-09 3.216152e-09 8.804977e-14 5.245322e+11 4.568864e+11 1.283091e+07 1.598795e+11 1.392612e+11 3.910906e+06 
300 911925 6.500000e-01 1.844618e+03 2.567013e-01 4.554000e-05 7.423035e-09 6.470146e-09 1.658732e-13 1.025614e+12 8.701027e+11 2.297310e+07 3.126145e+11 2.652143e+11 7.002355e+06 
300 911925 7.000000e-01 1.937983e+03 3.473016e-01 4.070000e-05 1.891080e-08 1.614389e-08 3.768555e-13 2.422831e+12 2.296504e+12 4.795779e+07 7.385064e+11 7.000025e+11 1.461807e+07 
300 911925 7.500000e-01 2.025035e+03 4.405800e-01 3.487000e-05 4.033260e-08 3.740665e-08 7.312782e-13 4.828181e+12 4.360736e+12 8.802956e+07 1.471704e+12 1.329224e+12 2.683275e+07 
300 911925 8.000000e-01 2.130898e+03 5.631706e-01 3.294000e-05 9.067894e-08 8.561270e-08 1.526628e-12 1.002641e+13 9.219204e+12 1.698312e+08 3.056254e+12 2.810206e+12 5.176791e+07 
300 911925 8.500000e-01 2.177280e+03 6.280721e-01 3.343000e-05 1.285531e-07 1.146086e-07 2.122014e-12 1.371651e+13 1.340611e+13 2.240801e+08 4.181093e+12 4.086485e+12 6.830446e+07 
300 911925 9.000000e-01 2.251574e+03 7.298761e-01 3.003000e-05 2.141180e-07 2.027004e-07 3.375966e-12 2.161736e+13 2.026998e+13 3.441730e+08 6.589512e+12 6.178813e+12 1.049125e+08 
300 911925 9.500000e-01 2.312635e+03 8.217124e-01 3.052000e-05 3.252166e-07 2.994591e-07 5.054659e-12 3.135530e+13 2.847744e+13 4.910897e+08 9.557967e+12 8.680731e+12 1.496975e+08 
300 911925 1.000000e+00 2.372195e+03 9.174342e-01 3.100000e-05 4.926827e-07 4.479783e-07 7.586844e-12 4.521827e+13 3.976489e+13 7.002214e+08 1.378390e+13 1.212157e+13 2.134484e+08 
300 911925 1.050000e+00 2.416193e+03 1.012561e+00 3.052000e-05 7.230396e-07 6.481745e-07 1.111056e-11 6.329234e+13 5.587737e+13 9.791585e+08 1.929359e+13 1.703330e+13 2.984794e+08 
300 911925 1.100000e+00 2.420578e+03 1.113547e+00 3.003000e-05 1.056122e-06 9.598280e-07 1.635485e-11 8.795356e+13 7.882869e+13 1.371077e+09 2.681138e+13 2.402985e+13 4.179527e+08 
300 911925 1.150000e+00 2.404149e+03 1.182648e+00 2.955000e-05 1.363718e-06 1.265240e-06 2.138757e-11 1.097183e+14 1.006254e+14 1.732828e+09 3.344627e+13 3.067448e+13 5.282307e+08 
300 911925 1.200000e+00 2.378230e+03 1.244197e+00 3.343000e-05 1.759616e-06 1.510024e-06 2.898743e-11 1.363233e+14 1.124611e+14 2.248096e+09 4.155679e+13 3.428271e+13 6.853088e+08 
300 911925 1.250000e+00 2.351672e+03 1.287307e+00 3.681000e-05 2.157528e-06 1.679812e-06 3.750730e-11 1.615091e+14 1.407719e+14 2.763895e+09 4.923474e+13 4.291327e+13 8.425503e+08 
300 911925 1.300000e+00 2.328030e+03 1.313873e+00 3.633000e-05 2.510488e-06 2.101793e-06 4.559750e-11 1.827207e+14 1.464582e+14 3.310123e+09 5.570127e+13 4.464698e+13 1.009070e+09 
300 911925 1.350000e+00 2.293775e+03 1.306287e+00 4.360000e-05 2.833278e-06 1.952281e-06 5.679731e-11 1.991136e+14 1.533852e+14 3.924035e+09 6.069901e+13 4.675897e+13 1.196226e+09 
300 911925 1.400000e+00 2.275724e+03 1.293768e+00 4.312000e-05 2.990895e-06 2.278143e-06 6.304111e-11 2.059006e+14 1.491276e+14 4.318746e+09 6.276827e+13 4.546126e+13 1.316558e+09 
300 911925 1.450000e+00 2.252541e+03 1.259363e+00 5.038000e-05 3.034985e-06 1.979614e-06 7.074852e-11 2.044150e+14 1.252429e+14 4.719939e+09 6.231569e+13 3.818026e+13 1.438868e+09 
300 911925 1.500000e+00 2.230519e+03 1.211444e+00 5.717000e-05 2.940584e-06 1.669769e-06 7.551286e-11 1.939002e+14 1.044278e+14 4.927808e+09 5.911056e+13 3.183492e+13 1.502244e+09 
300 911925 1.550000e+00 2.206985e+03 1.144456e+00 6.443000e-05 2.671563e-06 1.412478e-06 7.594678e-11 1.730427e+14 8.620795e+13 4.861013e+09 5.275238e+13 2.628070e+13 1.481888e+09 
300 911925 1.600000e+00 2.182207e+03 1.060546e+00 7.170000e-05 2.254398e-06 1.157762e-06 7.097773e-11 1.439934e+14 6.841375e+13 4.469548e+09 4.389683e+13 2.085619e+13 1.362555e+09 
300 911925 1.650000e+00 2.162772e+03 9.829814e-01 7.848000e-05 1.817198e-06 8.909012e-07 6.237226e-11 1.149781e+14 5.201609e+13 3.885563e+09 3.505157e+13 1.585736e+13 1.184530e+09 
300 911925 1.700000e+00 2.141631e+03 8.999852e-01 8.526000e-05 1.373180e-06 6.399142e-07 5.046885e-11 8.646246e+13 3.808401e+13 3.131804e+09 2.635854e+13 1.161014e+13 9.547471e+08 
300 911925 1.750000e+00 2.119438e+03 8.200075e-01 8.526000e-05 9.949122e-07 5.405122e-07 3.820536e-11 6.252401e+13 3.150086e+13 2.368023e+09 1.906084e+13 9.603254e+12 7.219069e+08 
300 911925 1.800000e+00 2.099668e+03 7.539021e-01 8.429000e-05 7.229893e-07 4.319395e-07 2.857795e-11 4.548390e+13 2.529605e+13 1.775845e+09 1.386610e+13 7.711698e+12 5.413791e+08 



300 1215900 5.000000e-01 1.600680e+03 5.115410e-02 7.150000e-05 7.764359e-11 6.813442e-11 2.683238e-15 1.289175e+10 1.136679e+10 4.479980e+05 3.929793e+09 3.464946e+09 1.365632e+05 
300 1215900 5.500000e-01 1.697263e+03 1.014737e-01 4.937000e-05 6.261065e-10 5.634953e-10 1.537593e-14 9.477852e+10 8.450555e+10 2.341216e+06 2.889176e+10 2.576026e+10 7.136834e+05 
300 1215900 6.000000e-01 1.791301e+03 1.648844e-01 4.086000e-05 2.666945e-09 2.349327e-09 5.317573e-14 3.726635e+11 3.223859e+11 7.453634e+06 1.136021e+11 9.827581e+10 2.272153e+06 
300 1215900 6.500000e-01 1.840434e+03 2.026762e-01 3.746000e-05 5.098074e-09 4.355619e-09 9.361656e-14 6.827181e+11 6.355151e+11 1.241334e+07 2.081199e+11 1.937309e+11 3.784083e+06 
300 1215900 7.000000e-01 1.939364e+03 2.886021e-01 3.149000e-05 1.494493e-08 1.377081e-08 2.385118e-13 1.845634e+12 1.671463e+12 2.956074e+07 5.626305e+11 5.095365e+11 9.011407e+06 
300 1215900 7.500000e-01 2.026055e+03 3.728286e-01 2.979000e-05 3.330895e-08 2.903927e-08 4.873289e-13 3.835112e+12 3.679182e+12 5.534320e+07 1.169122e+12 1.121589e+12 1.687119e+07 
300 1215900 8.000000e-01 2.110455e+03 4.606994e-01 2.766000e-05 6.594078e-08 5.836504e-08 9.039193e-13 7.128844e+12 6.583869e+12 9.724088e+07 2.173226e+12 2.007093e+12 2.964382e+07 
300 1215900 8.500000e-01 2.187693e+03 5.517257e-01 2.511000e-05 1.183515e-07 1.102183e-07 1.531797e-12 1.202784e+13 1.097436e+13 1.566637e+08 3.666711e+12 3.345563e+12 4.775921e+07 
300 1215900 9.000000e-01 2.248112e+03 6.239906e-01 2.596000e-05 1.812999e-07 1.620350e-07 2.299417e-12 1.762737e+13 1.649955e+13 2.228351e+08 5.373771e+12 5.029959e+12 6.793208e+07 
300 1215900 9.500000e-01 2.315377e+03 7.132526e-01 2.255000e-05 2.864282e-07 2.752640e-07 3.487243e-12 2.644590e+13 2.499446e+13 3.246855e+08 8.062191e+12 7.619719e+12 9.898222e+07 
300 1215900 1.000000e+00 2.378199e+03 7.967383e-01 2.298000e-05 4.397543e-07 4.184510e-07 5.324430e-12 3.864754e+13 3.606917e+13 4.709952e+08 1.178201e+13 1.099598e+13 1.435865e+08 
300 1215900 1.050000e+00 2.421153e+03 8.819492e-01 2.298000e-05 6.375052e-07 6.080631e-07 7.730873e-12 5.352666e+13 5.004982e+13 6.528300e+08 1.631813e+13 1.525819e+13 1.990214e+08 
300 1215900 1.100000e+00 2.426538e+03 9.637447e-01 2.596000e-05 9.010443e-07 7.474611e-07 1.128480e-11 7.224176e+13 6.804569e+13 8.891716e+08 2.202373e+13 2.074454e+13 2.710740e+08 
300 1215900 1.150000e+00 2.405909e+03 1.035604e+00 2.554000e-05 1.217226e-06 1.046095e-06 1.561407e-11 9.359483e+13 7.766827e+13 1.202545e+09 2.853363e+13 2.367825e+13 3.666118e+08 
300 1215900 1.200000e+00 2.381360e+03 1.092204e+00 2.511000e-05 1.541014e-06 1.375325e-06 2.035428e-11 1.144218e+14 1.009294e+14 1.516059e+09 3.488319e+13 3.076988e+13 4.621930e+08 
300 1215900 1.250000e+00 2.356550e+03 1.131666e+00 2.851000e-05 1.857184e-06 1.525118e-06 2.613705e-11 1.334082e+14 1.053390e+14 1.873890e+09 4.067170e+13 3.211438e+13 5.712860e+08 
300 1215900 1.300000e+00 2.329959e+03 1.148799e+00 3.150000e-05 2.121702e-06 1.594733e-06 3.204245e-11 1.479999e+14 1.061670e+14 2.224719e+09 4.512042e+13 3.236698e+13 6.782454e+08 
300 1215900 1.350000e+00 2.304345e+03 1.146306e+00 3.447000e-05 2.295523e-06 1.613633e-06 3.742188e-11 1.560668e+14 1.041205e+14 2.526722e+09 4.757999e+13 3.174321e+13 7.703197e+08 
300 1215900 1.400000e+00 2.279311e+03 1.126212e+00 3.746000e-05 2.356810e-06 1.593286e-06 4.174649e-11 1.565839e+14 1.001793e+14 2.750263e+09 4.773782e+13 3.054178e+13 8.384739e+08 
300 1215900 1.450000e+00 2.252664e+03 1.078581e+00 4.384000e-05 2.263867e-06 1.313846e-06 4.469261e-11 1.472762e+14 8.004172e+13 2.875867e+09 4.490037e+13 2.440250e+13 8.767705e+08 
300 1215900 1.500000e+00 2.235190e+03 1.042739e+00 5.022000e-05 2.135942e-06 1.065096e-06 4.597484e-11 1.368362e+14 8.668354e+13 2.850824e+09 4.171763e+13 2.642748e+13 8.691383e+08 
300 1215900 1.550000e+00 2.212672e+03 9.831588e-01 5.661000e-05 1.855088e-06 8.500832e-07 4.401067e-11 1.172479e+14 6.624140e+13 2.694853e+09 3.574580e+13 2.019529e+13 8.215896e+08 
300 1215900 1.600000e+00 2.185928e+03 8.961536e-01 6.299000e-05 1.424640e-06 6.337022e-07 3.738926e-11 8.924032e+13 4.746993e+13 2.270173e+09 2.720712e+13 1.447240e+13 6.921185e+08 
300 1215900 1.650000e+00 2.164960e+03 8.290988e-01 6.214000e-05 1.096364e-06 5.617289e-07 3.024047e-11 6.835377e+13 3.303302e+13 1.859533e+09 2.083940e+13 1.007098e+13 5.669262e+08 
300 1215900 1.700000e+00 2.142007e+03 7.604545e-01 6.810000e-05 7.972433e-07 3.682162e-07 2.325374e-11 4.963080e+13 2.749668e+13 1.410823e+09 1.513126e+13 8.383099e+12 4.301267e+08 
300 1215900 1.750000e+00 2.119892e+03 6.984296e-01 6.810000e-05 5.703396e-07 3.016457e-07 1.726313e-11 3.560403e+13 1.752367e+13 1.063234e+09 1.085485e+13 5.342573e+12 3.241556e+08 
300 1215900 1.800000e+00 2.099576e+03 6.469295e-01 7.406000e-05 4.135340e-07 1.950017e-07 1.308638e-11 2.591179e+13 1.398321e+13 7.980970e+08 7.899929e+12 4.263176e+12 2.433220e+08 



500 101325 5.000000e-01 1.743836e+03 1.318509e+00 2.989600e-04 1.095310e-08 1.037731e-08 1.646042e-12 2.452848e+12 2.296736e+12 3.732330e+08 7.445127e+11 6.971691e+11 1.132819e+08 
500 101325 5.500000e-01 1.849852e+03 1.695044e+00 2.734400e-04 2.502664e-08 2.368497e-08 3.385232e-12 5.183381e+12 4.860658e+12 7.106738e+08 1.573655e+12 1.475760e+12 2.157477e+08 
500 101325 6.000000e-01 1.943907e+03 2.055783e+00 2.479200e-04 4.826505e-08 4.686128e-08 6.020418e-12 9.352721e+12 8.912255e+12 1.180398e+09 2.839929e+12 2.706342e+12 3.584137e+08 
500 101325 6.500000e-01 2.035757e+03 2.409930e+00 2.187500e-04 8.552061e-08 8.468928e-08 9.852992e-12 1.552367e+13 1.522513e+13 1.815998e+09 4.714528e+12 4.624019e+12 5.514990e+08 
500 101325 7.000000e-01 2.120219e+03 2.749291e+00 2.187500e-04 1.406615e-07 1.346669e-07 1.556486e-11 2.403065e+13 2.266141e+13 2.693647e+09 7.299151e+12 6.883647e+12 8.181568e+08 
500 101325 7.500000e-01 2.195196e+03 3.061253e+00 2.223900e-04 2.166494e-07 2.005518e-07 2.316431e-11 3.501671e+13 3.487490e+13 3.714467e+09 1.063754e+13 1.059460e+13 1.128361e+09 
500 101325 8.000000e-01 2.263011e+03 3.351385e+00 1.932300e-04 3.187818e-07 3.148445e-07 3.242816e-11 4.892498e+13 4.807580e+13 5.060520e+09 1.486442e+13 1.460678e+13 1.537444e+09 
500 101325 8.500000e-01 2.321246e+03 3.624789e+00 1.932300e-04 4.530111e-07 4.404834e-07 4.510248e-11 6.620228e+13 6.397896e+13 6.697044e+09 2.011572e+13 1.944082e+13 2.034861e+09 
500 101325 9.000000e-01 2.372739e+03 3.877182e+00 1.932300e-04 6.236881e-07 5.988078e-07 6.112758e-11 8.707195e+13 8.305113e+13 8.663275e+09 2.645975e+13 2.523867e+13 2.632553e+09 
500 101325 9.500000e-01 2.413978e+03 4.111444e+00 1.932300e-04 8.389863e-07 8.000351e-07 8.117108e-11 1.119747e+14 1.045192e+14 1.098714e+10 3.403040e+13 3.176562e+13 3.339024e+09 
500 101325 1.000000e+00 2.445007e+03 4.322932e+00 1.895900e-04 1.101547e-06 1.041110e-06 1.055442e-10 1.412118e+14 1.325216e+14 1.373488e+10 4.291937e+13 4.027936e+13 4.174424e+09 
500 101325 1.050000e+00 2.464012e+03 4.509183e+00 1.859400e-04 1.420720e-06 1.343047e-06 1.350884e-10 1.748386e+14 1.647664e+14 1.690322e+10 5.314352e+13 5.008373e+13 5.137773e+09 
500 101325 1.100000e+00 2.471470e+03 4.677743e+00 1.823000e-04 1.799056e-06 1.724594e-06 1.703089e-10 2.131895e+14 2.035531e+14 2.053594e+10 6.480525e+13 6.187773e+13 6.242398e+09 
500 101325 1.150000e+00 2.467662e+03 4.835635e+00 1.786500e-04 2.239973e-06 2.182560e-06 2.117733e-10 2.559148e+14 2.460248e+14 2.460758e+10 7.779858e+13 7.479338e+13 7.480579e+09 
500 101325 1.200000e+00 2.457473e+03 4.955523e+00 1.750000e-04 2.748517e-06 2.723597e-06 2.599597e-10 3.038372e+14 2.978550e+14 2.921679e+10 9.237264e+13 9.055524e+13 8.882318e+09 
500 101325 1.250000e+00 2.442656e+03 5.069407e+00 1.968700e-04 3.334598e-06 2.983452e-06 3.255772e-10 3.560244e+14 3.534666e+14 3.437497e+10 1.082447e+14 1.074681e+14 1.045110e+10 
500 101325 1.300000e+00 2.421677e+03 5.151640e+00 1.932300e-04 3.978706e-06 3.693013e-06 3.908601e-10 4.114587e+14 3.742835e+14 4.098686e+10 1.251063e+14 1.138058e+14 1.246206e+10 
500 101325 1.350000e+00 2.403828e+03 5.222622e+00 1.895800e-04 4.697203e-06 4.492466e-06 4.677006e-10 4.711580e+14 4.432687e+14 4.759542e+10 1.432654e+14 1.347880e+14 1.447217e+10 
500 101325 1.400000e+00 2.384088e+03 5.268055e+00 1.859300e-04 5.478104e-06 5.347404e-06 5.519609e-10 5.326730e+14 5.142087e+14 5.460250e+10 1.619781e+14 1.563662e+14 1.660363e+10 
500 101325 1.450000e+00 2.363430e+03 5.288664e+00 2.114600e-04 6.306520e-06 5.652620e-06 6.650911e-10 5.968763e+14 5.225257e+14 6.365050e+10 1.815108e+14 1.589045e+14 1.935592e+10 
500 101325 1.500000e+00 2.341871e+03 5.296477e+00 2.078100e-04 7.178627e-06 6.659514e-06 7.713484e-10 6.601825e+14 6.010831e+14 7.188698e+10 2.007711e+14 1.828021e+14 2.186163e+10 
500 101325 1.550000e+00 2.320280e+03 5.286277e+00 2.333400e-04 8.078580e-06 6.720254e-06 9.056604e-10 7.234900e+14 6.810864e+14 8.054581e+10 2.200339e+14 2.071408e+14 2.449594e+10 
500 101325 1.600000e+00 2.300048e+03 5.255809e+00 2.296900e-04 8.991650e-06 7.843018e-06 1.035584e-09 7.850079e+14 6.690265e+14 9.140601e+10 2.387527e+14 2.034828e+14 2.779998e+10 
500 101325 1.650000e+00 2.278189e+03 5.205757e+00 2.260400e-04 9.883852e-06 8.994222e-06 1.169453e-09 8.412215e+14 7.636932e+14 1.009781e+11 2.558602e+14 2.322835e+14 3.071244e+10 
500 101325 1.700000e+00 2.258554e+03 5.141312e+00 2.515600e-04 1.075652e-05 8.906251e-06 1.338445e-09 8.940688e+14 7.363541e+14 1.125465e+11 2.719437e+14 2.239774e+14 3.423228e+10 
500 101325 1.750000e+00 2.238134e+03 5.057414e+00 2.515600e-04 1.153779e-05 1.023192e-05 1.486612e-09 9.374449e+14 8.130171e+14 1.220753e+11 2.851477e+14 2.473041e+14 3.713191e+10 
500 101325 1.800000e+00 2.217813e+03 4.962139e+00 2.770800e-04 1.226131e-05 1.000137e-05 1.666897e-09 9.736682e+14 7.722281e+14 1.335646e+11 2.961757e+14 2.349056e+14 4.062809e+10 



500 303975 5.000000e-01 1.738044e+03 7.863535e-01 1.209800e-04 5.222212e-09 4.506423e-09 3.085109e-13 1.003877e+12 9.416556e+11 5.900676e+07 3.056601e+11 2.867195e+11 1.796621e+07 
500 303975 5.500000e-01 1.839322e+03 1.069530e+00 1.052000e-04 1.365964e-08 1.257773e-08 7.130689e-13 2.424433e+12 2.147243e+12 1.273919e+08 7.382401e+11 6.538479e+11 3.879044e+07 
500 303975 6.000000e-01 1.937405e+03 1.376870e+00 9.468000e-05 3.068104e-08 2.749507e-08 1.450415e-12 5.063267e+12 4.948475e+12 2.379330e+08 1.541846e+12 1.506910e+12 7.245397e+07 
500 303975 6.500000e-01 2.027376e+03 1.678644e+00 8.679000e-05 5.969073e-08 5.564169e-08 2.609731e-12 9.222520e+12 8.429672e+12 4.074136e+08 2.808556e+12 2.567151e+12 1.240695e+08 
500 303975 7.000000e-01 2.113276e+03 1.987877e+00 7.759000e-05 1.073986e-07 1.046367e-07 4.371203e-12 1.558523e+13 1.499849e+13 6.432046e+08 4.746428e+12 4.567782e+12 1.958836e+08 
500 303975 7.500000e-01 2.194188e+03 2.299202e+00 7.759000e-05 1.801147e-07 1.674761e-07 7.031688e-12 2.466922e+13 2.386153e+13 9.656873e+08 7.513230e+12 7.267312e+12 2.941060e+08 
500 303975 8.000000e-01 2.268363e+03 2.598409e+00 7.890000e-05 2.855198e-07 2.568988e-07 1.080925e-11 3.702196e+13 3.629669e+13 1.387305e+09 1.127580e+13 1.105498e+13 4.225282e+08 
500 303975 8.500000e-01 2.335380e+03 2.886551e+00 6.838000e-05 4.327178e-07 4.237325e-07 1.560881e-11 5.327364e+13 5.171096e+13 1.951422e+09 1.622614e+13 1.575030e+13 5.943608e+08 
500 303975 9.000000e-01 2.395334e+03 3.158287e+00 6.838000e-05 6.305021e-07 6.081867e-07 2.233932e-11 7.388035e+13 7.061210e+13 2.657087e+09 2.250324e+13 2.150797e+13 8.093171e+08 
500 303975 9.500000e-01 2.445041e+03 3.411416e+00 6.838000e-05 8.877824e-07 8.484024e-07 3.110821e-11 9.936272e+13 9.265851e+13 3.523280e+09 3.026584e+13 2.822402e+13 1.073181e+09 
500 303975 1.000000e+00 2.483319e+03 3.643390e+00 6.838000e-05 1.214951e-06 1.161442e-06 4.222401e-11 1.301023e+14 1.215006e+14 4.576520e+09 3.963015e+13 3.701036e+13 1.394034e+09 
500 303975 1.050000e+00 2.505674e+03 3.852704e+00 6.707000e-05 1.619487e-06 1.544817e-06 5.606511e-11 1.661566e+14 1.550600e+14 5.828424e+09 5.061392e+13 4.723408e+13 1.775416e+09 
500 303975 1.100000e+00 2.510872e+03 4.037384e+00 6.575000e-05 2.109434e-06 2.032028e-06 7.295407e-11 2.079983e+14 1.964677e+14 7.292684e+09 6.336093e+13 5.984896e+13 2.221503e+09 
500 303975 1.150000e+00 2.502719e+03 4.199000e+00 6.444000e-05 2.673133e-06 2.607341e-06 9.262278e-11 2.539636e+14 2.439057e+14 8.933998e+09 7.736465e+13 7.430124e+13 2.721540e+09 
500 303975 1.200000e+00 2.487532e+03 4.334796e+00 7.364000e-05 3.326186e-06 2.919532e-06 1.194366e-10 3.051742e+14 2.982000e+14 1.081208e+10 9.296693e+13 9.084269e+13 3.293725e+09 
500 303975 1.250000e+00 2.467295e+03 4.439192e+00 7.233000e-05 4.064151e-06 3.700892e-06 1.485554e-10 3.604712e+14 3.191268e+14 1.329336e+10 1.098145e+14 9.722001e+13 4.049688e+09 
500 303975 1.300000e+00 2.445555e+03 4.518253e+00 7.101000e-05 4.874057e-06 4.577349e-06 1.809593e-10 4.180643e+14 3.837850e+14 1.569022e+10 1.273620e+14 1.169197e+14 4.779956e+09 
500 303975 1.350000e+00 2.422875e+03 4.562878e+00 8.022000e-05 5.747388e-06 4.822131e-06 2.235193e-10 4.774345e+14 4.521583e+14 1.833591e+10 1.454518e+14 1.377519e+14 5.586057e+09 
500 303975 1.400000e+00 2.401321e+03 4.592098e+00 7.890000e-05 6.621735e-06 5.838941e-06 2.645528e-10 5.344700e+14 4.662350e+14 2.155068e+10 1.628303e+14 1.420430e+14 6.565551e+09 
500 303975 1.450000e+00 2.378269e+03 4.585956e+00 7.759000e-05 7.504328e-06 6.890922e-06 3.084851e-10 5.883340e+14 5.367906e+14 2.445706e+10 1.792431e+14 1.635408e+14 7.451117e+09 
500 303975 1.500000e+00 2.355903e+03 4.558312e+00 8.811000e-05 8.358679e-06 7.134257e-06 3.641168e-10 6.380787e+14 5.271255e+14 2.795172e+10 1.944015e+14 1.605988e+14 8.515939e+09 
500 303975 1.550000e+00 2.334524e+03 4.503888e+00 9.731000e-05 9.141419e-06 7.057146e-06 4.216254e-10 6.802662e+14 5.954650e+14 3.098496e+10 2.072577e+14 1.814222e+14 9.440202e+09 
500 303975 1.600000e+00 2.313401e+03 4.422023e+00 9.600000e-05 9.830817e-06 8.163459e-06 4.729988e-10 7.132832e+14 5.723235e+14 3.445878e+10 2.173198e+14 1.743740e+14 1.049872e+10 
500 303975 1.650000e+00 2.292641e+03 4.323333e+00 1.052000e-04 1.037867e-05 7.990119e-06 5.321936e-10 7.354604e+14 5.552023e+14 3.783136e+10 2.240796e+14 1.691598e+14 1.152641e+10 
500 303975 1.700000e+00 2.271981e+03 4.203737e+00 1.038800e-04 1.073891e-05 8.958115e-06 5.788926e-10 7.439686e+14 6.095204e+14 4.026179e+10 2.266746e+14 1.857116e+14 1.226706e+10 
500 303975 1.750000e+00 2.252241e+03 4.063737e+00 1.236100e-04 1.089046e-05 7.510189e-06 6.444138e-10 7.384791e+14 4.945504e+14 4.361539e+10 2.250047e+14 1.506839e+14 1.328900e+10 
500 303975 1.800000e+00 2.235646e+03 3.927604e+00 1.446500e-04 1.089305e-05 6.413268e-06 7.024759e-10 7.239007e+14 5.414947e+14 4.531495e+10 2.205650e+14 1.649888e+14 1.380698e+10 



500 607950 5.000000e-01 1.736924e+03 5.024752e-01 7.054000e-05 2.819212e-09 2.480563e-09 9.621196e-14 4.917105e+11 4.483341e+11 1.667619e+07 1.498305e+11 1.366142e+11 5.081441e+06 
500 607950 5.500000e-01 1.831821e+03 7.113166e-01 6.062000e-05 8.044088e-09 7.041911e-09 2.390924e-13 1.294253e+12 1.207852e+12 3.834391e+07 3.943879e+11 3.680615e+11 1.168421e+07 
500 607950 6.000000e-01 1.927026e+03 9.434312e-01 5.401000e-05 1.959100e-08 1.730547e-08 5.219666e-13 2.926403e+12 2.765499e+12 7.759309e+07 8.917634e+11 8.427367e+11 2.364490e+07 
500 607950 6.500000e-01 2.021705e+03 1.202725e+00 4.629000e-05 4.257908e-08 3.997026e-08 1.025336e-12 5.905264e+12 5.476299e+12 1.438107e+08 1.799561e+12 1.668848e+12 4.382447e+07 
500 607950 7.000000e-01 2.105055e+03 1.457457e+00 4.299000e-05 8.009291e-08 7.624218e-08 1.802950e-12 1.042983e+13 9.823003e+12 2.377064e+08 3.178437e+12 2.993524e+12 7.243949e+07 
500 607950 7.500000e-01 2.188400e+03 1.726822e+00 4.409000e-05 1.421163e-07 1.293356e-07 3.069573e-12 1.743748e+13 1.672681e+13 3.737379e+08 5.314080e+12 5.097531e+12 1.138965e+08 
500 607950 8.000000e-01 2.265630e+03 1.995739e+00 3.968000e-05 2.356582e-07 2.233582e-07 4.843337e-12 2.732775e+13 2.558689e+13 5.677087e+08 8.328298e+12 7.797809e+12 1.730122e+08 
500 607950 8.500000e-01 2.337027e+03 2.254537e+00 4.023000e-05 3.711191e-07 3.404769e-07 7.421808e-12 4.065587e+13 3.988905e+13 8.091553e+08 1.239035e+13 1.215668e+13 2.465984e+08 
500 607950 9.000000e-01 2.399550e+03 2.505194e+00 4.078000e-05 5.556955e-07 4.990357e-07 1.091271e-11 5.805690e+13 5.621146e+13 1.134396e+09 1.769376e+13 1.713139e+13 3.457239e+08 
500 607950 9.500000e-01 2.456354e+03 2.747621e+00 3.637000e-05 8.083558e-07 7.848002e-07 1.540601e-11 8.038518e+13 7.693444e+13 1.552929e+09 2.449903e+13 2.344741e+13 4.732851e+08 
500 607950 1.000000e+00 2.500444e+03 2.969884e+00 3.582000e-05 1.130688e-06 1.085530e-06 2.139651e-11 1.075066e+14 1.016338e+14 2.061297e+09 3.276527e+13 3.097548e+13 6.282282e+08 
500 607950 1.050000e+00 2.527771e+03 3.180061e+00 3.582000e-05 1.542119e-06 1.493597e-06 2.916366e-11 1.405834e+14 1.342725e+14 2.691547e+09 4.284674e+13 4.092343e+13 8.203220e+08 
500 607950 1.150000e+00 2.522225e+03 3.524935e+00 3.913000e-05 2.637916e-06 2.414573e-06 5.164425e-11 2.221919e+14 1.984393e+14 4.382371e+09 6.772077e+13 6.048156e+13 1.335678e+09 
500 607950 1.200000e+00 2.503380e+03 3.653929e+00 3.803000e-05 3.311984e-06 3.079184e-06 6.575132e-11 2.686808e+14 2.449744e+14 5.382154e+09 8.189078e+13 7.466557e+13 1.640413e+09 
500 607950 1.250000e+00 2.480188e+03 3.748894e+00 4.188000e-05 4.044686e-06 3.487147e-06 8.346715e-11 3.170543e+14 2.985039e+14 6.479949e+09 9.663538e+13 9.098161e+13 1.975028e+09 
500 607950 1.300000e+00 2.459818e+03 3.830877e+00 4.133000e-05 4.793574e-06 4.314575e-06 1.015403e-10 3.644273e+14 3.199280e+14 7.764672e+09 1.110753e+14 9.751242e+13 2.366620e+09 
500 607950 1.350000e+00 2.435037e+03 3.854598e+00 4.519000e-05 5.572987e-06 4.699810e-06 1.245055e-10 4.109683e+14 3.357869e+14 9.198795e+09 1.252618e+14 1.023471e+14 2.803758e+09 
500 607950 1.400000e+00 2.413101e+03 3.865026e+00 4.905000e-05 6.297874e-06 4.959705e-06 1.477343e-10 4.515920e+14 3.924299e+14 1.047155e+10 1.376449e+14 1.196127e+14 3.191714e+09 
500 607950 1.450000e+00 2.393999e+03 3.854057e+00 5.291000e-05 6.959350e-06 5.139101e-06 1.720900e-10 4.853425e+14 3.981332e+14 1.189131e+10 1.479330e+14 1.213519e+14 3.624481e+09 
500 607950 1.500000e+00 2.371806e+03 3.798904e+00 5.236000e-05 7.523701e-06 6.085339e-06 1.955989e-10 5.117483e+14 3.998575e+14 1.331243e+10 1.559828e+14 1.218784e+14 4.057673e+09 
500 607950 1.600000e+00 2.325600e+03 3.591320e+00 6.834000e-05 8.067281e-06 4.835341e-06 2.485009e-10 5.234198e+14 3.924288e+14 1.572784e+10 1.595425e+14 1.196158e+14 4.793965e+09 
500 607950 1.650000e+00 2.303735e+03 3.461921e+00 7.716000e-05 8.010041e-06 4.388905e-06 2.681647e-10 5.089588e+14 3.337944e+14 1.660100e+10 1.551357e+14 1.017441e+14 5.060144e+09 
500 607950 1.700000e+00 2.280126e+03 3.285597e+00 8.487000e-05 7.630107e-06 3.931923e-06 2.821781e-10 4.745556e+14 2.937454e+14 1.710197e+10 1.446502e+14 8.953735e+13 5.212881e+09 
500 607950 1.750000e+00 2.259183e+03 3.114217e+00 9.259000e-05 7.046589e-06 3.481500e-06 2.857619e-10 4.304906e+14 2.003701e+14 1.722074e+10 1.312193e+14 6.107573e+13 5.249113e+09 
500 607950 1.800000e+00 2.239460e+03 2.927756e+00 1.014000e-04 6.270076e-06 3.136129e-06 2.797869e-10 3.771695e+14 1.765158e+14 1.655674e+10 1.149669e+14 5.380485e+13 5.046745e+09 



500 911925 5.000000e-01 1.760187e+03 4.021017e-01 4.825000e-05 2.327705e-09 2.076258e-09 5.637989e-14 3.778890e+11 3.281235e+11 9.174827e+06 1.151772e+11 1.000096e+11 2.796404e+06 
500 911925 5.500000e-01 1.836769e+03 5.464674e-01 4.423000e-05 5.872979e-09 5.112452e-09 1.268402e-13 8.912608e+11 8.345474e+11 1.905218e+07 2.716526e+11 2.543677e+11 5.807021e+06 
500 911925 6.000000e-01 1.929265e+03 7.412915e-01 3.820000e-05 1.507442e-08 1.332754e-08 2.881639e-13 2.117648e+12 1.811316e+12 4.063733e+07 6.454619e+11 5.520947e+11 1.238630e+07 
500 911925 6.500000e-01 2.009493e+03 9.282902e-01 3.619000e-05 3.074888e-08 2.745739e-08 5.437578e-13 4.052750e+12 3.907558e+12 7.079718e+07 1.235302e+12 1.191049e+12 2.157934e+07 
500 911925 7.000000e-01 2.100854e+03 1.165226e+00 3.318000e-05 6.360908e-08 5.788216e-08 1.039090e-12 7.811877e+12 7.349356e+12 1.273697e+08 2.381141e+12 2.240167e+12 3.882353e+07 
500 911925 7.500000e-01 2.183601e+03 1.395433e+00 2.966000e-05 1.162829e-07 1.107279e-07 1.779511e-12 1.340192e+13 1.246501e+13 2.069693e+08 4.085092e+12 3.799524e+12 6.308707e+07 
500 911925 8.000000e-01 2.263694e+03 1.635705e+00 3.016000e-05 2.000040e-07 1.807468e-07 2.944023e-12 2.168548e+13 2.041270e+13 3.196300e+08 6.610118e+12 6.222175e+12 9.742874e+07 
500 911925 8.500000e-01 2.331335e+03 1.857439e+00 2.614000e-05 3.127569e-07 3.037669e-07 4.385049e-12 3.226024e+13 3.111952e+13 4.587050e+08 9.833601e+12 9.485902e+12 1.398226e+08 
500 911925 9.500000e-01 2.456428e+03 2.311574e+00 2.664000e-05 7.048761e-07 6.617864e-07 9.604764e-12 6.591799e+13 6.024438e+13 9.055848e+08 2.009357e+13 1.836415e+13 2.760460e+08 
500 911925 1.000000e+00 2.505988e+03 2.524289e+00 2.664000e-05 1.008088e-06 9.401756e-07 1.364270e-11 8.996305e+13 8.160703e+13 1.227094e+09 2.742340e+13 2.487630e+13 3.740539e+08 
500 911925 1.050000e+00 2.538133e+03 2.720963e+00 2.614000e-05 1.395775e-06 1.295582e-06 1.888773e-11 1.191348e+14 1.094776e+14 1.628349e+09 3.631611e+13 3.337236e+13 4.963722e+08 
500 911925 1.100000e+00 2.545378e+03 2.903354e+00 2.614000e-05 1.873874e-06 1.786950e-06 2.562553e-11 1.534184e+14 1.428720e+14 2.114000e+09 4.676721e+13 4.355238e+13 6.444189e+08 
500 911925 1.200000e+00 2.514089e+03 3.184596e+00 2.916000e-05 3.060612e-06 2.664040e-06 4.435637e-11 2.321087e+14 1.951372e+14 3.374271e+09 7.075574e+13 5.948556e+13 1.028607e+09 
500 911925 1.250000e+00 2.490677e+03 3.277178e+00 2.865000e-05 3.727304e-06 3.377583e-06 5.552925e-11 2.729594e+14 2.399817e+14 4.084271e+09 8.320915e+13 7.315638e+13 1.245051e+09 
500 911925 1.300000e+00 2.466742e+03 3.334635e+00 3.217000e-05 4.390656e-06 3.561102e-06 6.913148e-11 3.116741e+14 2.416652e+14 4.905569e+09 9.501159e+13 7.367008e+13 1.495426e+09 
500 911925 1.350000e+00 2.443302e+03 3.362229e+00 3.569000e-05 5.019009e-06 3.613761e-06 8.381987e-11 3.457415e+14 2.928906e+14 5.685441e+09 1.053974e+14 8.928628e+13 1.733174e+09 
500 911925 1.400000e+00 2.419494e+03 3.353389e+00 3.569000e-05 5.557991e-06 4.462217e-06 9.751784e-11 3.725957e+14 2.858479e+14 6.522369e+09 1.135844e+14 8.713986e+13 1.988318e+09 
500 911925 1.450000e+00 2.396089e+03 3.314686e+00 3.920000e-05 5.959918e-06 4.420808e-06 1.123198e-10 3.901908e+14 2.743613e+14 7.305498e+09 1.189488e+14 8.363866e+13 2.227064e+09 
500 911925 1.500000e+00 2.373537e+03 3.248617e+00 4.272000e-05 6.211918e-06 4.317346e-06 1.261715e-10 3.972141e+14 2.602956e+14 7.996784e+09 1.210905e+14 7.935112e+13 2.437813e+09 
500 911925 1.550000e+00 2.350911e+03 3.152682e+00 4.624000e-05 6.260357e-06 4.177675e-06 1.373883e-10 3.909671e+14 2.509363e+14 8.517221e+09 1.191866e+14 7.649828e+13 2.596480e+09 
500 911925 1.600000e+00 2.331153e+03 3.040200e+00 5.378000e-05 6.153581e-06 3.470036e-06 1.486537e-10 3.765468e+14 2.014260e+14 8.995623e+09 1.147911e+14 6.140527e+13 2.742333e+09 
500 911925 1.650000e+00 2.310929e+03 2.904265e+00 6.132000e-05 5.807630e-06 2.867220e-06 1.541119e-10 3.492560e+14 2.186360e+14 8.953557e+09 1.064718e+14 6.665202e+13 2.729520e+09 
500 911925 1.700000e+00 2.290175e+03 2.746146e+00 6.936000e-05 5.237446e-06 2.404366e-06 1.528579e-10 3.098819e+14 1.719340e+14 8.737846e+09 9.446886e+13 5.241496e+13 2.663770e+09 
500 911925 1.750000e+00 2.270937e+03 2.586779e+00 7.690000e-05 4.556885e-06 1.941344e-06 1.448693e-10 2.661841e+14 1.333054e+14 8.175412e+09 8.114768e+13 4.063897e+13 2.492319e+09 
500 911925 1.800000e+00 2.251302e+03 2.415424e+00 8.444000e-05 3.776208e-06 1.516394e-06 1.292767e-10 2.185651e+14 1.000922e+14 7.234990e+09 6.663098e+13 3.051382e+13 2.205633e+09 



500 1215900 5.000000e-01 1.743208e+03 2.876695e-01 4.164000e-05 1.196065e-09 1.046638e-09 2.497681e-14 1.902147e+11 1.635955e+11 3.984258e+06 5.798280e+10 4.986865e+10 1.214513e+06 
500 1215900 5.500000e-01 1.838288e+03 4.384651e-01 3.596000e-05 4.318794e-09 3.705965e-09 7.563311e-14 6.306713e+11 5.958796e+11 1.090498e+07 1.922491e+11 1.816439e+11 3.324190e+06 
500 1215900 6.000000e-01 1.930853e+03 6.084348e-01 3.123000e-05 1.182731e-08 1.049097e-08 1.819926e-13 1.593774e+12 1.389541e+12 2.465751e+07 4.858407e+11 4.235843e+11 7.516502e+06 
500 1215900 6.500000e-01 2.010591e+03 7.784586e-01 2.887000e-05 2.521585e-08 2.216374e-08 3.553431e-13 3.189592e+12 2.952443e+12 4.472692e+07 9.723145e+11 9.000243e+11 1.363453e+07 
500 1215900 7.000000e-01 2.099660e+03 9.856753e-01 2.603000e-05 5.318707e-08 4.800897e-08 6.889984e-13 6.266221e+12 5.537835e+12 8.155711e+07 1.910214e+12 1.688176e+12 2.486209e+07 
500 1215900 7.500000e-01 2.182342e+03 1.190876e+00 2.461000e-05 9.945919e-08 8.802738e-08 1.208991e-12 1.098264e+13 1.033179e+13 1.330979e+08 3.348011e+12 3.149611e+12 4.057432e+07 
500 1215900 8.000000e-01 2.261012e+03 1.399906e+00 2.318000e-05 1.726490e-07 1.556569e-07 1.997007e-12 1.795546e+13 1.585661e+13 2.093987e+08 5.473697e+12 4.833878e+12 6.383482e+07 
500 1215900 1.000000e+00 2.511959e+03 2.220285e+00 2.224000e-05 9.252326e-07 8.181955e-07 9.963471e-12 7.851216e+13 7.307769e+13 8.409883e+08 2.393501e+13 2.227830e+13 2.563811e+08 
500 1215900 1.050000e+00 2.545661e+03 2.405927e+00 1.988000e-05 1.286318e-06 1.227713e-06 1.366688e-11 1.045499e+14 9.822397e+13 1.121669e+09 3.187300e+13 2.994452e+13 3.419508e+08 
500 1215900 1.100000e+00 2.552611e+03 2.575981e+00 1.988000e-05 1.732218e-06 1.686419e-06 1.856842e-11 1.348411e+14 1.275184e+14 1.457792e+09 4.110778e+13 3.887543e+13 4.444233e+08 
500 1215900 1.150000e+00 2.539026e+03 2.724332e+00 2.318000e-05 2.257135e-06 1.896487e-06 2.539761e-11 1.689471e+14 1.532500e+14 1.888754e+09 5.150566e+13 4.672026e+13 5.758100e+08 
500 1215900 1.200000e+00 2.518964e+03 2.842213e+00 2.271000e-05 2.816721e-06 2.456420e-06 3.251816e-11 2.034486e+14 1.725933e+14 2.356616e+09 6.202420e+13 5.261759e+13 7.184471e+08 
500 1215900 1.250000e+00 2.495722e+03 2.930879e+00 2.271000e-05 3.404584e-06 3.144428e-06 4.064266e-11 2.376264e+14 2.100414e+14 2.843166e+09 7.244413e+13 6.403450e+13 8.667831e+08 
500 1215900 1.300000e+00 2.471912e+03 2.980846e+00 2.603000e-05 3.961530e-06 3.193116e-06 5.067336e-11 2.681587e+14 2.084930e+14 3.426574e+09 8.175278e+13 6.356279e+13 1.044649e+09 
500 1215900 1.350000e+00 2.447967e+03 2.995625e+00 2.934000e-05 4.443401e-06 3.083232e-06 6.075661e-11 2.928345e+14 2.435240e+14 3.911179e+09 8.927599e+13 7.424289e+13 1.192394e+09 
500 1215900 1.400000e+00 2.423531e+03 2.980660e+00 2.934000e-05 4.820025e-06 3.765398e-06 6.961541e-11 3.090287e+14 2.322233e+14 4.446868e+09 9.421347e+13 7.079796e+13 1.355715e+09 
500 1215900 1.450000e+00 2.400382e+03 2.935488e+00 3.265000e-05 5.050210e-06 3.553167e-06 7.894089e-11 3.164571e+14 2.121840e+14 4.909382e+09 9.647857e+13 6.468885e+13 1.496727e+09 
500 1215900 1.500000e+00 2.377793e+03 2.863341e+00 3.597000e-05 5.106528e-06 3.307472e-06 8.649703e-11 3.131843e+14 1.918205e+14 5.252423e+09 9.548111e+13 5.848080e+13 1.601316e+09 
500 1215900 1.550000e+00 2.355154e+03 2.762393e+00 4.354000e-05 4.962359e-06 2.558168e-06 9.280606e-11 2.984493e+14 1.763204e+14 5.445762e+09 9.098915e+13 5.375544e+13 1.660266e+09 
500 1215900 1.600000e+00 2.332805e+03 2.636179e+00 4.306000e-05 4.621792e-06 2.810932e-06 9.306873e-11 2.733127e+14 1.560117e+14 5.429527e+09 8.332595e+13 4.756399e+13 1.655322e+09 
500 1215900 1.650000e+00 2.313228e+03 2.507600e+00 5.016000e-05 4.172169e-06 2.142959e-06 9.280925e-11 2.430542e+14 1.159825e+14 5.317135e+09 7.410111e+13 3.536022e+13 1.621061e+09 
500 1215900 1.700000e+00 2.294027e+03 2.368013e+00 5.726000e-05 3.615219e-06 1.596034e-06 8.754137e-11 2.082040e+14 1.175379e+14 4.853096e+09 6.347634e+13 3.583451e+13 1.479591e+09 
500 1215900 1.750000e+00 2.273903e+03 2.219369e+00 5.726000e-05 2.978975e-06 1.545013e-06 7.622716e-11 1.701959e+14 8.186756e+13 4.278946e+09 5.188873e+13 2.495953e+13 1.304550e+09 
500 1215900 1.800000e+00 2.254857e+03 2.077712e+00 6.435000e-05 2.390159e-06 1.062502e-06 6.503328e-11 1.356807e+14 7.310345e+13 3.563418e+09 4.136594e+13 2.228761e+13 1.086405e+09 



700 101325 5.000000e-01 1.936186e+03 4.231082e+00 2.625000e-04 4.494465e-08 4.200009e-08 5.747793e-12 9.828050e+12 9.827980e+12 1.245913e+09 2.982935e+12 2.982914e+12 3.781340e+08 
700 101325 5.500000e-01 2.030208e+03 4.833660e+00 2.296900e-04 7.776064e-08 7.707308e-08 9.188155e-12 1.582716e+13 1.567239e+13 1.905967e+09 4.804826e+12 4.757945e+12 5.785857e+08 
700 101325 6.000000e-01 2.116392e+03 5.383288e+00 2.296900e-04 1.254640e-07 1.200712e-07 1.417764e-11 2.395062e+13 2.383919e+13 2.719760e+09 7.272182e+12 7.238510e+12 8.257768e+08 
700 101325 6.500000e-01 2.195736e+03 5.912300e+00 2.156300e-04 1.918749e-07 1.891706e-07 2.070190e-11 3.448595e+13 3.355253e+13 3.776991e+09 1.047280e+13 1.018974e+13 1.146966e+09 
700 101325 7.000000e-01 2.268836e+03 6.402443e+00 1.968800e-04 2.815677e-07 2.809993e-07 2.897538e-11 4.778893e+13 4.738402e+13 5.009097e+09 1.451480e+13 1.439210e+13 1.521345e+09 
700 101325 7.500000e-01 2.331124e+03 6.851483e+00 1.968800e-04 3.982285e-07 3.926815e-07 4.008283e-11 6.413367e+13 6.249646e+13 6.559019e+09 1.948162e+13 1.898498e+13 1.992349e+09 
700 101325 8.000000e-01 2.388397e+03 7.264112e+00 1.968800e-04 5.483886e-07 5.308238e-07 5.396165e-11 8.369801e+13 8.015754e+13 8.391761e+09 2.542742e+13 2.435305e+13 2.549366e+09 
700 101325 8.500000e-01 2.437771e+03 7.630649e+00 1.968800e-04 7.345690e-07 7.025990e-07 7.112041e-11 1.072536e+14 1.067055e+14 1.040761e+10 3.258730e+13 3.242133e+13 3.162105e+09 
700 101325 9.000000e-01 2.479914e+03 7.974706e+00 1.968800e-04 9.658561e-07 9.178880e-07 9.218500e-11 1.347536e+14 1.338666e+14 1.290606e+10 4.094684e+13 4.067797e+13 3.921595e+09 
700 101325 9.500000e-01 2.512891e+03 8.314589e+00 1.921900e-04 1.245706e-06 1.162490e-06 1.175121e-10 1.665371e+14 1.641831e+14 1.576607e+10 5.060924e+13 4.989495e+13 4.791075e+09 
700 101325 1.000000e+00 2.538202e+03 8.595384e+00 1.921900e-04 1.584298e-06 1.501227e-06 1.481556e-10 2.028433e+14 2.015170e+14 1.907026e+10 6.164806e+13 6.124537e+13 5.795657e+09 
700 101325 1.050000e+00 2.555282e+03 8.844930e+00 1.875000e-04 1.979904e-06 1.894988e-06 1.840770e-10 2.439628e+14 2.435204e+14 2.275476e+10 7.415011e+13 7.401661e+13 6.915960e+09 
700 101325 1.100000e+00 2.564538e+03 9.063774e+00 1.828100e-04 2.436912e-06 2.364539e-06 2.252459e-10 2.895119e+14 2.789312e+14 2.726615e+10 8.800072e+13 8.478692e+13 8.287746e+09 
700 101325 1.150000e+00 2.567568e+03 9.299379e+00 1.781300e-04 2.969065e-06 2.930145e-06 2.732923e-10 3.408391e+14 3.293400e+14 3.188408e+10 1.036096e+14 1.001161e+14 9.692053e+09 
700 101325 1.200000e+00 2.563680e+03 9.477117e+00 1.687500e-04 3.578639e-06 3.547709e-06 3.268042e-10 3.964407e+14 3.917452e+14 3.702178e+10 1.205195e+14 1.190932e+14 1.125451e+10 
700 101325 1.250000e+00 2.552457e+03 9.602925e+00 1.828100e-04 4.256901e-06 4.094385e-06 3.976937e-10 4.566043e+14 4.361575e+14 4.343948e+10 1.388174e+14 1.326040e+14 1.320630e+10 
700 101325 1.300000e+00 2.540849e+03 9.756959e+00 1.968800e-04 5.024010e-06 4.619684e-06 4.783313e-10 5.215141e+14 5.050042e+14 4.978000e+10 1.585596e+14 1.535432e+14 1.513477e+10 
700 101325 1.350000e+00 2.526711e+03 9.859492e+00 1.875000e-04 5.874647e-06 5.484073e-06 5.613649e-10 5.912708e+14 5.483766e+14 5.757589e+10 1.797789e+14 1.667402e+14 1.750593e+10 
700 101325 1.400000e+00 2.511922e+03 9.923875e+00 1.828100e-04 6.798374e-06 6.536999e-06 6.557490e-10 6.648150e+14 6.355863e+14 6.536477e+10 2.021500e+14 1.932658e+14 1.987513e+10 
700 101325 1.450000e+00 2.495292e+03 1.001420e+01 1.781300e-04 7.805458e-06 7.684366e-06 7.599467e-10 7.420759e+14 7.269612e+14 7.374058e+10 2.256531e+14 2.210600e+14 2.242300e+10 
700 101325 1.500000e+00 2.475030e+03 1.000082e+01 1.921900e-04 8.860373e-06 8.383135e-06 8.903125e-10 8.182353e+14 7.697425e+14 8.378826e+10 2.488231e+14 2.340813e+14 2.547950e+10 
700 101325 1.550000e+00 2.457997e+03 9.994056e+00 2.062500e-04 9.999018e-06 8.957409e-06 1.035626e-09 8.983107e+14 7.994322e+14 9.469046e+10 2.731871e+14 2.431216e+14 2.879607e+10 
700 101325 1.600000e+00 2.439563e+03 9.957911e+00 2.062500e-04 1.117364e-05 1.055202e-05 1.178920e-09 9.784133e+14 8.995831e+14 1.048625e+11 2.975594e+14 2.735896e+14 3.189079e+10 
700 101325 1.650000e+00 2.422017e+03 9.907235e+00 2.015600e-04 1.237557e-05 1.193138e-05 1.330241e-09 1.057186e+15 1.014190e+15 1.158099e+11 3.215287e+14 3.084556e+14 3.522151e+10 
700 101325 1.700000e+00 2.401580e+03 9.846730e+00 2.343800e-04 1.357441e-05 1.137902e-05 1.537544e-09 1.132195e+15 1.038159e+15 1.287903e+11 3.443545e+14 3.157586e+14 3.917080e+10 
700 101325 1.750000e+00 2.382124e+03 9.750828e+00 2.296900e-04 1.476432e-05 1.290069e-05 1.712418e-09 1.203176e+15 1.041428e+15 1.416179e+11 3.659564e+14 3.167652e+14 4.307386e+10 
700 101325 1.800000e+00 2.365615e+03 9.689558e+00 2.296900e-04 1.596328e-05 1.473826e-05 1.908093e-09 1.272304e+15 1.164571e+15 1.543439e+11 3.869952e+14 3.542315e+14 4.694614e+10 



700 303975 5.000000e-01 1.924382e+03 2.715137e+00 9.730000e-05 2.651799e-08 2.407110e-08 1.241603e-12 4.966319e+12 4.721279e+12 2.323322e+08 1.512107e+12 1.437533e+12 7.073811e+07 
700 303975 5.500000e-01 2.023619e+03 3.335529e+00 8.996000e-05 5.445093e-08 4.903099e-08 2.348046e-12 9.438310e+12 8.983661e+12 4.071191e+08 2.873917e+12 2.735524e+12 1.239639e+08 
700 303975 6.000000e-01 2.116403e+03 3.949554e+00 8.262000e-05 1.008640e-07 9.242308e-08 4.065762e-12 1.627839e+13 1.587133e+13 6.567430e+08 4.956956e+12 4.833076e+12 1.999839e+08 
700 303975 6.500000e-01 2.201045e+03 4.524084e+00 7.527000e-05 1.700887e-07 1.611220e-07 6.471826e-12 2.572581e+13 2.417753e+13 9.935132e+08 7.834213e+12 7.362870e+12 3.025494e+08 
700 303975 7.000000e-01 2.278029e+03 5.063080e+00 7.527000e-05 2.690712e-07 2.438457e-07 9.883134e-12 3.828727e+13 3.742543e+13 1.411578e+09 1.166012e+13 1.139774e+13 4.298805e+08 
700 303975 7.500000e-01 2.349530e+03 5.615393e+00 6.976000e-05 4.084673e-07 3.992885e-07 1.445654e-11 5.504181e+13 5.206804e+13 1.970407e+09 1.676327e+13 1.585781e+13 6.000920e+08 
700 303975 8.000000e-01 2.413662e+03 6.084625e+00 6.976000e-05 5.911131e-07 5.674605e-07 2.044674e-11 7.534313e+13 6.978558e+13 2.642080e+09 2.294706e+13 2.125468e+13 8.046822e+08 
700 303975 8.500000e-01 2.470562e+03 6.540470e+00 6.976000e-05 8.264202e-07 7.827363e-07 2.817112e-11 1.006693e+14 9.893968e+13 3.411768e+09 3.066153e+13 3.013496e+13 1.039137e+09 
700 303975 9.000000e-01 2.518516e+03 6.933207e+00 6.793000e-05 1.128268e-06 1.029063e-06 3.776505e-11 1.310700e+14 1.283100e+14 4.385314e+09 3.992213e+13 3.908176e+13 1.335696e+09 
700 303975 9.500000e-01 2.558544e+03 7.265304e+00 6.884000e-05 1.498991e-06 1.384327e-06 4.981643e-11 1.665589e+14 1.631677e+14 5.523766e+09 5.073301e+13 4.970041e+13 1.682499e+09 
700 303975 1.000000e+00 2.588645e+03 7.598203e+00 6.793000e-05 1.952711e-06 1.799134e-06 6.462009e-11 2.080832e+14 2.026577e+14 6.850912e+09 6.338291e+13 6.173065e+13 2.086796e+09 
700 303975 1.050000e+00 2.607547e+03 7.878060e+00 6.701000e-05 2.498674e-06 2.319321e-06 8.228985e-11 2.551979e+14 2.515785e+14 8.388500e+09 7.773616e+13 7.663396e+13 2.555211e+09 
700 303975 1.100000e+00 2.615988e+03 8.151012e+00 6.609000e-05 3.133638e-06 2.968442e-06 1.035920e-10 3.086400e+14 2.854420e+14 1.032549e+10 9.401738e+13 8.695160e+13 3.145310e+09 
700 303975 1.150000e+00 2.613324e+03 8.367531e+00 6.425000e-05 3.873693e-06 3.699981e-06 1.284609e-10 3.673493e+14 3.482095e+14 1.236634e+10 1.119037e+14 1.060740e+14 3.767070e+09 
700 303975 1.200000e+00 2.604199e+03 8.552754e+00 6.334000e-05 4.710580e-06 4.597220e-06 1.569863e-10 4.311491e+14 4.155378e+14 1.458852e+10 1.313414e+14 1.265864e+14 4.444089e+09 
700 303975 1.250000e+00 2.590992e+03 8.714190e+00 6.884000e-05 5.654792e-06 5.167707e-06 1.936991e-10 5.002328e+14 4.911488e+14 1.709047e+10 1.523895e+14 1.496226e+14 5.206357e+09 
700 303975 1.300000e+00 2.573886e+03 8.819732e+00 6.792000e-05 6.681543e-06 6.313594e-06 2.319635e-10 5.720733e+14 5.309549e+14 2.012748e+10 1.742780e+14 1.617525e+14 6.131655e+09 
700 303975 1.350000e+00 2.556320e+03 8.896276e+00 7.344000e-05 7.800143e-06 6.828587e-06 2.797299e-10 6.471058e+14 6.206697e+14 2.318027e+10 1.971395e+14 1.890866e+14 7.061784e+09 
700 303975 1.400000e+00 2.536495e+03 8.940095e+00 7.252000e-05 8.980416e-06 8.212004e-06 3.282551e-10 7.229545e+14 6.468028e+14 2.675039e+10 2.202503e+14 1.970516e+14 8.149545e+09 
700 303975 1.450000e+00 2.517320e+03 8.960781e+00 7.160000e-05 1.021803e-05 9.657420e-06 3.816795e-10 8.003583e+14 7.431083e+14 3.025915e+10 2.438353e+14 2.263948e+14 9.218640e+09 
700 303975 1.500000e+00 2.497606e+03 8.943565e+00 8.536000e-05 1.146629e-05 9.101320e-06 4.537098e-10 8.740466e+14 8.382435e+14 3.385851e+10 2.662890e+14 2.553821e+14 1.031537e+10 
700 303975 1.550000e+00 2.476060e+03 8.881932e+00 8.261000e-05 1.270620e-05 1.042026e-05 5.159397e-10 9.430415e+14 8.643034e+14 3.822567e+10 2.873132e+14 2.633256e+14 1.164604e+10 
700 303975 1.600000e+00 2.456629e+03 8.788866e+00 8.261000e-05 1.394501e-05 1.230556e-05 5.867474e-10 1.007274e+15 8.791302e+14 4.283072e+10 3.068870e+14 2.678467e+14 1.304922e+10 
700 303975 1.650000e+00 2.436674e+03 8.670049e+00 9.546000e-05 1.507931e-05 1.097451e-05 6.732273e-10 1.062929e+15 9.724247e+14 4.675218e+10 3.238477e+14 2.962745e+14 1.424416e+10 
700 303975 1.700000e+00 2.417270e+03 8.536322e+00 9.546000e-05 1.608911e-05 1.291868e-05 7.520923e-10 1.108179e+15 8.737854e+14 5.210625e+10 3.376384e+14 2.662252e+14 1.587561e+10 
700 303975 1.750000e+00 2.397402e+03 8.369801e+00 9.363000e-05 1.694584e-05 1.435963e-05 8.240839e-10 1.141568e+15 9.631727e+14 5.592226e+10 3.478154e+14 2.934629e+14 1.703846e+10 
700 303975 1.800000e+00 2.377920e+03 8.177497e+00 1.083200e-04 1.759886e-05 1.321902e-05 9.196767e-10 1.160744e+15 8.495763e+14 6.075004e+10 3.536619e+14 2.588551e+14 1.850961e+10 



700 607950 5.000000e-01 1.912320e+03 1.807166e+00 5.275000e-05 1.580937e-08 1.453874e-08 4.149879e-13 2.659626e+12 2.323071e+12 7.007764e+07 8.104142e+11 7.078721e+11 2.135328e+07 
700 607950 5.500000e-01 2.010892e+03 2.308820e+00 4.707000e-05 3.553526e-08 3.364649e-08 8.470178e-13 5.532276e+12 5.085318e+12 1.328196e+08 1.685796e+12 1.549612e+12 4.047256e+07 
700 607950 6.000000e-01 2.103063e+03 2.840260e+00 4.383000e-05 7.119142e-08 6.587789e-08 1.566900e-12 1.030801e+13 9.408928e+12 2.292322e+08 3.141141e+12 2.867194e+12 6.985319e+07 
700 607950 6.500000e-01 2.191640e+03 3.374183e+00 4.139000e-05 1.302502e-07 1.230477e-07 2.697514e-12 1.760820e+13 1.620012e+13 3.685000e+08 5.365845e+12 4.936802e+12 1.122947e+08 
700 607950 7.000000e-01 2.274820e+03 3.895151e+00 4.139000e-05 2.213776e-07 1.980761e-07 4.393043e-12 2.809369e+13 2.648830e+13 5.580416e+08 8.561346e+12 8.072177e+12 1.700584e+08 
700 607950 7.500000e-01 2.348997e+03 4.399644e+00 3.815000e-05 3.523877e-07 3.281581e-07 6.702680e-12 4.216751e+13 4.101074e+13 8.020118e+08 1.285049e+13 1.249804e+13 2.444111e+08 
700 607950 8.000000e-01 2.419172e+03 4.879737e+00 3.815000e-05 5.368245e-07 4.838840e-07 9.959661e-12 6.080633e+13 5.798406e+13 1.129087e+09 1.853102e+13 1.767101e+13 3.440931e+08 
700 607950 8.500000e-01 2.481637e+03 5.328569e+00 3.490000e-05 7.839821e-07 7.495537e-07 1.411316e-11 8.426686e+13 7.896936e+13 1.538042e+09 2.568113e+13 2.406682e+13 4.687316e+08 
700 607950 9.000000e-01 2.534606e+03 5.747229e+00 3.490000e-05 1.103836e-06 1.045268e-06 1.964155e-11 1.131694e+14 1.047922e+14 2.038311e+09 3.449001e+13 3.193713e+13 6.212024e+08 
700 607950 9.500000e-01 2.580416e+03 6.134695e+00 3.490000e-05 1.513441e-06 1.429595e-06 2.676055e-11 1.481565e+14 1.368646e+14 2.650202e+09 4.515349e+13 4.171227e+13 8.076964e+08 
700 607950 1.000000e+00 2.614863e+03 6.479782e+00 3.490000e-05 2.011885e-06 1.909942e-06 3.547736e-11 1.884510e+14 1.754446e+14 3.365384e+09 5.743474e+13 5.347099e+13 1.025674e+09 
700 607950 1.050000e+00 2.635606e+03 6.787276e+00 3.409000e-05 2.617426e-06 2.481435e-06 4.613792e-11 2.349830e+14 2.187984e+14 4.200073e+09 7.161736e+13 6.668492e+13 1.280080e+09 
700 607950 1.100000e+00 2.642142e+03 7.067363e+00 3.409000e-05 3.331523e-06 3.231147e-06 5.909815e-11 2.875598e+14 2.750230e+14 5.174765e+09 8.764248e+13 8.382183e+13 1.577161e+09 
700 607950 1.150000e+00 2.637137e+03 7.294720e+00 3.327000e-05 4.150642e-06 4.060445e-06 7.418130e-11 3.454450e+14 3.338006e+14 6.262958e+09 1.052859e+14 1.017371e+14 1.908841e+09 
700 607950 1.200000e+00 2.624842e+03 7.483530e+00 3.895000e-05 5.068622e-06 4.294730e-06 9.442849e-11 4.072616e+14 3.990029e+14 7.447038e+09 1.241278e+14 1.216109e+14 2.269751e+09 
700 607950 1.250000e+00 2.607109e+03 7.637137e+00 3.814000e-05 6.081292e-06 5.341972e-06 1.153504e-10 4.722401e+14 4.432154e+14 8.929641e+09 1.439338e+14 1.350878e+14 2.721654e+09 
700 607950 1.300000e+00 2.588054e+03 7.728603e+00 3.814000e-05 7.158546e-06 6.632865e-06 1.390796e-10 5.381199e+14 4.885205e+14 1.054967e+10 1.640147e+14 1.488977e+14 3.215449e+09 
700 607950 1.350000e+00 2.567390e+03 7.785814e+00 3.733000e-05 8.282406e-06 7.879815e-06 1.643088e-10 6.034909e+14 5.645981e+14 1.210447e+10 1.839409e+14 1.720870e+14 3.689373e+09 
700 607950 1.400000e+00 2.546849e+03 7.806562e+00 4.301000e-05 9.416838e-06 7.808278e-06 1.980861e-10 6.660822e+14 5.363469e+14 1.409134e+10 2.030202e+14 1.634777e+14 4.294995e+09 
700 607950 1.450000e+00 2.525681e+03 7.779431e+00 4.301000e-05 1.052011e-05 9.378025e-06 2.298932e-10 7.246348e+14 6.296605e+14 1.591566e+10 2.208686e+14 1.919209e+14 4.851081e+09 
700 607950 1.500000e+00 2.504739e+03 7.719560e+00 4.870000e-05 1.155708e-05 8.963377e-06 2.679549e-10 7.760410e+14 7.028649e+14 1.762828e+10 2.365388e+14 2.142351e+14 5.373126e+09 
700 607950 1.550000e+00 2.484461e+03 7.625322e+00 4.788000e-05 1.251040e-05 1.032142e-05 3.022353e-10 8.182052e+14 6.529853e+14 1.980168e+10 2.493923e+14 1.990332e+14 6.035626e+09 
700 607950 1.600000e+00 2.463079e+03 7.493827e+00 5.437000e-05 1.327796e-05 9.895385e-06 3.419515e-10 8.479015e+14 6.060546e+14 2.180571e+10 2.584456e+14 1.847298e+14 6.646508e+09 
700 607950 1.650000e+00 2.443490e+03 7.341352e+00 6.005000e-05 1.389280e-05 9.187154e-06 3.825106e-10 8.670708e+14 6.714564e+14 2.342008e+10 2.642902e+14 2.046659e+14 7.138621e+09 
700 607950 1.700000e+00 2.424242e+03 7.140999e+00 6.573000e-05 1.425783e-05 8.496772e-06 4.209556e-10 8.706771e+14 6.200860e+14 2.524588e+10 2.653910e+14 1.890089e+14 7.695187e+09 
700 607950 1.750000e+00 2.404272e+03 6.921026e+00 6.573000e-05 1.434781e-05 9.805294e-06 4.484612e-10 8.578862e+14 5.569544e+14 2.663901e+10 2.614937e+14 1.697667e+14 8.119875e+09 
700 607950 1.800000e+00 2.385501e+03 6.679934e+00 7.791000e-05 1.413040e-05 7.585542e-06 4.858326e-10 8.303932e+14 6.094196e+14 2.740447e+10 2.531149e+14 1.857597e+14 8.353242e+09 



700 911925 5.000000e-01 1.907276e+03 1.353786e+00 3.892000e-05 1.100210e-08 9.593550e-09 2.096816e-13 1.741124e+12 1.626419e+12 3.298617e+07 5.306739e+11 4.957158e+11 1.005377e+07 
700 911925 5.500000e-01 2.006534e+03 1.792784e+00 3.357000e-05 2.695601e-08 2.454784e-08 4.576108e-13 3.928176e+12 3.518878e+12 6.721698e+07 1.197286e+12 1.072541e+12 2.048731e+07 
700 911925 6.000000e-01 2.100873e+03 2.259541e+00 3.129000e-05 5.727272e-08 5.242195e-08 8.957872e-13 7.737434e+12 6.972578e+12 1.221671e+08 2.358370e+12 2.125254e+12 3.723643e+07 
700 911925 6.500000e-01 2.186883e+03 2.719909e+00 2.824000e-05 1.067984e-07 9.946919e-08 1.561589e-12 1.350437e+13 1.240383e+13 1.996221e+08 4.116192e+12 3.780765e+12 6.084560e+07 
700 911925 7.000000e-01 2.272325e+03 3.202525e+00 2.900000e-05 1.897058e-07 1.700678e-07 2.661116e-12 2.247081e+13 2.141834e+13 3.126943e+08 6.849309e+12 6.528534e+12 9.531189e+07 
700 911925 7.500000e-01 2.349387e+03 3.663965e+00 2.595000e-05 3.112746e-07 2.954051e-07 4.154763e-12 3.462326e+13 3.259577e+13 4.690154e+08 1.055364e+13 9.935664e+12 1.429618e+08 
700 911925 8.000000e-01 2.421326e+03 4.117345e+00 2.633000e-05 4.848209e-07 4.498995e-07 6.314927e-12 5.108621e+13 5.045322e+13 6.600449e+08 1.557194e+13 1.537903e+13 2.011923e+08 
700 911925 8.500000e-01 2.486494e+03 4.549549e+00 2.633000e-05 7.210925e-07 6.509002e-07 9.223792e-12 7.198256e+13 7.041467e+13 9.165251e+08 2.194176e+13 2.146387e+13 2.793747e+08 
700 911925 9.000000e-01 2.544180e+03 4.959086e+00 2.327000e-05 1.033636e-06 1.014155e-06 1.282891e-11 9.849890e+13 9.531851e+13 1.237991e+09 3.002475e+13 2.905538e+13 3.773676e+08 
700 911925 9.500000e-01 2.592620e+03 5.331011e+00 2.327000e-05 1.435347e-06 1.402554e-06 1.770126e-11 1.304841e+14 1.257441e+14 1.629349e+09 3.977498e+13 3.833020e+13 4.966671e+08 
700 911925 1.000000e+00 2.629565e+03 5.676440e+00 2.327000e-05 1.933330e-06 1.898493e-06 2.383303e-11 1.682280e+14 1.627447e+14 2.098592e+09 5.128072e+13 4.960938e+13 6.397100e+08 
700 911925 1.050000e+00 2.651759e+03 5.985841e+00 2.595000e-05 2.542148e-06 2.251703e-06 3.199858e-11 2.119336e+14 2.051446e+14 2.645307e+09 6.460401e+13 6.253462e+13 8.063709e+08 
700 911925 1.100000e+00 2.658935e+03 6.256124e+00 2.557000e-05 3.223690e-06 2.902243e-06 4.091396e-11 2.588336e+14 2.528443e+14 3.248964e+09 7.890116e+13 7.707553e+13 9.903913e+08 
700 911925 1.150000e+00 2.653012e+03 6.485843e+00 2.519000e-05 4.041248e-06 3.731099e-06 5.196889e-11 3.123341e+14 2.820638e+14 4.050216e+09 9.521059e+13 8.598333e+13 1.234649e+09 
700 911925 1.200000e+00 2.638436e+03 6.675166e+00 2.785000e-05 4.957010e-06 4.153257e-06 6.585667e-11 3.695055e+14 3.444860e+14 4.869096e+09 1.126393e+14 1.050126e+14 1.484282e+09 
700 911925 1.250000e+00 2.620151e+03 6.810259e+00 2.747000e-05 5.931817e-06 5.207136e-06 8.077422e-11 4.276304e+14 3.647546e+14 5.852092e+09 1.303588e+14 1.111920e+14 1.783948e+09 
700 911925 1.300000e+00 2.600147e+03 6.908098e+00 3.014000e-05 6.957587e-06 5.554779e-06 9.879591e-11 4.858255e+14 4.334259e+14 6.828808e+09 1.480998e+14 1.321265e+14 2.081702e+09 
700 911925 1.350000e+00 2.579699e+03 6.968998e+00 2.976000e-05 7.985879e-06 6.756607e-06 1.172529e-10 5.409769e+14 4.435045e+14 7.963427e+09 1.649132e+14 1.351997e+14 2.427595e+09 
700 911925 1.400000e+00 2.558262e+03 6.974961e+00 3.243000e-05 8.975933e-06 7.013953e-06 1.385843e-10 5.913695e+14 5.134518e+14 9.014474e+09 1.802760e+14 1.565235e+14 2.748015e+09 
700 911925 1.450000e+00 2.536750e+03 6.939419e+00 3.205000e-05 9.884838e-06 8.273488e-06 1.589019e-10 6.342345e+14 5.121416e+14 1.019343e+10 1.933442e+14 1.561249e+14 3.107431e+09 
700 911925 1.500000e+00 2.515551e+03 6.861560e+00 3.777000e-05 1.068240e-05 7.254840e-06 1.845065e-10 6.673279e+14 5.755936e+14 1.120176e+10 2.034337e+14 1.754689e+14 3.414832e+09 
700 911925 1.550000e+00 2.494988e+03 6.747363e+00 3.739000e-05 1.132687e-05 8.503916e-06 2.056749e-10 6.908552e+14 4.965688e+14 1.250215e+10 2.106069e+14 1.513791e+14 3.811272e+09 
700 911925 1.600000e+00 2.474578e+03 6.593182e+00 4.311000e-05 1.174244e-05 7.472993e-06 2.314814e-10 7.005318e+14 5.522996e+14 1.339705e+10 2.135577e+14 1.683693e+14 4.084100e+09 
700 911925 1.650000e+00 2.453976e+03 6.417513e+00 4.884000e-05 1.189228e-05 6.505013e-06 2.536177e-10 6.951845e+14 4.786501e+14 1.441667e+10 2.119284e+14 1.459178e+14 4.394949e+09 
700 911925 1.700000e+00 2.433966e+03 6.211293e+00 4.884000e-05 1.178956e-05 7.524036e-06 2.684708e-10 6.747685e+14 3.987423e+14 1.517926e+10 2.057054e+14 1.215582e+14 4.627447e+09 
700 911925 1.750000e+00 2.412613e+03 5.957050e+00 5.418000e-05 1.131501e-05 6.455835e-06 2.800035e-10 6.358388e+14 3.431477e+14 1.552803e+10 1.938383e+14 1.046103e+14 4.733789e+09 
700 911925 1.800000e+00 2.392783e+03 5.701975e+00 6.639000e-05 1.060918e-05 4.622934e-06 2.910419e-10 5.863607e+14 2.889485e+14 1.557716e+10 1.787553e+14 8.808776e+13 4.748783e+09 



700 1215900 5.000000e-01 1.908366e+03 1.087519e+00 2.935000e-05 8.430677e-09 7.733389e-09 1.275020e-13 1.275924e+12 1.135027e+12 1.937362e+07 3.889356e+11 3.459881e+11 5.905590e+06 
700 1215900 5.500000e-01 2.001135e+03 1.452617e+00 2.788000e-05 2.065373e-08 1.852016e-08 2.822633e-13 2.888610e+12 2.775223e+12 3.899898e+07 8.805378e+11 8.459770e+11 1.188809e+07 
700 1215900 6.000000e-01 2.093641e+03 1.850593e+00 2.568000e-05 4.518061e-08 4.074571e-08 5.652773e-13 5.859412e+12 5.447445e+12 7.319056e+07 1.786154e+12 1.660579e+12 2.231103e+07 
700 1215900 6.500000e-01 2.181706e+03 2.273847e+00 2.311000e-05 8.866986e-08 8.298317e-08 1.028498e-12 1.071845e+13 9.578798e+12 1.250059e+08 3.267400e+12 2.920002e+12 3.810659e+07 
700 1215900 7.000000e-01 2.271047e+03 2.732207e+00 2.164000e-05 1.656120e-07 1.533510e-07 1.810316e-12 1.867549e+13 1.706072e+13 2.060998e+08 5.693081e+12 5.200848e+12 6.282783e+07 
700 1215900 7.500000e-01 2.344374e+03 3.136582e+00 2.054000e-05 2.693610e-07 2.560089e-07 2.822561e-12 2.868979e+13 2.652177e+13 3.034552e+08 8.745940e+12 8.085057e+12 9.250667e+07 
700 1215900 8.000000e-01 2.418070e+03 3.563998e+00 2.054000e-05 4.290551e-07 3.919191e-07 4.379243e-12 4.308024e+13 4.141107e+13 4.409123e+08 1.313292e+13 1.262410e+13 1.344109e+08 
700 1215900 8.500000e-01 2.485631e+03 3.976069e+00 2.054000e-05 6.508423e-07 5.732794e-07 6.510808e-12 6.204505e+13 5.814012e+13 6.217390e+08 1.891446e+13 1.772408e+13 1.895370e+08 
700 1215900 9.000000e-01 2.544812e+03 4.369962e+00 1.760000e-05 9.501657e-07 9.323006e-07 9.111095e-12 8.608499e+13 8.386114e+13 8.386931e+08 2.624323e+13 2.556533e+13 2.556774e+08 
700 1215900 9.500000e-01 2.596892e+03 4.737951e+00 1.760000e-05 1.336195e-06 1.305952e-06 1.275297e-11 1.154659e+14 1.119704e+14 1.118609e+09 3.520033e+13 3.413477e+13 3.410127e+08 
700 1215900 1.000000e+00 2.636840e+03 5.077827e+00 1.760000e-05 1.821871e-06 1.784114e-06 1.739202e-11 1.504818e+14 1.462965e+14 1.457899e+09 4.587539e+13 4.459952e+13 4.444498e+08 
700 1215900 1.050000e+00 2.661250e+03 5.383701e+00 2.054000e-05 2.412126e-06 2.103229e-06 2.383155e-11 1.907957e+14 1.858041e+14 1.856423e+09 5.816572e+13 5.664406e+13 5.659456e+08 
700 1215900 1.100000e+00 2.668248e+03 5.650008e+00 2.018000e-05 3.109928e-06 2.756096e-06 3.111290e-11 2.363948e+14 2.020795e+14 2.378329e+09 7.206740e+13 6.160616e+13 7.250575e+08 
700 1215900 1.150000e+00 2.662484e+03 5.887554e+00 1.981000e-05 3.874603e-06 3.519961e-06 3.937621e-11 2.840812e+14 2.551976e+14 2.910215e+09 8.660553e+13 7.780017e+13 8.872128e+08 
700 1215900 1.200000e+00 2.647524e+03 6.074690e+00 1.944000e-05 4.744644e-06 4.433637e-06 4.914410e-11 3.356422e+14 3.103487e+14 3.507387e+09 1.023250e+14 9.461411e+13 1.069273e+09 
700 1215900 1.250000e+00 2.628637e+03 6.210039e+00 2.237000e-05 5.664900e-06 4.811095e-06 6.188142e-11 3.877843e+14 3.153659e+14 4.239267e+09 1.182218e+14 9.614419e+13 1.292402e+09 
700 1215900 1.300000e+00 2.607578e+03 6.296213e+00 2.201000e-05 6.601190e-06 5.864502e-06 7.424462e-11 4.378096e+14 3.738244e+14 4.932260e+09 1.334734e+14 1.139666e+14 1.503678e+09 
700 1215900 1.350000e+00 2.585522e+03 6.338623e+00 2.458000e-05 7.502195e-06 5.947090e-06 8.928536e-11 4.830209e+14 3.636773e+14 5.736498e+09 1.472574e+14 1.108736e+14 1.748871e+09 
700 1215900 1.400000e+00 2.563951e+03 6.335468e+00 2.714000e-05 8.338275e-06 5.875797e-06 1.051898e-10 5.222995e+14 4.301094e+14 6.476725e+09 1.592328e+14 1.311272e+14 1.974550e+09 
700 1215900 1.450000e+00 2.543379e+03 6.296673e+00 2.714000e-05 9.023153e-06 7.038571e-06 1.191761e-10 5.515158e+14 4.081231e+14 7.248844e+09 1.681406e+14 1.244247e+14 2.209954e+09 
700 1215900 1.500000e+00 2.521807e+03 6.213436e+00 2.972000e-05 9.582467e-06 6.841375e-06 1.350096e-10 5.717207e+14 3.839402e+14 7.995086e+09 1.743011e+14 1.170525e+14 2.437469e+09 
700 1215900 1.550000e+00 2.501254e+03 6.095165e+00 3.228000e-05 9.940588e-06 6.601424e-06 1.502382e-10 5.800488e+14 3.685749e+14 8.689935e+09 1.768407e+14 1.123684e+14 2.649318e+09 
700 1215900 1.600000e+00 2.480381e+03 5.942812e+00 3.521000e-05 1.006175e-05 6.459203e-06 1.635666e-10 5.748948e+14 3.436714e+14 9.233651e+09 1.752700e+14 1.047764e+14 2.815091e+09 
700 1215900 1.650000e+00 2.460448e+03 5.762879e+00 4.071000e-05 9.945811e-06 5.283329e-06 1.762721e-10 5.573004e+14 3.760355e+14 9.513567e+09 1.699064e+14 1.146436e+14 2.900439e+09 
700 1215900 1.700000e+00 2.439842e+03 5.532616e+00 4.622000e-05 9.532229e-06 4.403437e-06 1.852403e-10 5.246382e+14 3.055606e+14 9.838714e+09 1.599490e+14 9.315792e+13 2.999577e+09 
700 1215900 1.750000e+00 2.420167e+03 5.284864e+00 5.172000e-05 8.887546e-06 3.659571e-06 1.878364e-10 4.815388e+14 2.425102e+14 9.823845e+09 1.468095e+14 7.393561e+13 2.995052e+09 
700 1215900 1.800000e+00 2.401125e+03 5.039578e+00 5.172000e-05 8.055789e-06 3.941886e-06 1.814055e-10 4.300778e+14 1.948357e+14 9.504817e+09 1.311206e+14 5.940095e+13 2.897796e+09 



