T(K) p(Pa) phi Tf(K) SL(m/s) Xf(m) maxXCH mpXCH intXCH maxSM mpSM intSM maxCM mpCM intCM
300 101325 5.000000e-01 1.601601e+03 2.950708e-01 4.062500e-04 1.530495e-09 1.401626e-09 3.103207e-13 3.648668e+11 3.257134e+11 7.424510e+07 1.107357e+11 9.885701e+10 2.253275e+07 
300 101325 5.500000e-01 1.704146e+03 4.079397e-01 3.645800e-04 4.239856e-09 3.874504e-09 7.503071e-13 9.358417e+11 9.190861e+11 1.634884e+08 2.840919e+11 2.790091e+11 4.962848e+07 
300 101325 6.000000e-01 1.794555e+03 5.186025e-01 3.333400e-04 9.181343e-09 8.328029e-09 1.466642e-12 1.899467e+12 1.868356e+12 2.994293e+08 5.767216e+11 5.672842e+11 9.091114e+07 
300 101325 6.500000e-01 1.887218e+03 6.445534e-01 2.968700e-04 1.866381e-08 1.727774e-08 2.708001e-12 3.611334e+12 3.596631e+12 5.153361e+08 1.096680e+12 1.092220e+12 1.564910e+08 
300 101325 7.000000e-01 1.977221e+03 7.779637e-01 2.552000e-04 3.481447e-08 3.349128e-08 4.627195e-12 6.335546e+12 6.092957e+12 8.526620e+08 1.924262e+12 1.850626e+12 2.589682e+08 
300 101325 7.500000e-01 2.051590e+03 8.960724e-01 2.604100e-04 5.686458e-08 5.185831e-08 7.222541e-12 9.817937e+12 9.454438e+12 1.247069e+09 2.982324e+12 2.871975e+12 3.788048e+08 
300 101325 8.000000e-01 2.131974e+03 1.035383e+00 2.187500e-04 9.518311e-08 9.373631e-08 1.122552e-11 1.551791e+13 1.513698e+13 1.854815e+09 4.714434e+12 4.598782e+12 5.634901e+08 
300 101325 8.500000e-01 2.199613e+03 1.157659e+00 2.239600e-04 1.451625e-07 1.405961e-07 1.662473e-11 2.250420e+13 2.155971e+13 2.608459e+09 6.837687e+12 6.550840e+12 7.925361e+08 
300 101325 9.000000e-01 2.257756e+03 1.276494e+00 2.239600e-04 2.120627e-07 1.999742e-07 2.367150e-11 3.138765e+13 3.100845e+13 3.493009e+09 9.537787e+12 9.422676e+12 1.061400e+09 
300 101325 9.500000e-01 2.306362e+03 1.391921e+00 2.239600e-04 3.031161e-07 2.794709e-07 3.304163e-11 4.282310e+13 4.169504e+13 4.657139e+09 1.301398e+13 1.267132e+13 1.415276e+09 
300 101325 1.000000e+00 2.344373e+03 1.498873e+00 1.979100e-04 4.299553e-07 4.183448e-07 4.521545e-11 5.790436e+13 5.596409e+13 6.179698e+09 1.759893e+13 1.700946e+13 1.878160e+09 
300 101325 1.050000e+00 2.363765e+03 1.592564e+00 1.979100e-04 5.614096e-07 5.487120e-07 5.836683e-11 7.303296e+13 7.030724e+13 7.690476e+09 2.219846e+13 2.137029e+13 2.337484e+09 
300 101325 1.100000e+00 2.372648e+03 1.683790e+00 2.135400e-04 7.401955e-07 6.662685e-07 7.726596e-11 9.246909e+13 8.988310e+13 9.653613e+09 2.810830e+13 2.732248e+13 2.934393e+09 
300 101325 1.150000e+00 2.366652e+03 1.764688e+00 2.109400e-04 9.554886e-07 8.836481e-07 9.922743e-11 1.151222e+14 1.128932e+14 1.191936e+10 3.499657e+13 3.431940e+13 3.623368e+09 
300 101325 1.200000e+00 2.352282e+03 1.836291e+00 2.057300e-04 1.212634e-06 1.139850e-06 1.255722e-10 1.410548e+14 1.300961e+14 1.476707e+10 4.288282e+13 3.955191e+13 4.489345e+09 
300 101325 1.250000e+00 2.331775e+03 1.899845e+00 2.005200e-04 1.505877e-06 1.438018e-06 1.559973e-10 1.693764e+14 1.594294e+14 1.775910e+10 5.149614e+13 4.847264e+13 5.399282e+09 
300 101325 1.300000e+00 2.310149e+03 1.950853e+00 2.161500e-04 1.840845e-06 1.634037e-06 1.943009e-10 2.005008e+14 1.916847e+14 2.111095e+10 6.096246e+13 5.828262e+13 6.418708e+09 
300 101325 1.350000e+00 2.284262e+03 1.992862e+00 2.109400e-04 2.220979e-06 2.021228e-06 2.363429e-10 2.344878e+14 2.095415e+14 2.522714e+10 7.130016e+13 6.371578e+13 7.670649e+09 
300 101325 1.400000e+00 2.260694e+03 2.023320e+00 2.083300e-04 2.648048e-06 2.499902e-06 2.854728e-10 2.712003e+14 2.519523e+14 2.959806e+10 8.246753e+13 7.661549e+13 9.000156e+09 
300 101325 1.450000e+00 2.239678e+03 2.046743e+00 2.239500e-04 3.093000e-06 2.715371e-06 3.427961e-10 3.081756e+14 2.919825e+14 3.406991e+10 9.371543e+13 8.879204e+13 1.036044e+10 
300 101325 1.550000e+00 2.191749e+03 2.054632e+00 2.395900e-04 4.087785e-06 3.559780e-06 4.792290e-10 3.858142e+14 3.620315e+14 4.514382e+10 1.173358e+14 1.101040e+14 1.372920e+10 
300 101325 1.600000e+00 2.167977e+03 2.043886e+00 2.343800e-04 4.597181e-06 4.151043e-06 5.528625e-10 4.230605e+14 3.754542e+14 5.142674e+10 1.286687e+14 1.141912e+14 1.564065e+10 
300 101325 1.650000e+00 2.143980e+03 2.019910e+00 2.526000e-04 5.089695e-06 4.407381e-06 6.397183e-10 4.572308e+14 3.882189e+14 5.800120e+10 1.390668e+14 1.180783e+14 1.764090e+10 
300 101325 1.700000e+00 2.122590e+03 1.990095e+00 2.708300e-04 5.569579e-06 4.626389e-06 7.331423e-10 4.882194e+14 4.387849e+14 6.419934e+10 1.484975e+14 1.334630e+14 1.952680e+10 
300 101325 1.750000e+00 2.099464e+03 1.949019e+00 2.864600e-04 5.995788e-06 4.751462e-06 8.270645e-10 5.140627e+14 4.477511e+14 7.093483e+10 1.563642e+14 1.361953e+14 2.157627e+10 
300 101325 1.800000e+00 2.076835e+03 1.893618e+00 2.812500e-04 6.352678e-06 5.397562e-06 9.164106e-10 5.330139e+14 4.493660e+14 7.759129e+10 1.621344e+14 1.366915e+14 2.360185e+10 



300 303975 5.000000e-01 1.609934e+03 1.725395e-01 1.620200e-04 6.987704e-10 6.215376e-10 5.652234e-14 1.454286e+11 1.261853e+11 1.177632e+07 4.427783e+10 3.841935e+10 3.585461e+06 
300 303975 5.500000e-01 1.711734e+03 2.547572e-01 1.397800e-04 2.339053e-09 2.040373e-09 1.605418e-13 4.478463e+11 4.198092e+11 3.041494e+07 1.363631e+11 1.278272e+11 9.260902e+06 
300 303975 6.000000e-01 1.799172e+03 3.359117e-01 1.238900e-04 5.590405e-09 5.070050e-09 3.419099e-13 9.995947e+11 8.831462e+11 6.133664e+07 3.043805e+11 2.689240e+11 1.867716e+07 
300 303975 6.500000e-01 1.884254e+03 4.278540e-01 1.159600e-04 1.175003e-08 1.037131e-08 6.582599e-13 1.969126e+12 1.869236e+12 1.088541e+08 5.996380e+11 5.692232e+11 3.314809e+07 
300 303975 7.000000e-01 1.976168e+03 5.346232e-01 1.064300e-04 2.419105e-08 2.143875e-08 1.241228e-12 3.787307e+12 3.664169e+12 1.921357e+08 1.153372e+12 1.115878e+12 5.851196e+07 
300 303975 7.500000e-01 2.055197e+03 6.310119e-01 9.530000e-05 4.298054e-08 3.963802e-08 2.060712e-12 6.371271e+12 5.813461e+12 3.075105e+08 1.940368e+12 1.770497e+12 9.365152e+07 
300 303975 8.000000e-01 2.129587e+03 7.366384e-01 8.418000e-05 7.203770e-08 6.986669e-08 3.226325e-12 1.010690e+13 9.765896e+12 4.578073e+08 3.078169e+12 2.974327e+12 1.394295e+08 
300 303975 8.500000e-01 2.202779e+03 8.447665e-01 8.577000e-05 1.174045e-07 1.098551e-07 5.071896e-12 1.559487e+13 1.427933e+13 6.795473e+08 4.749771e+12 4.349122e+12 2.069704e+08 
300 303975 9.000000e-01 2.273124e+03 9.590830e-01 8.577000e-05 1.883188e-07 1.669301e-07 7.866416e-12 2.369598e+13 2.333907e+13 9.740727e+08 7.217424e+12 7.108736e+12 2.966855e+08 
300 303975 9.500000e-01 2.324257e+03 1.057444e+00 7.466000e-05 2.692985e-07 2.659163e-07 1.074381e-11 3.246076e+13 3.177225e+13 1.312709e+09 9.887308e+12 9.677626e+12 3.998393e+08 
300 303975 1.000000e+00 2.369274e+03 1.155831e+00 7.307000e-05 3.879370e-07 3.771973e-07 1.519893e-11 4.476318e+13 4.290244e+13 1.773768e+09 1.363494e+13 1.306821e+13 5.402896e+08 
300 303975 1.050000e+00 2.396772e+03 1.247051e+00 7.307000e-05 5.385540e-07 5.245407e-07 2.083706e-11 5.955884e+13 5.727303e+13 2.332258e+09 1.814220e+13 1.744598e+13 7.104245e+08 
300 303975 1.100000e+00 2.404691e+03 1.336490e+00 7.148000e-05 7.347737e-07 7.156017e-07 2.815705e-11 7.800127e+13 7.505161e+13 3.026220e+09 2.376056e+13 2.286210e+13 9.218346e+08 
300 303975 1.150000e+00 2.394399e+03 1.415591e+00 6.989000e-05 9.789125e-07 9.606457e-07 3.730562e-11 9.983040e+13 9.704869e+13 3.858360e+09 3.041082e+13 2.956351e+13 1.175346e+09 
300 303975 1.200000e+00 2.372686e+03 1.483025e+00 8.101000e-05 1.271684e-06 1.099544e-06 4.994731e-11 1.248952e+14 1.225846e+14 4.827445e+09 3.804703e+13 3.734323e+13 1.470585e+09 
300 303975 1.250000e+00 2.350962e+03 1.543390e+00 7.942000e-05 1.595416e-06 1.418020e-06 6.311839e-11 1.515577e+14 1.433701e+14 5.989553e+09 4.617019e+13 4.367604e+13 1.824634e+09 
300 303975 1.300000e+00 2.327947e+03 1.593868e+00 7.783000e-05 1.970432e-06 1.799908e-06 7.888379e-11 1.812379e+14 1.627061e+14 7.325716e+09 5.521294e+13 4.956750e+13 2.231721e+09 
300 303975 1.350000e+00 2.302261e+03 1.627044e+00 7.783000e-05 2.387267e-06 2.276582e-06 9.748029e-11 2.128844e+14 1.970638e+14 8.759426e+09 6.485502e+13 6.003547e+13 2.668540e+09 
300 303975 1.400000e+00 2.277256e+03 1.647740e+00 8.895000e-05 2.827486e-06 2.389704e-06 1.214058e-10 2.447986e+14 2.360690e+14 1.032628e+10 7.457895e+13 7.191960e+13 3.145933e+09 
300 303975 1.450000e+00 2.253615e+03 1.658506e+00 8.736000e-05 3.283757e-06 2.903183e-06 1.450645e-10 2.759418e+14 2.395633e+14 1.228062e+10 8.406820e+13 7.298541e+13 3.741391e+09 
300 303975 1.500000e+00 2.223460e+03 1.646829e+00 9.848000e-05 3.756676e-06 2.956568e-06 1.761639e-10 3.066595e+14 2.809684e+14 1.416725e+10 9.342838e+13 8.560142e+13 4.316248e+09 
300 303975 1.550000e+00 2.201630e+03 1.627878e+00 9.689000e-05 4.150285e-06 3.495887e-06 2.023989e-10 3.300318e+14 2.718723e+14 1.618423e+10 1.005505e+14 8.283136e+13 4.930822e+09 
300 303975 1.600000e+00 2.181582e+03 1.602389e+00 1.080200e-04 4.451128e-06 3.342858e-06 2.299400e-10 3.467391e+14 3.025298e+14 1.764293e+10 1.056420e+14 9.217287e+13 5.375307e+09 
300 303975 1.650000e+00 2.158480e+03 1.557379e+00 1.207200e-04 4.691302e-06 3.296572e-06 2.596100e-10 3.571573e+14 2.928181e+14 1.951045e+10 1.088176e+14 8.921518e+13 5.944370e+09 
300 303975 1.700000e+00 2.136823e+03 1.504647e+00 1.318400e-04 4.828174e-06 3.166998e-06 2.873883e-10 3.594429e+14 2.747360e+14 2.112632e+10 1.095154e+14 8.370701e+13 6.436769e+09 
300 303975 1.750000e+00 2.109584e+03 1.415589e+00 1.429600e-04 4.735375e-06 3.090142e-06 3.103481e-10 3.448503e+14 2.161406e+14 2.252373e+10 1.050707e+14 6.585500e+13 6.862631e+09 
300 303975 1.800000e+00 2.090521e+03 1.340000e+00 1.667800e-04 4.560490e-06 2.507976e-06 3.299102e-10 3.254459e+14 2.374563e+14 2.286969e+10 9.915961e+13 7.235035e+13 6.968116e+09 



300 607950 5.000000e-01 1.619402e+03 1.074669e-01 9.302000e-05 3.495793e-10 3.248800e-10 1.663388e-14 6.680580e+10 6.011215e+10 3.177813e+06 2.035602e+10 1.831650e+10 9.682926e+05 
300 607950 5.500000e-01 1.710712e+03 1.653902e-01 8.256000e-05 1.271363e-09 1.094291e-09 5.087366e-14 2.245124e+11 2.013950e+11 8.912934e+06 6.841213e+10 6.136813e+10 2.715894e+06 
300 607950 6.000000e-01 1.803889e+03 2.351660e-01 6.860000e-05 3.704740e-09 3.404267e-09 1.275888e-13 6.043281e+11 5.407851e+11 2.084109e+07 1.841529e+11 1.647905e+11 6.350760e+06 
300 607950 6.500000e-01 1.895697e+03 3.123040e-01 6.396000e-05 9.112412e-09 7.930543e-09 2.816133e-13 1.381004e+12 1.268348e+12 4.237846e+07 4.208357e+11 3.865071e+11 1.291404e+07 
300 607950 7.000000e-01 1.976687e+03 3.894382e-01 5.697000e-05 1.826030e-08 1.626858e-08 5.180517e-13 2.598134e+12 2.289556e+12 7.410120e+07 7.917518e+11 6.977185e+11 2.258145e+07 
300 607950 7.500000e-01 2.058961e+03 4.714611e-01 5.465000e-05 3.462944e-08 3.038986e-08 9.165404e-13 4.631519e+12 4.321214e+12 1.217113e+08 1.411433e+12 1.316872e+12 3.709086e+07 
300 607950 8.000000e-01 2.142785e+03 5.655409e-01 5.116000e-05 6.377906e-08 5.610829e-08 1.588263e-12 8.010214e+12 7.655878e+12 1.983964e+08 2.441126e+12 2.333147e+12 6.046153e+07 
300 607950 8.500000e-01 2.214973e+03 6.540820e-01 4.767000e-05 1.048982e-07 9.601823e-08 2.488210e-12 1.247923e+13 1.214221e+13 2.934593e+08 3.803136e+12 3.700432e+12 8.943366e+07 
300 607950 9.000000e-01 2.275919e+03 7.352582e-01 4.360000e-05 1.581239e-07 1.514260e-07 3.601800e-12 1.796032e+13 1.692988e+13 4.125847e+08 5.473619e+12 5.159591e+12 1.257398e+08 
300 607950 9.500000e-01 2.336979e+03 8.241617e-01 4.419000e-05 2.408838e-07 2.253180e-07 5.377414e-12 2.605303e+13 2.387165e+13 5.855537e+08 7.940091e+12 7.275295e+12 1.784568e+08 
300 607950 1.000000e+00 2.384539e+03 9.072476e-01 4.419000e-05 3.503395e-07 3.203035e-07 7.700800e-12 3.617072e+13 3.533174e+13 7.883937e+08 1.102378e+13 1.076810e+13 2.402789e+08 
300 607950 1.050000e+00 2.415191e+03 9.888185e-01 4.419000e-05 4.959006e-07 4.527639e-07 1.079914e-11 4.900962e+13 4.748009e+13 1.056775e+09 1.493691e+13 1.447076e+13 3.220779e+08 
300 607950 1.100000e+00 2.420334e+03 1.066143e+00 4.360000e-05 6.860261e-07 6.297158e-07 1.488141e-11 6.504007e+13 5.763982e+13 1.417694e+09 1.982284e+13 1.756743e+13 4.320822e+08 
300 607950 1.150000e+00 2.406708e+03 1.137874e+00 4.244000e-05 9.138640e-07 8.432293e-07 1.983887e-11 8.325725e+13 7.551651e+13 1.821338e+09 2.537535e+13 2.301614e+13 5.551107e+08 
300 607950 1.200000e+00 2.383617e+03 1.197497e+00 4.186000e-05 1.189151e-06 1.124822e-06 2.606745e-11 1.045061e+14 9.706859e+13 2.306729e+09 3.185196e+13 2.958517e+13 7.030569e+08 
300 607950 1.250000e+00 2.357650e+03 1.247591e+00 4.593000e-05 1.504103e-06 1.319463e-06 3.402584e-11 1.275687e+14 1.213783e+14 2.855850e+09 3.888155e+13 3.699482e+13 8.704302e+08 
300 607950 1.300000e+00 2.331211e+03 1.283620e+00 4.535000e-05 1.844761e-06 1.684643e-06 4.268567e-11 1.513812e+14 1.338160e+14 3.516918e+09 4.613979e+13 4.078611e+13 1.071927e+09 
300 607950 1.350000e+00 2.308939e+03 1.307690e+00 4.942000e-05 2.167440e-06 1.846746e-06 5.225212e-11 1.729791e+14 1.413272e+14 4.178207e+09 5.272309e+13 4.307584e+13 1.273493e+09 
300 607950 1.400000e+00 2.282638e+03 1.315875e+00 5.290000e-05 2.503284e-06 1.973030e-06 6.333318e-11 1.942032e+14 1.693070e+14 4.867418e+09 5.919261e+13 5.160438e+13 1.483574e+09 
300 607950 1.450000e+00 2.257881e+03 1.310124e+00 5.232000e-05 2.802286e-06 2.391621e-06 7.409097e-11 2.118067e+14 1.736445e+14 5.603708e+09 6.455863e+13 5.292691e+13 1.708007e+09 
300 607950 1.500000e+00 2.234067e+03 1.292219e+00 6.105000e-05 3.038593e-06 2.209817e-06 8.676061e-11 2.240418e+14 2.004525e+14 6.228214e+09 6.828842e+13 6.109845e+13 1.898371e+09 
300 607950 1.550000e+00 2.210359e+03 1.259221e+00 6.047000e-05 3.188110e-06 2.597188e-06 9.656060e-11 2.297332e+14 1.789097e+14 6.946395e+09 7.002370e+13 5.453253e+13 2.117290e+09 
300 607950 1.600000e+00 2.186159e+03 1.211196e+00 6.861000e-05 3.213009e-06 2.329256e-06 1.062148e-10 2.264800e+14 1.557368e+14 7.458902e+09 6.903260e+13 4.746965e+13 2.273520e+09 
300 607950 1.650000e+00 2.166045e+03 1.160434e+00 7.674000e-05 3.134898e-06 2.045369e-06 1.129899e-10 2.171434e+14 1.375520e+14 7.789439e+09 6.618712e+13 4.192706e+13 2.374284e+09 
300 607950 1.700000e+00 2.139475e+03 1.077361e+00 9.419000e-05 2.844365e-06 1.463512e-06 1.164125e-10 1.931350e+14 1.193164e+14 7.730947e+09 5.886958e+13 3.636894e+13 2.356472e+09 
300 607950 1.750000e+00 2.119270e+03 1.001865e+00 1.023300e-04 2.491648e-06 1.286304e-06 1.125947e-10 1.666536e+14 8.207329e+13 7.451986e+09 5.079803e+13 2.501696e+13 2.271454e+09 
300 607950 1.800000e+00 2.099165e+03 9.170171e-01 1.197600e-04 2.040059e-06 9.134769e-07 1.033291e-10 1.346598e+14 8.146524e+13 6.567647e+09 4.104614e+13 2.483175e+13 2.001908e+09 



300 911925 5.000000e-01 1.624346e+03 7.406531e-02 7.169000e-05 1.825029e-10 1.690696e-10 6.769025e-15 3.338292e+10 3.090115e+10 1.239976e+06 1.017456e+10 9.418175e+09 3.779241e+05 
300 911925 5.500000e-01 1.714218e+03 1.217866e-01 6.201000e-05 8.018823e-10 6.792148e-10 2.408191e-14 1.350109e+11 1.229808e+11 4.027950e+06 4.114996e+10 3.748339e+10 1.227678e+06 
300 911925 6.000000e-01 1.808067e+03 1.806781e-01 4.941000e-05 2.695842e-09 2.497114e-09 6.769525e-14 4.181695e+11 3.801172e+11 1.051858e+07 1.274563e+11 1.158584e+11 3.206020e+06 
300 911925 6.500000e-01 1.892401e+03 2.424756e-01 4.651000e-05 6.640219e-09 5.797789e-09 1.495720e-13 9.607721e+11 8.978276e+11 2.141651e+07 2.928443e+11 2.736592e+11 6.527769e+06 
300 911925 7.000000e-01 1.987056e+03 3.209080e-01 4.167000e-05 1.588542e-08 1.387257e-08 3.220438e-13 2.127345e+12 2.004343e+12 4.262249e+07 6.484285e+11 6.109378e+11 1.299160e+07 
300 911925 7.500000e-01 2.066632e+03 3.903103e-01 3.584000e-05 3.050693e-08 2.905974e-08 5.675082e-13 3.841923e+12 3.592417e+12 7.177681e+07 1.171058e+12 1.095008e+12 2.187831e+07 
300 911925 8.000000e-01 2.144858e+03 4.670561e-01 3.294000e-05 5.483997e-08 5.279118e-08 9.580019e-13 6.502846e+12 6.198149e+12 1.144044e+08 1.982162e+12 1.889289e+12 3.487210e+07 
300 911925 8.500000e-01 2.216270e+03 5.426949e-01 3.391000e-05 9.050204e-08 8.256304e-08 1.535485e-12 1.016363e+13 9.022376e+12 1.730722e+08 3.098059e+12 2.750188e+12 5.275549e+07 
300 911925 9.000000e-01 2.285197e+03 6.209156e-01 3.052000e-05 1.457665e-07 1.398976e-07 2.357870e-12 1.551426e+13 1.475422e+13 2.530230e+08 4.729077e+12 4.497407e+12 7.712675e+07 
300 911925 9.500000e-01 2.343247e+03 6.940825e-01 3.100000e-05 2.175975e-07 2.038057e-07 3.465592e-12 2.211795e+13 2.044368e+13 3.544013e+08 6.742092e+12 6.231741e+12 1.080300e+08 
300 911925 1.000000e+00 2.392507e+03 7.665763e-01 3.148000e-05 3.214449e-07 2.961231e-07 5.050293e-12 3.114770e+13 2.790487e+13 4.915056e+08 9.494667e+12 8.506177e+12 1.498242e+08 
300 911925 1.050000e+00 2.424730e+03 8.378621e-01 3.100000e-05 4.535401e-07 4.107749e-07 7.069368e-12 4.207446e+13 3.755975e+13 6.595767e+08 1.282555e+13 1.144935e+13 2.010585e+08 
300 911925 1.100000e+00 2.427824e+03 9.063450e-01 3.052000e-05 6.280292e-07 5.701587e-07 9.773447e-12 5.568285e+13 4.999851e+13 8.737928e+08 1.697394e+13 1.524119e+13 2.663602e+08 
300 911925 1.150000e+00 2.408963e+03 9.679092e-01 3.052000e-05 8.422225e-07 7.872010e-07 1.321386e-11 7.192664e+13 6.546630e+13 1.132986e+09 2.192576e+13 1.995644e+13 3.453735e+08 
300 911925 1.200000e+00 2.391607e+03 1.014525e+00 3.391000e-05 1.040304e-06 8.659431e-07 1.676843e-11 8.624633e+13 8.008542e+13 1.371025e+09 2.629106e+13 2.441301e+13 4.179385e+08 
300 911925 1.250000e+00 2.363894e+03 1.057899e+00 3.343000e-05 1.310897e-06 1.138496e-06 2.161327e-11 1.048812e+14 8.792174e+13 1.731762e+09 3.197188e+13 2.680201e+13 5.279082e+08 
300 911925 1.300000e+00 2.336505e+03 1.087738e+00 3.294000e-05 1.589287e-06 1.441529e-06 2.698573e-11 1.231500e+14 1.082263e+14 2.095528e+09 3.754119e+13 3.299187e+13 6.388027e+08 
300 911925 1.350000e+00 2.309638e+03 1.104090e+00 3.633000e-05 1.854933e-06 1.556995e-06 3.330508e-11 1.395966e+14 1.127089e+14 2.504433e+09 4.255506e+13 3.435856e+13 7.634583e+08 
300 911925 1.400000e+00 2.283486e+03 1.107303e+00 3.972000e-05 2.087417e-06 1.629747e-06 3.980609e-11 1.528850e+14 1.141835e+14 2.907885e+09 4.660620e+13 3.480830e+13 8.864533e+08 
300 911925 1.450000e+00 2.259357e+03 1.095449e+00 4.312000e-05 2.265496e-06 1.676183e-06 4.616572e-11 1.618694e+14 1.141639e+14 3.286082e+09 4.934533e+13 3.480250e+13 1.001750e+09 
300 911925 1.500000e+00 2.235234e+03 1.071546e+00 4.263000e-05 2.356941e-06 1.939384e-06 5.092120e-11 1.647065e+14 1.302278e+14 3.548944e+09 5.021046e+13 3.969974e+13 1.081888e+09 
300 911925 1.550000e+00 2.213517e+03 1.036033e+00 4.942000e-05 2.358513e-06 1.653406e-06 5.606041e-11 1.614091e+14 1.094530e+14 3.818299e+09 4.920549e+13 3.336674e+13 1.164006e+09 
300 911925 1.600000e+00 2.185647e+03 9.748405e-01 5.668000e-05 2.198249e-06 1.418110e-06 5.830113e-11 1.474530e+14 9.135882e+13 3.884223e+09 4.495120e+13 2.785086e+13 1.184109e+09 
300 911925 1.650000e+00 2.166787e+03 9.212003e-01 6.395000e-05 1.996677e-06 1.183948e-06 5.813099e-11 1.322232e+14 7.359966e+13 3.806894e+09 4.030853e+13 2.243704e+13 1.160540e+09 
300 911925 1.700000e+00 2.141991e+03 8.477961e-01 7.073000e-05 1.655057e-06 9.468273e-07 5.344693e-11 1.080681e+14 5.882688e+13 3.454880e+09 3.294493e+13 1.793359e+13 1.053232e+09 
300 911925 1.750000e+00 2.119656e+03 7.704218e-01 8.526000e-05 1.276517e-06 5.818188e-07 4.585973e-11 8.272281e+13 4.336703e+13 2.894072e+09 2.521843e+13 1.322065e+13 8.822709e+08 
300 911925 1.800000e+00 2.101170e+03 7.025619e-01 8.429000e-05 9.580682e-07 5.173442e-07 3.650454e-11 6.175173e+13 3.188793e+13 2.328432e+09 1.882536e+13 9.721223e+12 7.098354e+08 



300 1215900 5.000000e-01 1.627749e+03 5.401756e-02 6.469000e-05 9.502996e-11 8.739966e-11 3.090770e-15 1.676078e+10 1.508710e+10 5.465087e+05 5.109072e+09 4.598900e+09 1.665884e+05 
300 1215900 5.500000e-01 1.721389e+03 9.683889e-02 5.022000e-05 5.520311e-10 4.962502e-10 1.370899e-14 8.967780e+10 7.939197e+10 2.223545e+06 2.733630e+10 2.420093e+10 6.777984e+05 
300 1215900 6.000000e-01 1.814673e+03 1.496616e-01 4.086000e-05 2.066506e-09 1.889722e-09 4.218681e-14 3.083325e+11 2.710492e+11 6.289658e+06 9.398974e+10 8.262471e+10 1.917291e+06 
300 1215900 6.500000e-01 1.897737e+03 2.033639e-01 3.575000e-05 5.394914e-09 4.976057e-09 9.700322e-14 7.509852e+11 6.624932e+11 1.347935e+07 2.289274e+11 2.019522e+11 4.108991e+06 
300 1215900 7.000000e-01 1.982078e+03 2.652850e-01 3.149000e-05 1.236025e-08 1.138532e-08 2.001884e-13 1.603963e+12 1.452675e+12 2.605076e+07 4.889516e+11 4.428335e+11 7.941299e+06 
300 1215900 7.500000e-01 2.071331e+03 3.360036e-01 3.022000e-05 2.667572e-08 2.374393e-08 3.974447e-13 3.224947e+12 3.118284e+12 4.727952e+07 9.831032e+11 9.505883e+11 1.441283e+07 
300 1215900 8.000000e-01 2.146239e+03 4.022756e-01 2.809000e-05 4.796850e-08 4.373747e-08 6.738711e-13 5.472789e+12 4.883569e+12 7.700825e+07 1.668358e+12 1.488739e+12 2.347564e+07 
300 1215900 8.500000e-01 2.218095e+03 4.703870e-01 2.554000e-05 8.108853e-08 7.740004e-08 1.078112e-12 8.735006e+12 8.182014e+12 1.167613e+08 2.662854e+12 2.494278e+12 3.559451e+07 
300 1215900 9.000000e-01 2.286567e+03 5.404517e-01 2.596000e-05 1.307467e-07 1.175303e-07 1.693153e-12 1.336072e+13 1.171279e+13 1.735094e+08 4.073032e+12 3.570661e+12 5.289450e+07 
300 1215900 9.500000e-01 2.349323e+03 6.082541e-01 2.639000e-05 2.018705e-07 1.724669e-07 2.562519e-12 1.960279e+13 1.881893e+13 2.449614e+08 5.975977e+12 5.737020e+12 7.467728e+07 
300 1215900 1.000000e+00 2.398466e+03 6.719307e-01 2.340000e-05 2.916273e-07 2.805425e-07 3.591985e-12 2.708932e+13 2.567443e+13 3.354817e+08 8.258328e+12 7.826996e+12 1.022734e+08 
300 1215900 1.050000e+00 2.430474e+03 7.360375e-01 2.298000e-05 4.167040e-07 3.943519e-07 5.099888e-12 3.696918e+13 3.443097e+13 4.549913e+08 1.127033e+13 1.049655e+13 1.387074e+08 
300 1215900 1.100000e+00 2.430883e+03 7.963438e-01 2.298000e-05 5.766423e-07 5.548526e-07 7.076842e-12 4.904231e+13 4.637921e+13 6.048749e+08 1.495101e+13 1.413915e+13 1.844017e+08 
300 1215900 1.150000e+00 2.415968e+03 8.469330e-01 2.596000e-05 7.418947e-07 6.300573e-07 9.399339e-12 6.097246e+13 5.815281e+13 7.567411e+08 1.858813e+13 1.772854e+13 2.307007e+08 
300 1215900 1.200000e+00 2.391794e+03 8.898037e-01 2.554000e-05 9.430808e-07 8.258682e-07 1.215477e-11 7.483535e+13 6.343824e+13 9.649448e+08 2.281450e+13 1.933997e+13 2.941755e+08 
300 1215900 1.250000e+00 2.363168e+03 9.302475e-01 2.511000e-05 1.184990e-06 1.074383e-06 1.568066e-11 9.059867e+13 8.002295e+13 1.201272e+09 2.762031e+13 2.439617e+13 3.662250e+08 
300 1215900 1.300000e+00 2.335841e+03 9.532014e-01 2.851000e-05 1.405362e-06 1.175330e-06 1.973287e-11 1.042292e+14 8.417129e+13 1.461113e+09 3.177595e+13 2.566099e+13 4.454435e+08 
300 1215900 1.350000e+00 2.311122e+03 9.635168e-01 3.150000e-05 1.592302e-06 1.202218e-06 2.368366e-11 1.149583e+14 9.894630e+13 1.678184e+09 3.504703e+13 3.016552e+13 5.116233e+08 
300 1215900 1.400000e+00 2.284762e+03 9.606978e-01 3.447000e-05 1.737469e-06 1.210811e-06 2.764632e-11 1.223872e+14 9.752797e+13 1.912612e+09 3.731203e+13 2.973325e+13 5.830953e+08 
300 1215900 1.450000e+00 2.259483e+03 9.446795e-01 3.746000e-05 1.814657e-06 1.198794e-06 3.110719e-11 1.249706e+14 9.387096e+13 2.103436e+09 3.809978e+13 2.861846e+13 6.412741e+08 
300 1215900 1.500000e+00 2.233623e+03 9.138231e-01 3.703000e-05 1.808175e-06 1.380673e-06 3.329036e-11 1.219342e+14 8.926640e+13 2.232909e+09 3.717422e+13 2.721477e+13 6.807495e+08 
300 1215900 1.550000e+00 2.211467e+03 8.754872e-01 4.341000e-05 1.722247e-06 1.132372e-06 3.508095e-11 1.141122e+14 7.117951e+13 2.304607e+09 3.478964e+13 2.170067e+13 7.026105e+08 
300 1215900 1.600000e+00 2.185939e+03 8.205974e-01 4.937000e-05 1.519658e-06 8.905428e-07 3.433048e-11 9.917505e+13 5.578480e+13 2.220112e+09 3.023582e+13 1.700731e+13 6.768527e+08 
300 1215900 1.650000e+00 2.166499e+03 7.708718e-01 5.576000e-05 1.303433e-06 6.965550e-07 3.224003e-11 8.417121e+13 4.219908e+13 2.057415e+09 2.566162e+13 1.286542e+13 6.272525e+08 
300 1215900 1.700000e+00 2.145068e+03 7.070325e-01 6.214000e-05 1.017995e-06 5.180652e-07 2.751587e-11 6.523571e+13 3.108297e+13 1.741875e+09 1.988874e+13 9.476426e+12 5.310540e+08 
300 1215900 1.750000e+00 2.121405e+03 6.408425e-01 6.810000e-05 7.370276e-07 3.546232e-07 2.151178e-11 4.707027e+13 2.661381e+13 1.338436e+09 1.435059e+13 8.113914e+12 4.080567e+08 
300 1215900 1.800000e+00 2.100991e+03 5.872993e-01 6.725000e-05 5.357439e-07 2.945981e-07 1.632744e-11 3.425640e+13 1.764755e+13 1.031473e+09 1.044397e+13 5.380327e+12 3.144718e+08 



500 101325 5.000000e-01 1.769802e+03 1.110039e+00 3.135400e-04 6.881569e-09 6.646423e-09 1.093631e-12 1.604497e+12 1.534645e+12 2.574237e+08 4.869541e+11 4.657736e+11 7.812372e+07 
500 101325 5.500000e-01 1.864987e+03 1.387420e+00 2.880200e-04 1.450301e-08 1.391695e-08 2.095598e-12 3.147306e+12 2.966331e+12 4.594177e+08 9.553949e+11 9.004959e+11 1.394556e+08 
500 101325 6.000000e-01 1.966728e+03 1.709216e+00 2.588500e-04 2.926172e-08 2.832841e-08 3.872072e-12 5.903641e+12 5.681639e+12 7.907153e+08 1.792476e+12 1.725141e+12 2.400720e+08 
500 101325 6.500000e-01 2.053540e+03 1.999433e+00 2.333300e-04 5.117241e-08 5.076652e-08 6.280881e-12 9.685705e+12 9.517799e+12 1.206229e+09 2.941310e+12 2.890389e+12 3.662907e+08 
500 101325 7.000000e-01 2.133365e+03 2.281627e+00 2.333300e-04 8.354292e-08 7.989338e-08 9.798838e-12 1.491606e+13 1.407136e+13 1.770870e+09 4.530333e+12 4.273949e+12 5.378370e+08 
500 101325 7.500000e-01 2.205715e+03 2.549827e+00 2.369800e-04 1.286405e-07 1.188734e-07 1.455559e-11 2.175294e+13 2.149576e+13 2.440337e+09 6.607769e+12 6.529734e+12 7.412633e+08 
500 101325 8.000000e-01 2.270366e+03 2.803314e+00 2.078200e-04 1.903705e-07 1.875254e-07 2.047121e-11 3.056596e+13 2.964463e+13 3.329954e+09 9.286007e+12 9.006291e+12 1.011616e+09 
500 101325 8.500000e-01 2.328729e+03 3.044982e+00 2.041700e-04 2.735201e-07 2.625474e-07 2.859666e-11 4.178795e+13 3.976344e+13 4.431113e+09 1.269668e+13 1.208189e+13 1.346297e+09 
500 101325 9.000000e-01 2.374779e+03 3.268840e+00 2.041700e-04 3.783420e-07 3.582130e-07 3.870263e-11 5.516358e+13 5.184820e+13 5.726965e+09 1.676243e+13 1.575539e+13 1.740191e+09 
500 101325 9.500000e-01 2.412176e+03 3.477181e+00 2.041700e-04 5.099216e-07 4.804305e-07 5.130246e-11 7.117287e+13 6.938920e+13 7.188137e+09 2.162898e+13 2.108741e+13 2.184388e+09 
500 101325 1.000000e+00 2.439139e+03 3.668227e+00 2.005200e-04 6.720500e-07 6.271250e-07 6.666873e-11 9.015349e+13 8.828666e+13 8.984755e+09 2.739956e+13 2.683256e+13 2.730592e+09 
500 101325 1.050000e+00 2.458314e+03 3.845415e+00 1.968800e-04 8.669259e-07 8.096692e-07 8.499399e-11 1.117670e+14 1.095440e+14 1.102102e+10 3.397082e+13 3.329570e+13 3.349701e+09 
500 101325 1.100000e+00 2.466535e+03 4.001654e+00 1.932300e-04 1.102082e-06 1.040495e-06 1.070966e-10 1.368856e+14 1.268065e+14 1.348557e+10 4.160852e+13 3.854581e+13 4.099080e+09 
500 101325 1.150000e+00 2.467070e+03 4.148705e+00 1.895900e-04 1.380497e-06 1.327699e-06 1.335058e-10 1.653449e+14 1.566563e+14 1.623251e+10 5.026256e+13 4.762238e+13 4.934381e+09 
500 101325 1.200000e+00 2.458862e+03 4.275020e+00 1.823000e-04 1.702975e-06 1.650877e-06 1.638127e-10 1.973051e+14 1.908003e+14 1.930835e+10 5.998209e+13 5.800533e+13 5.869756e+09 
500 101325 1.250000e+00 2.446309e+03 4.386233e+00 1.786500e-04 2.074064e-06 2.043348e-06 1.990709e-10 2.325380e+14 2.268151e+14 2.268973e+10 7.069718e+13 6.895813e+13 6.898114e+09 
500 101325 1.300000e+00 2.430593e+03 4.479409e+00 2.041600e-04 2.495175e-06 2.255134e-06 2.461981e-10 2.708325e+14 2.686336e+14 2.644365e+10 8.234446e+13 8.167626e+13 8.039824e+09 
500 101325 1.350000e+00 2.409765e+03 4.560933e+00 1.968700e-04 2.963753e-06 2.729067e-06 2.938606e-10 3.125582e+14 2.821465e+14 3.137529e+10 9.503571e+13 8.579032e+13 9.539750e+09 
500 101325 1.400000e+00 2.389774e+03 4.617475e+00 1.932300e-04 3.491580e-06 3.307542e-06 3.479873e-10 3.570308e+14 3.333033e+14 3.612335e+10 1.085632e+14 1.013499e+14 1.098397e+10 
500 101325 1.450000e+00 2.369904e+03 4.667844e+00 1.895800e-04 4.063619e-06 3.943640e-06 4.097819e-10 4.041411e+14 3.876401e+14 4.139337e+10 1.228943e+14 1.178777e+14 1.258702e+10 
500 101325 1.500000e+00 2.347387e+03 4.695437e+00 2.151000e-04 4.678103e-06 4.119160e-06 4.890058e-10 4.529908e+14 4.211209e+14 4.753884e+10 1.377549e+14 1.280649e+14 1.445641e+10 
500 101325 1.550000e+00 2.327846e+03 4.708977e+00 2.114600e-04 5.339764e-06 4.881642e-06 5.678050e-10 5.029686e+14 4.519102e+14 5.421029e+10 1.529595e+14 1.374342e+14 1.648590e+10 
500 101325 1.600000e+00 2.305509e+03 4.706974e+00 2.078100e-04 6.021539e-06 5.671792e-06 6.513070e-10 5.534921e+14 5.134824e+14 6.069050e+10 1.683318e+14 1.561655e+14 1.845737e+10 
500 101325 1.650000e+00 2.285176e+03 4.686615e+00 2.333400e-04 6.736511e-06 5.718408e-06 7.591377e-10 6.040367e+14 5.761917e+14 6.756840e+10 1.837107e+14 1.752437e+14 2.054991e+10 
500 101325 1.700000e+00 2.265664e+03 4.653995e+00 2.296900e-04 7.461352e-06 6.605681e-06 8.612957e-10 6.528553e+14 5.675982e+14 7.629885e+10 1.985661e+14 1.726372e+14 2.320604e+10 
500 101325 1.750000e+00 2.244927e+03 4.607518e+00 2.260400e-04 8.173410e-06 7.515720e-06 9.675828e-10 6.995225e+14 6.336750e+14 8.384930e+10 2.127673e+14 1.927413e+14 2.550341e+10 
500 101325 1.800000e+00 2.223606e+03 4.543317e+00 2.515600e-04 8.861888e-06 7.409457e-06 1.098259e-09 7.409408e+14 6.191736e+14 9.301947e+10 2.253732e+14 1.883373e+14 2.829358e+10 



500 303975 5.000000e-01 1.766665e+03 6.773986e-01 1.236100e-04 3.460677e-09 3.134455e-09 2.147171e-13 6.965370e+11 6.232058e+11 4.339899e+07 2.120700e+11 1.897461e+11 1.321332e+07 
500 303975 5.500000e-01 1.862611e+03 8.899608e-01 1.078300e-04 8.388308e-09 7.955847e-09 4.625299e-13 1.563937e+12 1.443943e+12 8.671737e+07 4.761955e+11 4.396639e+11 2.640391e+07 
500 303975 6.000000e-01 1.955905e+03 1.122150e+00 9.994000e-05 1.782754e-08 1.687945e-08 9.001681e-13 3.103609e+12 2.842638e+12 1.574187e+08 9.450582e+11 8.656034e+11 4.793416e+07 
500 303975 6.500000e-01 2.049035e+03 1.375992e+00 8.942000e-05 3.506252e-08 3.332514e-08 1.624213e-12 5.689073e+12 5.387071e+12 2.666160e+08 1.732445e+12 1.640492e+12 8.118950e+07 
500 303975 7.000000e-01 2.133743e+03 1.621658e+00 9.074000e-05 6.233986e-08 5.546762e-08 2.743337e-12 9.516756e+12 9.267003e+12 4.156616e+08 2.898191e+12 2.822157e+12 1.265830e+08 
500 303975 7.500000e-01 2.212718e+03 1.871420e+00 8.153000e-05 1.039236e-07 9.922731e-08 4.312443e-12 1.495932e+13 1.406114e+13 6.274898e+08 4.555847e+12 4.282357e+12 1.911004e+08 
500 303975 8.000000e-01 2.283214e+03 2.113742e+00 8.153000e-05 1.630690e-07 1.475550e-07 6.506627e-12 2.227152e+13 2.197800e+13 8.801322e+08 6.783066e+12 6.693692e+12 2.680526e+08 
500 303975 8.500000e-01 2.343373e+03 2.339727e+00 7.233000e-05 2.425152e-07 2.388159e-07 9.226501e-12 3.154499e+13 3.056300e+13 1.214578e+09 9.607748e+12 9.308705e+12 3.699244e+08 
500 303975 9.000000e-01 2.398445e+03 2.567196e+00 7.101000e-05 3.542152e-07 3.405214e-07 1.312982e-11 4.388727e+13 4.179717e+13 1.648666e+09 1.336731e+13 1.273078e+13 5.021516e+08 
500 303975 9.500000e-01 2.444264e+03 2.782404e+00 7.101000e-05 5.000258e-07 4.763848e-07 1.822845e-11 5.920194e+13 5.586401e+13 2.185288e+09 1.803246e+13 1.701585e+13 6.656171e+08 
500 303975 1.000000e+00 2.478793e+03 2.984857e+00 7.101000e-05 6.869546e-07 6.540459e-07 2.472232e-11 7.787566e+13 7.239376e+13 2.831737e+09 2.372100e+13 2.205135e+13 8.625437e+08 
500 303975 1.050000e+00 2.500792e+03 3.170252e+00 6.970000e-05 9.215218e-07 8.720235e-07 3.279548e-11 1.001520e+14 9.423632e+13 3.612253e+09 3.050718e+13 2.870538e+13 1.100317e+09 
500 303975 1.100000e+00 2.509515e+03 3.340378e+00 6.838000e-05 1.205083e-06 1.148124e-06 4.265311e-11 1.260498e+14 1.192738e+14 4.520665e+09 3.839682e+13 3.633292e+13 1.377059e+09 
500 303975 1.150000e+00 2.505283e+03 3.490608e+00 6.707000e-05 1.548024e-06 1.491964e-06 5.461078e-11 1.559640e+14 1.496972e+14 5.579082e+09 4.751024e+13 4.560142e+13 1.699507e+09 
500 303975 1.200000e+00 2.491892e+03 3.622701e+00 6.575000e-05 1.951387e-06 1.908133e-06 6.874862e-11 1.896180e+14 1.826590e+14 6.770649e+09 5.776326e+13 5.564353e+13 2.062529e+09 
500 303975 1.250000e+00 2.473911e+03 3.733954e+00 7.496000e-05 2.416453e-06 2.127720e-06 8.767138e-11 2.267922e+14 2.218065e+14 8.129327e+09 6.908898e+13 6.757035e+13 2.476470e+09 
500 303975 1.300000e+00 2.453411e+03 3.825005e+00 7.364000e-05 2.939955e-06 2.676378e-06 1.079043e-10 2.669110e+14 2.372934e+14 9.899171e+09 8.131209e+13 7.228976e+13 3.015683e+09 
500 303975 1.350000e+00 2.430601e+03 3.895139e+00 7.233000e-05 3.512710e-06 3.297634e-06 1.309192e-10 3.095488e+14 2.844448e+14 1.165290e+10 9.430307e+13 8.665556e+13 3.550003e+09 
500 303975 1.400000e+00 2.407982e+03 3.945638e+00 7.101000e-05 4.138879e-06 3.980219e-06 1.565262e-10 3.539584e+14 3.346465e+14 1.354036e+10 1.078341e+14 1.019510e+14 4.125079e+09 
500 303975 1.450000e+00 2.385809e+03 3.972846e+00 8.022000e-05 4.799300e-06 4.182202e-06 1.898072e-10 3.985894e+14 3.381397e+14 1.589409e+10 1.214329e+14 1.030170e+14 4.842223e+09 
500 303975 1.500000e+00 2.362792e+03 3.980292e+00 7.890000e-05 5.471712e-06 4.978085e-06 2.217861e-10 4.428112e+14 3.931728e+14 1.809213e+10 1.349075e+14 1.197850e+14 5.511954e+09 
500 303975 1.550000e+00 2.340777e+03 3.969506e+00 8.811000e-05 6.147151e-06 5.008267e-06 2.606713e-10 4.843537e+14 4.469670e+14 2.032478e+10 1.475659e+14 1.361759e+14 6.192243e+09 
500 303975 1.600000e+00 2.318914e+03 3.929047e+00 8.679000e-05 6.793511e-06 5.849736e-06 2.974301e-10 5.226058e+14 4.462621e+14 2.306457e+10 1.592223e+14 1.359631e+14 7.027056e+09 
500 303975 1.650000e+00 2.297073e+03 3.867756e+00 9.731000e-05 7.403028e-06 5.902556e-06 3.428130e-10 5.553154e+14 4.997817e+14 2.543922e+10 1.691900e+14 1.522709e+14 7.750643e+09 
500 303975 1.700000e+00 2.275122e+03 3.793082e+00 9.600000e-05 7.922917e-06 6.757137e-06 3.813339e-10 5.810446e+14 4.817912e+14 2.812648e+10 1.770313e+14 1.467915e+14 8.569487e+09 
500 303975 1.750000e+00 2.254549e+03 3.699968e+00 1.052000e-04 8.327337e-06 6.605696e-06 4.272843e-10 5.987454e+14 4.580270e+14 3.076125e+10 1.824265e+14 1.395527e+14 9.372352e+09 
500 303975 1.800000e+00 2.234582e+03 3.590380e+00 1.144000e-04 8.613651e-06 6.381818e-06 4.714677e-10 6.064588e+14 4.316915e+14 3.317071e+10 1.847787e+14 1.315302e+14 1.010658e+10 



500 607950 5.000000e-01 1.772427e+03 4.550709e-01 7.054000e-05 2.169664e-09 1.946541e-09 7.613748e-14 3.948024e+11 3.483235e+11 1.390452e+07 1.202979e+11 1.061362e+11 4.236758e+06 
500 607950 5.500000e-01 1.864656e+03 6.188103e-01 6.172000e-05 5.604859e-09 5.150903e-09 1.737427e-13 9.464671e+11 8.390693e+11 2.937499e+07 2.884019e+11 2.556777e+11 8.950953e+06 
500 607950 6.000000e-01 1.962426e+03 8.145019e-01 5.511000e-05 1.340121e-08 1.231605e-08 3.722013e-13 2.089846e+12 1.894463e+12 5.838921e+07 6.368253e+11 5.772910e+11 1.779254e+07 
500 607950 6.500000e-01 2.046634e+03 9.986741e-01 5.181000e-05 2.620341e-08 2.335365e-08 6.729616e-13 3.831394e+12 3.655438e+12 9.791813e+07 1.167547e+12 1.113931e+12 2.983865e+07 
500 607950 7.000000e-01 2.130738e+03 1.198302e+00 4.850000e-05 4.854125e-08 4.349239e-08 1.166342e-12 6.659149e+12 6.411784e+12 1.592854e+08 2.029302e+12 1.953925e+12 4.854027e+07 
500 607950 7.500000e-01 2.207764e+03 1.395230e+00 4.519000e-05 8.233285e-08 7.649142e-08 1.871611e-12 1.068600e+13 9.799756e+12 2.447426e+08 3.256507e+12 2.986440e+12 7.458386e+07 
500 607950 8.000000e-01 2.282213e+03 1.606090e+00 4.078000e-05 1.349973e-07 1.290162e-07 2.906934e-12 1.655035e+13 1.567782e+13 3.602895e+08 5.043739e+12 4.777849e+12 1.097983e+08 
500 607950 8.500000e-01 2.349817e+03 1.812093e+00 4.188000e-05 2.105537e-07 1.980461e-07 4.416602e-12 2.449593e+13 2.219569e+13 5.168999e+08 7.465294e+12 6.764308e+12 1.575282e+08 
500 607950 9.000000e-01 2.410700e+03 2.019197e+00 4.188000e-05 3.167630e-07 2.880259e-07 6.481794e-12 3.496460e+13 3.376302e+13 7.106757e+08 1.065588e+13 1.028970e+13 2.165861e+08 
500 607950 9.500000e-01 2.461590e+03 2.215547e+00 3.747000e-05 4.587644e-07 4.481085e-07 9.071226e-12 4.840701e+13 4.651574e+13 9.672655e+08 1.475282e+13 1.417646e+13 2.947891e+08 
500 607950 1.000000e+00 2.501265e+03 2.398216e+00 3.747000e-05 6.492075e-07 6.316821e-07 1.267923e-11 6.540535e+13 6.260659e+13 1.290841e+09 1.993363e+13 1.908070e+13 3.934095e+08 
500 607950 1.050000e+00 2.525286e+03 2.577265e+00 3.692000e-05 8.895776e-07 8.622865e-07 1.725396e-11 8.587257e+13 8.188628e+13 1.682075e+09 2.617179e+13 2.495693e+13 5.126529e+08 
500 607950 1.100000e+00 2.531991e+03 2.731733e+00 3.637000e-05 1.178746e-06 1.145484e-06 2.272742e-11 1.092166e+14 1.048338e+14 2.131555e+09 3.328688e+13 3.195112e+13 6.496503e+08 
500 607950 1.150000e+00 2.524523e+03 2.874298e+00 4.023000e-05 1.526311e-06 1.376658e-06 3.011785e-11 1.363732e+14 1.327772e+14 2.666352e+09 4.156407e+13 4.046814e+13 8.126537e+08 
500 607950 1.200000e+00 2.510183e+03 2.993692e+00 3.913000e-05 1.910892e-06 1.738891e-06 3.778572e-11 1.649886e+14 1.468065e+14 3.288300e+09 5.028603e+13 4.474449e+13 1.002222e+09 
500 607950 1.250000e+00 2.489285e+03 3.097439e+00 3.858000e-05 2.376585e-06 2.223723e-06 4.755837e-11 1.981355e+14 1.821727e+14 4.001205e+09 6.038934e+13 5.552414e+13 1.219517e+09 
500 607950 1.300000e+00 2.465627e+03 3.180483e+00 4.244000e-05 2.890116e-06 2.495389e-06 5.970163e-11 2.333760e+14 2.207326e+14 4.779801e+09 7.113085e+13 6.727738e+13 1.456837e+09 
500 607950 1.350000e+00 2.442070e+03 3.239201e+00 4.188000e-05 3.433092e-06 3.103666e-06 7.259004e-11 2.693223e+14 2.376221e+14 5.720515e+09 8.208771e+13 7.242582e+13 1.743573e+09 
500 607950 1.400000e+00 2.418393e+03 3.273487e+00 4.574000e-05 4.003208e-06 3.346865e-06 8.816947e-11 3.047146e+14 2.800100e+14 6.646101e+09 9.287582e+13 8.534608e+13 2.025702e+09 
500 607950 1.450000e+00 2.394307e+03 3.281787e+00 4.519000e-05 4.566403e-06 4.036680e-06 1.037026e-10 3.381935e+14 2.875279e+14 7.700574e+09 1.030809e+14 8.763826e+13 2.347120e+09 
500 607950 1.500000e+00 2.371813e+03 3.266715e+00 4.905000e-05 5.106306e-06 4.261870e-06 1.220651e-10 3.684079e+14 2.937034e+14 8.813925e+09 1.122910e+14 8.952122e+13 2.686488e+09 
500 607950 1.550000e+00 2.348679e+03 3.227559e+00 5.236000e-05 5.571093e-06 4.331863e-06 1.406310e-10 3.922301e+14 3.356880e+14 9.792155e+09 1.195529e+14 1.023189e+14 2.984675e+09 
500 607950 1.600000e+00 2.326213e+03 3.167068e+00 5.181000e-05 5.954954e-06 5.014890e-06 1.571206e-10 4.090241e+14 3.352183e+14 1.082396e+10 1.246727e+14 1.021764e+14 3.299195e+09 
500 607950 1.650000e+00 2.304484e+03 3.086340e+00 6.007000e-05 6.214700e-06 4.516812e-06 1.776121e-10 4.178991e+14 2.921612e+14 1.192066e+10 1.273786e+14 8.905296e+13 3.633497e+09 
500 607950 1.700000e+00 2.282098e+03 2.981126e+00 6.834000e-05 6.306715e-06 4.025498e-06 1.956683e-10 4.155467e+14 3.205923e+14 1.256342e+10 1.266623e+14 9.771957e+13 3.829441e+09 
500 607950 1.750000e+00 2.257490e+03 2.838591e+00 7.605000e-05 6.174879e-06 3.559940e-06 2.095753e-10 3.985054e+14 2.830237e+14 1.322007e+10 1.214688e+14 8.626886e+13 4.029620e+09 
500 607950 1.800000e+00 2.237014e+03 2.699332e+00 8.487000e-05 5.891895e-06 3.221133e-06 2.184968e-10 3.732896e+14 2.398625e+14 1.350456e+10 1.137834e+14 7.311323e+13 4.116357e+09 



500 911925 5.000000e-01 1.772360e+03 3.406734e-01 5.228000e-05 1.434887e-09 1.294505e-09 3.726713e-14 2.485126e+11 2.188436e+11 6.459857e+06 7.574248e+10 6.670010e+10 1.968855e+06 
500 911925 5.500000e-01 1.869544e+03 4.855355e-01 4.423000e-05 4.325421e-09 3.884504e-09 9.645669e-14 6.885710e+11 6.013569e+11 1.537852e+07 2.098698e+11 1.832884e+11 4.687217e+06 
500 911925 6.000000e-01 1.963110e+03 6.434882e-01 3.920000e-05 1.056745e-08 9.843422e-09 2.105645e-13 1.557482e+12 1.418150e+12 3.112087e+07 4.747150e+11 4.322482e+11 9.485515e+06 
500 911925 6.500000e-01 2.048935e+03 8.088081e-01 3.669000e-05 2.181223e-08 2.003518e-08 3.992842e-13 3.002264e+12 2.640365e+12 5.503827e+07 9.150948e+11 8.047900e+11 1.677573e+07 
500 911925 7.500000e-01 2.204008e+03 1.137394e+00 3.016000e-05 6.859092e-08 6.659012e-08 1.100542e-12 8.383539e+12 8.066376e+12 1.358264e+08 2.555385e+12 2.458716e+12 4.140117e+07 
500 911925 8.000000e-01 2.278651e+03 1.321185e+00 3.066000e-05 1.148171e-07 1.061201e-07 1.776114e-12 1.324952e+13 1.191872e+13 2.062126e+08 4.038638e+12 3.633001e+12 6.285638e+07 
500 911925 9.000000e-01 2.416726e+03 1.705477e+00 2.715000e-05 2.887034e-07 2.782004e-07 4.124428e-12 2.986271e+13 2.817511e+13 4.301275e+08 9.102790e+12 8.588388e+12 1.311118e+08 
500 911925 9.500000e-01 2.472803e+03 1.882247e+00 2.715000e-05 4.315555e-07 4.080081e-07 6.060294e-12 4.237622e+13 3.911497e+13 6.001305e+08 1.291731e+13 1.192322e+13 1.829342e+08 
500 911925 1.000000e+00 2.513937e+03 2.050775e+00 2.715000e-05 6.106404e-07 5.716942e-07 8.484317e-12 5.736234e+13 5.229795e+13 8.024922e+08 1.748561e+13 1.594188e+13 2.446212e+08 
500 911925 1.050000e+00 2.538252e+03 2.211457e+00 2.715000e-05 8.409555e-07 7.916803e-07 1.161124e-11 7.560446e+13 6.944377e+13 1.051820e+09 2.304650e+13 2.116858e+13 3.206259e+08 
500 911925 1.100000e+00 2.543557e+03 2.354915e+00 2.664000e-05 1.121311e-06 1.058888e-06 1.548638e-11 9.691632e+13 8.934287e+13 1.347742e+09 2.954324e+13 2.723465e+13 4.108349e+08 
500 911925 1.150000e+00 2.533413e+03 2.483918e+00 2.614000e-05 1.456078e-06 1.392417e-06 2.021217e-11 1.211983e+14 1.134279e+14 1.694377e+09 3.694545e+13 3.457679e+13 5.165045e+08 
500 911925 1.200000e+00 2.515247e+03 2.595418e+00 2.966000e-05 1.844908e-06 1.555620e-06 2.649849e-11 1.481260e+14 1.409998e+14 2.090798e+09 4.515428e+13 4.298198e+13 6.373517e+08 
500 911925 1.250000e+00 2.494755e+03 2.683990e+00 2.916000e-05 2.250443e-06 1.959947e-06 3.279576e-11 1.750570e+14 1.509332e+14 2.564117e+09 5.336416e+13 4.601035e+13 7.816413e+08 
500 911925 1.300000e+00 2.470720e+03 2.755941e+00 2.865000e-05 2.716815e-06 2.453886e-06 4.045172e-11 2.045708e+14 1.833852e+14 3.065825e+09 6.236150e+13 5.590335e+13 9.345873e+08 
500 911925 1.350000e+00 2.446555e+03 2.801477e+00 3.267000e-05 3.192807e-06 2.621256e-06 4.997448e-11 2.335251e+14 2.163834e+14 3.591188e+09 7.118839e+13 6.596292e+13 1.094746e+09 
500 911925 1.400000e+00 2.422248e+03 2.823068e+00 3.217000e-05 3.661820e-06 3.172354e-06 5.925715e-11 2.603177e+14 2.177905e+14 4.218654e+09 7.935636e+13 6.639225e+13 1.286031e+09 
500 911925 1.450000e+00 2.398359e+03 2.821262e+00 3.569000e-05 4.089984e-06 3.196548e-06 7.020080e-11 2.833399e+14 2.119302e+14 4.854184e+09 8.637499e+13 6.460612e+13 1.479777e+09 
500 911925 1.500000e+00 2.375675e+03 2.797618e+00 3.920000e-05 4.434727e-06 3.126297e-06 8.045500e-11 3.000301e+14 2.423965e+14 5.357466e+09 9.146336e+13 7.389401e+13 1.633208e+09 
500 911925 1.550000e+00 2.352921e+03 2.749828e+00 3.870000e-05 4.704820e-06 3.646941e-06 8.986986e-11 3.111872e+14 2.361213e+14 5.937093e+09 9.486503e+13 7.198138e+13 1.809914e+09 
500 911925 1.600000e+00 2.330474e+03 2.684545e+00 4.222000e-05 4.853059e-06 3.538679e-06 9.940977e-11 3.143451e+14 2.231384e+14 6.417348e+09 9.582814e+13 6.802385e+13 1.956328e+09 
500 911925 1.650000e+00 2.307387e+03 2.581555e+00 4.624000e-05 4.843296e-06 3.488819e-06 1.078074e-10 3.072969e+14 2.105212e+14 6.796408e+09 9.367990e+13 6.417777e+13 2.071894e+09 
500 911925 1.700000e+00 2.285763e+03 2.465491e+00 5.378000e-05 4.686618e-06 2.891489e-06 1.149775e-10 2.915949e+14 1.693074e+14 7.087309e+09 8.889350e+13 5.161388e+13 2.160585e+09 
500 911925 1.750000e+00 2.264745e+03 2.332470e+00 6.132000e-05 4.347935e-06 2.367007e-06 1.175901e-10 2.663044e+14 1.353603e+14 7.111033e+09 8.118392e+13 4.126517e+13 2.167825e+09 
500 911925 1.800000e+00 2.244313e+03 2.190686e+00 6.886000e-05 3.867500e-06 1.926900e-06 1.146942e-10 2.333985e+14 1.080885e+14 6.826835e+09 7.115269e+13 3.295134e+13 2.081194e+09 



500 1215900 5.000000e-01 1.774014e+03 2.689623e-01 4.259000e-05 9.991624e-10 9.048618e-10 2.129439e-14 1.671259e+11 1.491874e+11 3.565312e+06 5.094379e+10 4.547583e+10 1.086788e+06 
500 1215900 5.500000e-01 1.870714e+03 3.948951e-01 3.596000e-05 3.310704e-09 2.933083e-09 5.963451e-14 5.071464e+11 4.409894e+11 9.163055e+06 1.545923e+11 1.344262e+11 2.793154e+06 
500 1215900 6.000000e-01 1.964772e+03 5.359610e-01 3.123000e-05 8.609291e-09 7.861649e-09 1.369153e-13 1.221590e+12 1.096107e+12 1.945260e+07 3.723804e+11 3.341296e+11 5.929781e+06 
500 1215900 6.500000e-01 2.046629e+03 6.769321e-01 2.934000e-05 1.790270e-08 1.638218e-08 2.615579e-13 2.371612e+12 2.093888e+12 3.469763e+07 7.229531e+11 6.382944e+11 1.057709e+07 
500 1215900 7.000000e-01 2.129416e+03 8.293594e-01 2.839000e-05 3.473831e-08 3.031196e-08 4.730632e-13 4.311007e+12 3.908894e+12 5.833826e+07 1.314165e+12 1.191588e+12 1.778380e+07 
500 1215900 7.500000e-01 2.203845e+03 9.779641e-01 2.508000e-05 6.031002e-08 5.575692e-08 7.700005e-13 7.069487e+12 6.417304e+12 9.069267e+07 2.155081e+12 1.956271e+12 2.764696e+07 
500 1215900 8.000000e-01 2.279986e+03 1.145412e+00 2.366000e-05 1.027459e-07 9.570859e-08 1.244952e-12 1.135351e+13 1.039212e+13 1.383756e+08 3.461067e+12 3.167996e+12 4.218316e+07 
500 1215900 8.500000e-01 2.350249e+03 1.307610e+00 2.413000e-05 1.650344e-07 1.464934e-07 1.936310e-12 1.728427e+13 1.630868e+13 2.017203e+08 5.269078e+12 4.971678e+12 6.149401e+07 
500 1215900 9.000000e-01 2.414332e+03 1.471576e+00 2.224000e-05 2.533006e-07 2.330552e-07 2.870798e-12 2.520324e+13 2.272307e+13 2.870657e+08 7.683226e+12 6.927155e+12 8.751211e+07 
500 1215900 1.000000e+00 2.522061e+03 1.808578e+00 2.035000e-05 5.730553e-07 5.459230e-07 6.203493e-12 5.132012e+13 4.813399e+13 5.599591e+08 1.564522e+13 1.467393e+13 1.707065e+08 
500 1215900 1.100000e+00 2.551424e+03 2.082125e+00 2.035000e-05 1.045598e-06 1.014067e-06 1.131393e-11 8.619155e+13 8.130399e+13 9.380976e+08 2.627630e+13 2.478630e+13 2.859875e+08 
500 1215900 1.150000e+00 2.539931e+03 2.200731e+00 1.988000e-05 1.360586e-06 1.329387e-06 1.478048e-11 1.077880e+14 1.042867e+14 1.183469e+09 3.286037e+13 3.179298e+13 3.607932e+08 
500 1215900 1.200000e+00 2.519655e+03 2.303325e+00 2.318000e-05 1.717578e-06 1.457146e-06 1.951928e-11 1.313027e+14 1.201774e+14 1.483187e+09 4.002927e+13 3.663763e+13 4.521679e+08 
500 1215900 1.250000e+00 2.495945e+03 2.385482e+00 2.318000e-05 2.109044e-06 1.893117e-06 2.456207e-11 1.559557e+14 1.337125e+14 1.819326e+09 4.754531e+13 4.076421e+13 5.546469e+08 
500 1215900 1.300000e+00 2.471386e+03 2.447098e+00 2.461000e-05 2.518896e-06 2.132428e-06 3.052154e-11 1.804889e+14 1.488979e+14 2.191695e+09 5.502486e+13 4.539392e+13 6.681722e+08 
500 1215900 1.350000e+00 2.448595e+03 2.482812e+00 2.603000e-05 2.904439e-06 2.327012e-06 3.676272e-11 2.026178e+14 1.748213e+14 2.540575e+09 6.177146e+13 5.329730e+13 7.745368e+08 
500 1215900 1.400000e+00 2.426320e+03 2.498515e+00 2.603000e-05 3.255443e-06 2.818700e-06 4.283313e-11 2.217065e+14 1.823793e+14 2.909400e+09 6.759124e+13 5.560171e+13 8.869831e+08 
500 1215900 1.450000e+00 2.401586e+03 2.486438e+00 2.934000e-05 3.573639e-06 2.719805e-06 5.028326e-11 2.370748e+14 1.739791e+14 3.325665e+09 7.227685e+13 5.304095e+13 1.013893e+09 
500 1215900 1.500000e+00 2.377734e+03 2.453082e+00 3.265000e-05 3.794445e-06 2.550361e-06 5.717866e-11 2.462671e+14 1.962379e+14 3.629017e+09 7.507957e+13 5.982720e+13 1.106380e+09 
500 1215900 1.550000e+00 2.353054e+03 2.393086e+00 3.597000e-05 3.907557e-06 2.386684e-06 6.344390e-11 2.479043e+14 1.790919e+14 3.942756e+09 7.557901e+13 5.460009e+13 1.202034e+09 
500 1215900 1.600000e+00 2.330491e+03 2.317866e+00 3.975000e-05 3.883926e-06 2.273440e-06 6.838545e-11 2.421358e+14 1.650359e+14 4.167037e+09 7.382058e+13 5.031498e+13 1.270415e+09 
500 1215900 1.650000e+00 2.308517e+03 2.222322e+00 4.306000e-05 3.727124e-06 2.097673e-06 7.134553e-11 2.282008e+14 1.469794e+14 4.266171e+09 6.957242e+13 4.481020e+13 1.300643e+09 
500 1215900 1.700000e+00 2.288245e+03 2.118286e+00 4.259000e-05 3.455090e-06 2.262406e-06 7.079401e-11 2.082125e+14 1.293441e+14 4.222518e+09 6.347869e+13 3.943376e+13 1.287338e+09 
500 1215900 1.750000e+00 2.266851e+03 1.984698e+00 4.969000e-05 3.039137e-06 1.709086e-06 6.897366e-11 1.806907e+14 9.559187e+13 4.047823e+09 5.508814e+13 2.914363e+13 1.234081e+09 
500 1215900 1.800000e+00 2.245199e+03 1.845319e+00 5.678000e-05 2.529765e-06 1.253672e-06 6.310287e-11 1.488497e+14 7.030094e+13 3.662772e+09 4.538074e+13 2.143310e+13 1.116692e+09 



700 101325 5.000000e-01 1.950725e+03 3.446978e+00 2.859400e-04 2.604714e-08 2.427223e-08 3.564261e-12 5.903723e+12 5.898942e+12 8.015140e+08 1.791737e+12 1.790319e+12 2.432452e+08 
700 101325 5.500000e-01 2.044068e+03 4.022891e+00 2.531200e-04 4.618922e-08 4.551396e-08 5.865830e-12 9.746057e+12 9.480902e+12 1.255359e+09 2.958502e+12 2.878157e+12 3.810647e+08 
700 101325 6.000000e-01 2.129640e+03 4.529506e+00 2.531200e-04 7.555909e-08 7.120399e-08 9.138002e-12 1.496502e+13 1.496502e+13 1.784651e+09 4.543672e+12 4.543672e+12 5.418332e+08 
700 101325 6.500000e-01 2.207212e+03 4.992695e+00 2.156200e-04 1.168512e-07 1.163427e-07 1.320615e-11 2.173947e+13 2.162785e+13 2.507971e+09 6.601654e+12 6.567808e+12 7.615673e+08 
700 101325 7.000000e-01 2.276642e+03 5.425797e+00 2.156200e-04 1.725204e-07 1.685649e-07 1.886251e-11 3.032770e+13 2.964859e+13 3.381656e+09 9.211016e+12 9.004953e+12 1.027025e+09 
700 101325 7.500000e-01 2.338277e+03 5.833966e+00 2.156200e-04 2.455769e-07 2.340574e-07 2.611862e-11 4.100177e+13 4.081905e+13 4.384569e+09 1.245452e+13 1.239910e+13 1.331792e+09 
700 101325 8.000000e-01 2.390303e+03 6.210457e+00 2.156200e-04 3.392109e-07 3.162141e-07 3.521916e-11 5.387391e+13 5.334223e+13 5.633475e+09 1.636634e+13 1.620515e+13 1.711352e+09 
700 101325 8.500000e-01 2.435536e+03 6.556773e+00 1.968700e-04 4.564492e-07 4.501234e-07 4.587918e-11 6.928648e+13 6.770553e+13 7.077369e+09 2.105088e+13 2.057106e+13 2.150222e+09 
700 101325 9.000000e-01 2.473034e+03 6.861376e+00 1.921900e-04 6.017512e-07 5.856135e-07 5.925012e-11 8.729837e+13 8.548044e+13 8.765403e+09 2.652594e+13 2.597417e+13 2.663343e+09 
700 101325 9.500000e-01 2.503353e+03 7.175509e+00 1.921900e-04 7.803735e-07 7.636329e-07 7.574766e-11 1.083185e+14 1.054047e+14 1.071751e+10 3.291626e+13 3.203129e+13 3.256789e+09 
700 101325 1.000000e+00 2.526505e+03 7.439123e+00 1.875000e-04 9.920423e-07 9.742901e-07 9.494456e-11 1.325870e+14 1.292730e+14 1.291426e+10 4.029422e+13 3.928785e+13 3.924661e+09 
700 101325 1.050000e+00 2.543125e+03 7.688128e+00 1.828100e-04 1.245401e-06 1.225930e-06 1.177131e-10 1.600255e+14 1.567589e+14 1.542090e+10 4.863690e+13 4.764472e+13 4.686804e+09 
700 101325 1.100000e+00 2.552795e+03 7.883889e+00 1.968800e-04 1.540587e-06 1.445572e-06 1.462251e-10 1.907933e+14 1.890789e+14 1.819942e+10 5.799245e+13 5.747185e+13 5.531672e+09 
700 101325 1.150000e+00 2.557261e+03 8.114217e+00 1.921900e-04 1.884172e-06 1.808153e-06 1.778369e-10 2.254081e+14 2.238240e+14 2.127509e+10 6.851829e+13 6.803735e+13 6.466957e+09 
700 101325 1.200000e+00 2.556228e+03 8.295310e+00 1.828100e-04 2.271348e-06 2.199273e-06 2.128859e-10 2.630786e+14 2.531278e+14 2.510283e+10 7.997403e+13 7.695047e+13 7.630959e+09 
700 101325 1.250000e+00 2.549768e+03 8.448118e+00 1.968800e-04 2.724507e-06 2.523585e-06 2.580060e-10 3.048428e+14 3.009588e+14 2.904100e+10 9.267598e+13 9.149583e+13 8.828640e+09 
700 101325 1.300000e+00 2.540984e+03 8.590926e+00 1.875000e-04 3.222089e-06 3.035111e-06 3.040974e-10 3.500020e+14 3.277918e+14 3.362889e+10 1.064105e+14 9.965975e+13 1.022396e+10 
700 101325 1.350000e+00 2.527345e+03 8.690983e+00 1.828100e-04 3.780434e-06 3.673615e-06 3.575341e-10 3.983702e+14 3.855832e+14 3.841005e+10 1.211218e+14 1.172358e+14 1.167816e+10 
700 101325 1.400000e+00 2.512400e+03 8.798052e+00 1.968800e-04 4.409767e-06 4.109291e-06 4.244156e-10 4.511285e+14 4.406290e+14 4.348827e+10 1.371700e+14 1.339787e+14 1.322281e+10 
700 101325 1.450000e+00 2.495937e+03 8.871246e+00 1.921900e-04 5.088831e-06 4.887988e-06 4.928607e-10 5.065353e+14 4.762946e+14 4.983289e+10 1.540240e+14 1.448307e+14 1.515265e+10 
700 101325 1.500000e+00 2.478458e+03 8.896594e+00 2.015600e-04 5.831379e-06 5.204856e-06 5.755759e-10 5.650854e+14 5.459425e+14 5.601433e+10 1.718350e+14 1.660158e+14 1.703300e+10 
700 101325 1.550000e+00 2.460601e+03 8.934489e+00 1.968800e-04 6.626563e-06 6.139506e-06 6.604087e-10 6.246169e+14 5.766589e+14 6.342564e+10 1.899456e+14 1.753645e+14 1.928749e+10 
700 101325 1.600000e+00 2.443875e+03 8.970276e+00 1.921900e-04 7.492337e-06 7.129051e-06 7.545228e-10 6.885079e+14 6.531399e+14 7.072484e+10 2.093841e+14 1.986301e+14 2.150802e+10 
700 101325 1.650000e+00 2.425121e+03 8.966242e+00 2.109400e-04 8.385445e-06 7.723143e-06 8.718982e-10 7.520544e+14 6.747373e+14 7.936646e+10 2.287182e+14 2.052068e+14 2.413698e+10 
700 101325 1.700000e+00 2.405756e+03 8.930327e+00 2.062500e-04 9.314484e-06 8.818835e-06 9.816011e-10 8.157970e+14 7.538899e+14 8.733191e+10 2.481130e+14 2.292873e+14 2.656043e+10 
700 101325 1.750000e+00 2.386447e+03 8.862866e+00 2.203100e-04 1.026804e-05 9.178960e-06 1.116411e-09 8.788540e+14 7.819415e+14 9.712337e+10 2.673004e+14 2.378277e+14 2.953939e+10 
700 101325 1.800000e+00 2.369047e+03 8.791796e+00 2.156300e-04 1.123999e-05 1.036663e-05 1.245924e-09 9.408097e+14 8.635841e+14 1.060683e+11 2.861537e+14 2.626678e+14 3.226105e+10 



700 303975 5.000000e-01 1.936909e+03 2.144244e+00 1.009700e-04 1.408445e-08 1.297006e-08 7.119119e-13 2.762302e+12 2.525137e+12 1.408208e+08 8.410159e+11 7.688253e+11 4.287424e+07 
700 303975 5.500000e-01 2.034729e+03 2.643017e+00 9.546000e-05 2.909665e-08 2.685639e-08 1.350720e-12 5.289385e+12 5.107048e+12 2.451490e+08 1.610532e+12 1.555036e+12 7.464322e+07 
700 303975 6.000000e-01 2.128214e+03 3.156786e+00 8.812000e-05 5.488194e-08 5.113893e-08 2.374478e-12 9.302805e+12 9.067723e+12 4.010584e+08 2.832742e+12 2.761186e+12 1.221226e+08 
700 303975 6.500000e-01 2.211988e+03 3.638028e+00 8.077000e-05 9.361277e-08 8.928633e-08 3.806092e-12 1.486710e+13 1.392635e+13 6.111819e+08 4.527342e+12 4.240921e+12 1.861156e+08 
700 303975 7.000000e-01 2.288825e+03 4.100299e+00 8.077000e-05 1.498800e-07 1.369581e-07 5.861431e-12 2.244260e+13 2.190321e+13 8.775296e+08 6.834566e+12 6.670355e+12 2.672361e+08 
700 303975 7.500000e-01 2.357457e+03 4.541292e+00 7.343000e-05 2.285210e-07 2.196405e-07 8.531805e-12 3.232547e+13 3.091153e+13 1.225146e+09 9.844658e+12 9.414157e+12 3.731128e+08 
700 303975 8.000000e-01 2.418341e+03 4.954615e+00 7.343000e-05 3.340330e-07 3.144340e-07 1.214127e-11 4.486725e+13 4.443977e+13 1.628722e+09 1.366479e+13 1.353466e+13 4.960397e+08 
700 303975 8.500000e-01 2.471317e+03 5.343601e+00 7.343000e-05 4.722419e-07 4.373488e-07 1.678532e-11 6.029833e+13 5.946327e+13 2.146994e+09 1.836517e+13 1.811090e+13 6.539070e+08 
700 303975 9.000000e-01 2.515533e+03 5.714318e+00 6.609000e-05 6.479630e-07 6.406969e-07 2.230386e-11 7.894595e+13 7.647448e+13 2.759536e+09 2.404549e+13 2.329285e+13 8.404962e+08 
700 303975 9.500000e-01 2.551486e+03 6.050145e+00 6.426000e-05 8.675117e-07 8.467132e-07 2.939113e-11 1.012189e+14 9.819234e+13 3.491283e+09 3.083033e+13 2.990861e+13 1.063403e+09 
700 303975 1.000000e+00 2.578729e+03 6.356316e+00 6.426000e-05 1.136771e-06 1.116233e-06 3.815689e-11 1.273826e+14 1.226044e+14 4.333973e+09 3.880057e+13 3.734536e+13 1.320113e+09 
700 303975 1.050000e+00 2.597246e+03 6.636060e+00 6.242000e-05 1.462749e-06 1.438159e-06 4.868507e-11 1.574743e+14 1.539664e+14 5.335045e+09 4.796761e+13 4.689937e+13 1.625077e+09 
700 303975 1.100000e+00 2.607449e+03 6.878408e+00 6.884000e-05 1.854633e-06 1.698054e-06 6.239433e-11 1.922797e+14 1.877954e+14 6.457218e+09 5.857099e+13 5.720524e+13 1.966943e+09 
700 303975 1.150000e+00 2.608963e+03 7.100484e+00 6.793000e-05 2.309049e-06 2.162248e-06 7.751453e-11 2.307572e+14 2.271929e+14 7.712070e+09 7.029326e+13 6.920777e+13 2.349237e+09 
700 303975 1.200000e+00 2.603049e+03 7.289381e+00 6.609000e-05 2.831106e-06 2.695063e-06 9.522597e-11 2.736338e+14 2.585978e+14 9.334229e+09 8.335610e+13 7.877613e+13 2.843436e+09 
700 303975 1.250000e+00 2.591467e+03 7.444266e+00 6.517000e-05 3.426209e-06 3.336820e-06 1.157641e-10 3.201243e+14 3.073157e+14 1.097047e+10 9.752015e+13 9.361872e+13 3.341942e+09 
700 303975 1.300000e+00 2.577891e+03 7.587699e+00 7.068000e-05 4.088795e-06 3.712169e-06 1.408949e-10 3.703670e+14 3.608606e+14 1.272740e+10 1.128277e+14 1.099321e+14 3.877226e+09 
700 303975 1.350000e+00 2.560149e+03 7.697078e+00 6.884000e-05 4.833640e-06 4.489604e-06 1.681187e-10 4.244491e+14 3.916941e+14 1.496306e+10 1.293054e+14 1.193274e+14 4.558370e+09 
700 303975 1.400000e+00 2.541766e+03 7.789320e+00 6.792000e-05 5.645290e-06 5.396901e-06 1.985030e-10 4.812595e+14 4.533055e+14 1.714914e+10 1.466148e+14 1.380992e+14 5.224428e+09 
700 303975 1.450000e+00 2.523532e+03 7.838939e+00 7.435000e-05 6.520118e-06 5.879224e-06 2.366184e-10 5.400786e+14 5.230381e+14 1.952758e+10 1.645365e+14 1.593455e+14 5.949103e+09 
700 303975 1.500000e+00 2.502533e+03 7.867665e+00 7.252000e-05 7.432361e-06 6.860667e-06 2.733855e-10 5.990226e+14 5.427867e+14 2.230498e+10 1.824966e+14 1.653646e+14 6.795347e+09 
700 303975 1.550000e+00 2.481889e+03 7.857886e+00 7.894000e-05 8.392726e-06 7.255346e-06 3.199699e-10 6.587487e+14 6.186280e+14 2.505723e+10 2.006955e+14 1.884728e+14 7.633946e+09 
700 303975 1.600000e+00 2.461976e+03 7.817691e+00 7.802000e-05 9.368788e-06 8.479322e-06 3.658080e-10 7.169856e+14 6.368343e+14 2.829512e+10 2.184410e+14 1.940223e+14 8.620522e+09 
700 303975 1.650000e+00 2.441102e+03 7.752587e+00 8.445000e-05 1.034988e-05 8.825105e-06 4.201801e-10 7.727966e+14 7.146997e+14 3.129392e+10 2.354476e+14 2.177479e+14 9.534273e+09 
700 303975 1.700000e+00 2.421512e+03 7.672702e+00 8.261000e-05 1.132227e-05 1.003987e-05 4.737738e-10 8.253729e+14 7.261676e+14 3.492312e+10 2.514692e+14 2.212447e+14 1.064011e+10 
700 303975 1.750000e+00 2.401843e+03 7.576286e+00 8.812000e-05 1.222565e-05 1.013256e-05 5.343710e-10 8.713856e+14 7.250368e+14 3.849043e+10 2.654912e+14 2.209028e+14 1.172711e+10 
700 303975 1.800000e+00 2.382282e+03 7.449769e+00 9.546000e-05 1.304409e-05 1.043397e-05 5.996537e-10 9.098856e+14 8.005415e+14 4.170523e+10 2.772243e+14 2.439100e+14 1.270673e+10 



700 607950 5.000000e-01 1.929415e+03 1.440430e+00 5.357000e-05 8.738025e-09 8.237150e-09 2.451635e-13 1.542938e+12 1.420111e+12 4.350782e+07 4.701381e+11 4.327159e+11 1.325693e+07 
700 607950 5.500000e-01 2.026408e+03 1.839404e+00 4.869000e-05 1.941371e-08 1.877482e-08 4.955373e-13 3.172977e+12 2.996782e+12 8.159829e+07 9.668486e+11 9.131665e+11 2.486403e+07 
700 607950 6.000000e-01 2.118001e+03 2.239865e+00 4.950000e-05 3.845834e-08 3.455863e-08 9.169201e-13 5.858483e+12 5.472509e+12 1.393910e+08 1.785213e+12 1.667610e+12 4.247547e+07 
700 607950 6.500000e-01 2.205617e+03 2.661704e+00 4.626000e-05 7.016219e-08 6.232204e-08 1.565709e-12 9.994804e+12 9.308478e+12 2.227809e+08 3.045726e+12 2.836601e+12 6.788800e+07 
700 607950 7.000000e-01 2.286368e+03 3.081656e+00 4.301000e-05 1.192479e-07 1.076091e-07 2.516148e-12 1.597336e+13 1.534301e+13 3.373619e+08 4.867695e+12 4.675627e+12 1.028067e+08 
700 607950 7.500000e-01 2.360370e+03 3.491135e+00 3.977000e-05 1.911206e-07 1.780487e-07 3.848061e-12 2.415795e+13 2.239210e+13 4.920406e+08 7.362014e+12 6.823918e+12 1.499463e+08 
700 607950 8.000000e-01 2.425750e+03 3.890523e+00 3.733000e-05 2.922142e-07 2.861136e-07 5.643819e-12 3.493932e+13 3.373432e+13 6.840250e+08 1.064778e+13 1.028060e+13 2.084565e+08 
700 607950 8.500000e-01 2.484808e+03 4.279254e+00 3.652000e-05 4.296286e-07 4.090161e-07 8.101913e-12 4.889825e+13 4.643998e+13 9.345458e+08 1.490205e+13 1.415294e+13 2.848077e+08 
700 607950 9.000000e-01 2.534652e+03 4.634969e+00 3.652000e-05 6.088272e-07 5.730384e-07 1.127771e-11 6.601100e+13 6.078989e+13 1.236589e+09 2.011760e+13 1.852648e+13 3.768632e+08 
700 607950 9.500000e-01 2.575336e+03 4.969230e+00 3.652000e-05 8.381221e-07 7.859428e-07 1.533990e-11 8.683478e+13 8.513012e+13 1.586813e+09 2.646427e+13 2.594479e+13 4.836046e+08 
700 607950 1.000000e+00 2.606276e+03 5.277768e+00 3.652000e-05 1.123898e-06 1.060493e-06 2.041648e-11 1.116804e+14 1.098460e+14 2.023109e+09 3.403682e+13 3.347781e+13 6.165806e+08 
700 607950 1.050000e+00 2.626515e+03 5.556606e+00 3.571000e-05 1.476352e-06 1.386836e-06 2.657671e-11 1.405420e+14 1.295528e+14 2.562074e+09 4.283347e+13 3.948441e+13 7.808503e+08 
700 607950 1.100000e+00 2.636127e+03 5.814395e+00 3.490000e-05 1.895037e-06 1.785979e-06 3.405366e-11 1.738826e+14 1.607396e+14 3.159613e+09 5.299546e+13 4.898993e+13 9.629755e+08 
700 607950 1.150000e+00 2.635636e+03 6.035359e+00 3.490000e-05 2.392250e-06 2.310469e-06 4.307301e-11 2.112450e+14 2.012805e+14 3.853850e+09 6.438338e+13 6.134654e+13 1.174575e+09 
700 607950 1.200000e+00 2.626773e+03 6.228368e+00 3.409000e-05 2.965072e-06 2.897257e-06 5.349092e-11 2.525925e+14 2.442470e+14 4.625146e+09 7.698611e+13 7.444264e+13 1.409666e+09 
700 607950 1.250000e+00 2.613070e+03 6.392574e+00 3.327000e-05 3.606508e-06 3.553278e-06 6.539602e-11 2.971442e+14 2.905682e+14 5.476928e+09 9.056562e+13 8.856143e+13 1.669290e+09 
700 607950 1.300000e+00 2.594252e+03 6.523072e+00 3.895000e-05 4.320610e-06 3.760057e-06 8.165628e-11 3.447699e+14 3.229344e+14 6.517467e+09 1.050822e+14 9.842717e+13 1.986450e+09 
700 607950 1.350000e+00 2.574861e+03 6.620011e+00 3.814000e-05 5.098163e-06 4.577523e-06 9.796688e-11 3.946671e+14 3.472578e+14 7.659434e+09 1.202914e+14 1.058417e+14 2.334530e+09 
700 607950 1.400000e+00 2.554688e+03 6.685614e+00 3.814000e-05 5.925376e-06 5.576245e-06 1.162984e-10 4.456810e+14 4.128564e+14 8.837368e+09 1.358411e+14 1.258366e+14 2.693576e+09 
700 607950 1.450000e+00 2.533276e+03 6.716733e+00 3.733000e-05 6.780216e-06 6.527445e-06 1.354986e-10 4.961950e+14 4.712180e+14 1.002794e+10 1.512387e+14 1.436260e+14 3.056480e+09 
700 607950 1.500000e+00 2.511463e+03 6.718238e+00 4.301000e-05 7.640254e-06 6.467965e-06 1.612804e-10 5.448198e+14 4.943448e+14 1.144622e+10 1.660606e+14 1.506761e+14 3.488794e+09 
700 607950 1.550000e+00 2.491040e+03 6.686670e+00 4.220000e-05 8.492644e-06 7.523082e-06 1.849532e-10 5.904393e+14 5.106463e+14 1.293089e+10 1.799666e+14 1.556459e+14 3.941345e+09 
700 607950 1.600000e+00 2.470481e+03 6.626273e+00 4.870000e-05 9.309230e-06 7.307505e-06 2.145846e-10 6.309596e+14 5.790094e+14 1.429675e+10 1.923186e+14 1.764842e+14 4.357689e+09 
700 607950 1.650000e+00 2.450220e+03 6.537006e+00 4.788000e-05 1.004860e-05 8.358621e-06 2.406107e-10 6.651839e+14 5.381544e+14 1.598549e+10 2.027516e+14 1.640326e+14 4.872455e+09 
700 607950 1.700000e+00 2.428837e+03 6.416214e+00 5.437000e-05 1.065584e-05 7.966872e-06 2.706741e-10 6.907689e+14 6.017853e+14 1.724032e+10 2.105513e+14 1.834287e+14 5.254965e+09 
700 607950 1.750000e+00 2.409199e+03 6.272431e+00 5.356000e-05 1.115801e-05 8.960654e-06 2.963934e-10 7.070989e+14 5.507944e+14 1.880946e+10 2.155300e+14 1.678873e+14 5.733284e+09 
700 607950 1.800000e+00 2.389307e+03 6.101568e+00 5.924000e-05 1.146379e-05 8.278628e-06 3.253910e-10 7.125189e+14 4.942455e+14 2.017703e+10 2.171833e+14 1.506515e+14 6.150165e+09 



700 911925 5.000000e-01 1.931196e+03 1.115693e+00 3.968000e-05 6.672910e-09 6.148630e-09 1.348925e-13 1.105713e+12 1.003693e+12 2.243814e+07 3.370027e+11 3.059105e+11 6.838758e+06 
700 911925 5.500000e-01 2.024788e+03 1.435018e+00 3.815000e-05 1.522259e-08 1.351967e-08 2.801696e-13 2.337096e+12 2.177823e+12 4.261743e+07 7.123233e+11 6.637812e+11 1.298934e+07 
700 911925 6.000000e-01 2.117335e+03 1.789178e+00 3.205000e-05 3.146644e-08 2.962204e-08 5.246753e-13 4.483646e+12 4.169726e+12 7.540223e+07 1.366598e+12 1.270921e+12 2.298225e+07 
700 911925 6.500000e-01 2.205031e+03 2.157528e+00 3.281000e-05 5.924346e-08 5.200705e-08 9.356889e-13 7.897963e+12 7.522916e+12 1.240239e+08 2.407309e+12 2.293002e+12 3.780255e+07 
700 911925 7.000000e-01 2.286069e+03 2.519625e+00 2.976000e-05 1.029371e-07 9.323794e-08 1.528149e-12 1.287427e+13 1.254424e+13 1.899764e+08 3.924155e+12 3.823570e+12 5.790583e+07 
700 911925 7.500000e-01 2.361044e+03 2.891417e+00 2.747000e-05 1.679754e-07 1.626654e-07 2.373605e-12 1.982339e+13 1.863411e+13 2.823897e+08 6.042376e+12 5.679885e+12 8.607510e+07 
700 911925 8.000000e-01 2.429450e+03 3.252540e+00 2.747000e-05 2.610633e-07 2.459334e-07 3.587903e-12 2.919505e+13 2.643870e+13 4.035096e+08 8.899061e+12 8.058920e+12 1.229952e+08 
700 911925 8.500000e-01 2.490996e+03 3.604744e+00 2.747000e-05 3.911659e-07 3.575665e-07 5.234512e-12 4.145769e+13 4.023335e+13 5.500833e+08 1.263704e+13 1.226386e+13 1.676748e+08 
700 911925 9.000000e-01 2.544048e+03 3.939571e+00 2.441000e-05 5.624165e-07 5.531229e-07 7.263215e-12 5.673019e+13 5.509084e+13 7.427991e+08 1.729256e+13 1.679287e+13 2.264203e+08 
700 911925 9.500000e-01 2.587447e+03 4.258560e+00 2.403000e-05 7.841490e-07 7.614755e-07 9.996454e-12 7.554388e+13 7.233090e+13 9.760041e+08 2.302757e+13 2.204823e+13 2.975088e+08 
700 911925 1.000000e+00 2.621584e+03 4.557281e+00 2.403000e-05 1.065527e-06 1.035888e-06 1.347423e-11 9.830257e+13 9.427871e+13 1.259294e+09 2.996526e+13 2.873871e+13 3.838657e+08 
700 911925 1.050000e+00 2.643634e+03 4.831088e+00 2.365000e-05 1.414518e-06 1.372575e-06 1.777666e-11 1.253010e+14 1.200227e+14 1.594433e+09 3.819540e+13 3.658648e+13 4.860289e+08 
700 911925 1.100000e+00 2.653051e+03 5.079306e+00 2.633000e-05 1.830462e-06 1.607569e-06 2.339270e-11 1.559618e+14 1.504968e+14 1.978870e+09 4.754207e+13 4.587623e+13 6.032212e+08 
700 911925 1.150000e+00 2.651412e+03 5.301558e+00 2.595000e-05 2.320625e-06 2.083780e-06 2.979448e-11 1.904918e+14 1.857886e+14 2.422706e+09 5.806836e+13 5.663470e+13 7.385214e+08 
700 911925 1.200000e+00 2.641169e+03 5.489929e+00 2.557000e-05 2.888110e-06 2.658607e-06 3.740474e-11 2.288812e+14 2.062840e+14 2.989009e+09 6.977123e+13 6.288288e+13 9.111561e+08 
700 911925 1.250000e+00 2.626035e+03 5.645895e+00 2.519000e-05 3.499326e-06 3.299873e-06 4.578903e-11 2.686222e+14 2.489346e+14 3.545676e+09 8.188618e+13 7.588478e+13 1.080855e+09 
700 911925 1.300000e+00 2.606544e+03 5.769792e+00 2.785000e-05 4.195825e-06 3.636570e-06 5.675912e-11 3.117187e+14 2.970547e+14 4.177608e+09 9.502422e+13 9.055414e+13 1.273499e+09 
700 911925 1.350000e+00 2.586976e+03 5.865953e+00 2.747000e-05 4.921302e-06 4.437689e-06 6.795878e-11 3.551617e+14 3.128149e+14 4.932088e+09 1.082680e+14 9.535908e+13 1.503503e+09 
700 911925 1.400000e+00 2.565450e+03 5.922580e+00 3.014000e-05 5.678608e-06 4.696052e-06 8.174187e-11 3.989000e+14 3.650826e+14 5.672576e+09 1.216019e+14 1.112930e+14 1.729243e+09 
700 911925 1.450000e+00 2.543438e+03 5.947825e+00 2.976000e-05 6.453593e-06 5.609761e-06 9.543686e-11 4.404926e+14 3.727826e+14 6.533498e+09 1.342818e+14 1.136409e+14 1.991700e+09 
700 911925 1.500000e+00 2.521685e+03 5.935038e+00 3.243000e-05 7.203470e-06 5.789596e-06 1.115740e-10 4.790857e+14 4.264404e+14 7.332237e+09 1.460474e+14 1.299989e+14 2.235202e+09 
700 911925 1.550000e+00 2.500299e+03 5.890113e+00 3.510000e-05 7.896157e-06 5.865013e-06 1.285609e-10 5.123487e+14 4.250960e+14 8.245886e+09 1.561882e+14 1.295896e+14 2.513736e+09 
700 911925 1.600000e+00 2.479073e+03 5.817102e+00 3.471000e-05 8.504455e-06 6.837798e-06 1.443551e-10 5.389503e+14 4.189319e+14 9.143411e+09 1.642984e+14 1.277111e+14 2.787357e+09 
700 911925 1.650000e+00 2.458555e+03 5.708902e+00 3.739000e-05 8.996855e-06 6.864516e-06 1.619815e-10 5.577574e+14 4.096849e+14 1.001587e+10 1.700324e+14 1.248927e+14 3.053339e+09 
700 911925 1.700000e+00 2.438402e+03 5.575467e+00 4.311000e-05 9.321056e-06 5.948438e-06 1.808497e-10 5.662015e+14 4.531311e+14 1.069326e+10 1.726073e+14 1.381378e+14 3.259853e+09 
700 911925 1.750000e+00 2.417221e+03 5.406415e+00 4.273000e-05 9.460685e-06 6.798130e-06 1.943377e-10 5.622516e+14 3.800725e+14 1.148121e+10 1.714038e+14 1.158662e+14 3.500075e+09 
700 911925 1.800000e+00 2.397037e+03 5.225449e+00 4.846000e-05 9.390014e-06 5.872174e-06 2.088130e-10 5.480372e+14 3.245579e+14 1.208409e+10 1.670712e+14 9.894283e+13 3.683877e+09 



700 1215900 5.000000e-01 1.932393e+03 9.076356e-01 3.301000e-05 5.279198e-09 4.675181e-09 8.555909e-14 8.381738e+11 7.198314e+11 1.359481e+07 2.554946e+11 2.194220e+11 4.144007e+06 
700 1215900 5.500000e-01 2.031870e+03 1.212521e+00 2.788000e-05 1.330331e-08 1.217274e-08 1.906802e-13 1.941657e+12 1.772963e+12 2.799938e+07 5.918722e+11 5.404509e+11 8.534991e+06 
700 1215900 6.000000e-01 2.112430e+03 1.487913e+00 2.605000e-05 2.569652e-08 2.398735e-08 3.418973e-13 3.513566e+12 3.233357e+12 4.701709e+07 1.071048e+12 9.856338e+11 1.433230e+07 
700 1215900 6.500000e-01 2.198820e+03 1.805141e+00 2.347000e-05 4.947063e-08 4.715626e-08 6.081671e-13 6.319537e+12 5.865816e+12 7.815599e+07 1.926423e+12 1.788117e+12 2.382473e+07 
700 1215900 7.000000e-01 2.280352e+03 2.135802e+00 2.384000e-05 8.795982e-08 7.885148e-08 1.033432e-12 1.054153e+13 1.034700e+13 1.222603e+08 3.213476e+12 3.154180e+12 3.726971e+07 
700 1215900 7.500000e-01 2.357810e+03 2.470501e+00 2.128000e-05 1.473000e-07 1.421335e-07 1.630061e-12 1.662737e+13 1.567092e+13 1.853655e+08 5.068732e+12 4.777175e+12 5.650725e+07 
700 1215900 8.000000e-01 2.428849e+03 2.807318e+00 2.128000e-05 2.335973e-07 2.170193e-07 2.507880e-12 2.491353e+13 2.283921e+13 2.697211e+08 7.594778e+12 6.962449e+12 8.222318e+07 
700 1215900 8.500000e-01 2.491079e+03 3.135608e+00 2.128000e-05 3.517320e-07 3.141733e-07 3.686640e-12 3.563847e+13 3.517876e+13 3.681687e+08 1.086433e+13 1.072419e+13 1.122354e+08 
700 1215900 9.000000e-01 2.546865e+03 3.457257e+00 2.128000e-05 5.137324e-07 4.458442e-07 5.278163e-12 4.937736e+13 4.841049e+13 5.028018e+08 1.505273e+13 1.475799e+13 1.532792e+08 
700 1215900 9.500000e-01 2.593627e+03 3.758364e+00 1.834000e-05 7.252917e-07 7.098267e-07 7.163668e-12 6.673639e+13 6.485516e+13 6.676246e+08 2.034478e+13 1.977131e+13 2.035270e+08 
700 1215900 1.000000e+00 2.629745e+03 4.042058e+00 1.834000e-05 9.947120e-07 9.739042e-07 9.753113e-12 8.756077e+13 8.425433e+13 8.676090e+08 2.669333e+13 2.568538e+13 2.644946e+08 
700 1215900 1.050000e+00 2.653808e+03 4.304353e+00 1.797000e-05 1.328791e-06 1.295642e-06 1.296044e-11 1.120973e+14 1.088318e+14 1.108332e+09 3.417362e+13 3.317817e+13 3.378823e+08 
700 1215900 1.100000e+00 2.664036e+03 4.545284e+00 2.091000e-05 1.732948e-06 1.511538e-06 1.739603e-11 1.405904e+14 1.367225e+14 1.388831e+09 4.286020e+13 4.168108e+13 4.233968e+08 
700 1215900 1.150000e+00 2.661746e+03 4.756258e+00 2.054000e-05 2.207587e-06 1.965925e-06 2.229863e-11 1.725380e+14 1.692317e+14 1.708725e+09 5.260001e+13 5.159205e+13 5.209220e+08 
700 1215900 1.200000e+00 2.650499e+03 4.942935e+00 2.018000e-05 2.752521e-06 2.509701e-06 2.815755e-11 2.075876e+14 1.835077e+14 2.133455e+09 6.328556e+13 5.594459e+13 6.504085e+08 
700 1215900 1.250000e+00 2.632895e+03 5.095136e+00 1.981000e-05 3.359929e-06 3.140772e-06 3.479739e-11 2.449432e+14 2.228379e+14 2.551434e+09 7.467420e+13 6.793521e+13 7.778382e+08 
700 1215900 1.300000e+00 2.613252e+03 5.211365e+00 2.237000e-05 4.014310e-06 3.307831e-06 4.332807e-11 2.834119e+14 2.688610e+14 3.013225e+09 8.640230e+13 8.196632e+13 9.186255e+08 
700 1215900 1.350000e+00 2.592002e+03 5.294662e+00 2.237000e-05 4.696597e-06 4.131709e-06 5.213741e-11 3.216824e+14 2.732338e+14 3.579568e+09 9.807005e+13 8.329983e+13 1.091288e+09 
700 1215900 1.400000e+00 2.570265e+03 5.348210e+00 2.495000e-05 5.378036e-06 4.156296e-06 6.245966e-11 3.585313e+14 3.170359e+14 4.093986e+09 1.093045e+14 9.665400e+13 1.248122e+09 
700 1215900 1.450000e+00 2.549618e+03 5.375477e+00 2.458000e-05 6.032066e-06 4.938416e-06 7.223801e-11 3.918028e+14 3.069320e+14 4.688453e+09 1.194483e+14 9.357401e+13 1.429361e+09 
700 1215900 1.500000e+00 2.527670e+03 5.356787e+00 2.714000e-05 6.644261e-06 4.845299e-06 8.394855e-11 4.209532e+14 3.576195e+14 5.236450e+09 1.283358e+14 1.090274e+14 1.596433e+09 
700 1215900 1.550000e+00 2.505971e+03 5.304514e+00 2.678000e-05 7.174972e-06 5.642526e-06 9.460877e-11 4.439450e+14 3.405188e+14 5.845679e+09 1.353458e+14 1.038143e+14 1.782175e+09 
700 1215900 1.600000e+00 2.484310e+03 5.213593e+00 2.972000e-05 7.555886e-06 5.544744e-06 1.061911e-10 4.584108e+14 3.182681e+14 6.395641e+09 1.397565e+14 9.703104e+13 1.949849e+09 
700 1215900 1.650000e+00 2.461745e+03 5.090001e+00 2.935000e-05 7.822749e-06 6.268627e-06 1.157967e-10 4.637467e+14 3.544971e+14 6.830530e+09 1.413837e+14 1.080766e+14 2.082441e+09 
700 1215900 1.700000e+00 2.442616e+03 4.962141e+00 3.484000e-05 7.922373e-06 5.060619e-06 1.268440e-10 4.611753e+14 3.341336e+14 7.239239e+09 1.406001e+14 1.018686e+14 2.207052e+09 
700 1215900 1.750000e+00 2.422173e+03 4.789953e+00 3.448000e-05 7.819785e-06 5.604692e-06 1.329821e-10 4.470770e+14 3.084027e+14 7.543213e+09 1.363023e+14 9.402420e+13 2.299732e+09 
700 1215900 1.800000e+00 2.403728e+03 4.599777e+00 4.035000e-05 7.578279e-06 4.685680e-06 1.409627e-10 4.254122e+14 2.456249e+14 7.824128e+09 1.296976e+14 7.488504e+13 2.385382e+09 



