T(K) p(Pa) phi Tf(K) SL(m/s) Xf(m) maxXCH mpXCH intXCH maxSM mpSM intSM maxCM mpCM intCM
300 101325 5.000000e-01 1.641480e+03 2.308073e-01 4.479200e-04 6.744467e-10 6.271293e-10 1.499291e-13 1.844431e+11 1.686781e+11 4.107448e+07 5.594497e+10 5.116239e+10 1.245836e+07 
300 101325 5.500000e-01 1.730879e+03 2.963781e-01 3.750000e-04 1.525764e-09 1.449304e-09 3.003205e-13 3.907045e+11 3.730066e+11 7.735888e+07 1.185374e+11 1.131668e+11 2.346972e+07 
300 101325 6.000000e-01 1.834406e+03 3.850606e-01 3.541700e-04 3.558371e-09 3.368118e-09 6.281953e-13 8.399060e+11 7.811430e+11 1.488584e+08 2.548974e+11 2.370603e+11 4.517495e+07 
300 101325 6.500000e-01 1.929845e+03 4.711427e-01 3.177100e-04 7.149853e-09 6.800966e-09 1.148344e-12 1.571265e+12 1.473962e+12 2.537787e+08 4.769676e+11 4.474244e+11 7.703424e+07 
300 101325 7.000000e-01 2.017216e+03 5.593677e-01 2.812500e-04 1.301949e-08 1.277047e-08 1.922768e-12 2.677827e+12 2.606137e+12 3.990089e+08 8.130415e+11 7.912679e+11 1.211440e+08 
300 101325 7.500000e-01 2.092155e+03 6.408886e-01 2.864500e-04 2.094870e-08 1.962519e-08 2.959040e-12 4.083115e+12 3.777451e+12 5.806615e+08 1.239918e+12 1.147079e+12 1.763247e+08 
300 101325 8.000000e-01 2.163780e+03 7.275316e-01 2.447900e-04 3.351237e-08 3.312111e-08 4.395670e-12 6.165496e+12 6.066779e+12 8.186295e+08 1.872575e+12 1.842584e+12 2.486273e+08 
300 101325 8.500000e-01 2.225093e+03 8.116658e-01 2.447900e-04 5.056921e-08 4.875776e-08 6.412278e-12 8.832226e+12 8.460403e+12 1.132611e+09 2.682887e+12 2.569919e+12 3.440353e+08 
300 101325 9.000000e-01 2.276121e+03 8.926458e-01 2.447900e-04 7.345701e-08 6.897924e-08 9.035045e-12 1.223283e+13 1.139382e+13 1.519421e+09 3.716331e+12 3.461396e+12 4.615886e+08 
300 101325 9.500000e-01 2.315866e+03 9.689276e-01 2.447900e-04 1.034869e-07 9.537530e-08 1.240377e-11 1.644547e+13 1.608478e+13 1.969202e+09 4.996692e+12 4.887077e+12 5.982978e+08 
300 101325 1.000000e+00 2.346892e+03 1.041069e+00 2.187500e-04 1.416847e-07 1.371440e-07 1.635168e-11 2.156361e+13 2.079326e+13 2.521620e+09 6.552429e+12 6.318303e+12 7.662171e+08 
300 101325 1.050000e+00 2.365112e+03 1.108798e+00 2.187500e-04 1.894474e-07 1.840172e-07 2.146324e-11 2.769892e+13 2.635930e+13 3.169653e+09 8.417528e+12 8.010357e+12 9.632184e+08 
300 101325 1.100000e+00 2.373356e+03 1.170473e+00 2.135400e-04 2.456352e-07 2.375762e-07 2.738241e-11 3.463006e+13 3.337170e+13 3.907938e+09 1.052474e+13 1.014222e+13 1.187673e+09 
300 101325 1.150000e+00 2.374422e+03 1.230088e+00 2.083300e-04 3.167894e-07 3.075667e-07 3.475265e-11 4.301717e+13 4.166676e+13 4.783043e+09 1.307477e+13 1.266424e+13 1.453745e+09 
300 101325 1.200000e+00 2.367353e+03 1.284234e+00 2.239600e-04 4.010957e-07 3.633598e-07 4.411339e-11 5.257420e+13 5.127730e+13 5.778679e+09 1.598072e+13 1.558644e+13 1.756487e+09 
300 101325 1.250000e+00 2.353042e+03 1.332420e+00 2.187500e-04 4.965923e-07 4.580685e-07 5.420486e-11 6.301284e+13 6.212406e+13 6.869249e+09 1.915500e+13 1.888472e+13 2.088115e+09 
300 101325 1.300000e+00 2.331082e+03 1.374965e+00 2.135400e-04 6.178282e-07 5.800982e-07 6.705859e-11 7.584660e+13 6.960946e+13 8.310499e+09 2.305782e+13 2.116143e+13 2.526395e+09 
300 101325 1.350000e+00 2.315996e+03 1.416533e+00 2.109400e-04 7.409132e-07 7.114379e-07 8.009777e-11 8.843048e+13 8.240040e+13 9.646392e+09 2.688482e+13 2.505128e+13 2.932666e+09 
300 101325 1.400000e+00 2.292102e+03 1.450274e+00 2.057300e-04 8.899711e-07 8.650955e-07 9.593847e-11 1.031538e+14 9.942460e+13 1.126495e+10 3.136274e+13 3.022872e+13 3.424927e+09 
300 101325 1.450000e+00 2.267675e+03 1.477334e+00 2.005200e-04 1.058697e-06 1.039531e-06 1.140699e-10 1.192850e+14 1.165265e+14 1.303490e+10 3.626915e+13 3.543020e+13 3.963259e+09 
300 101325 1.500000e+00 2.244448e+03 1.499598e+00 1.953200e-04 1.245626e-06 1.232411e-06 1.342647e-10 1.366015e+14 1.344603e+14 1.495254e+10 4.153629e+13 4.088507e+13 4.546543e+09 
300 101325 1.550000e+00 2.217534e+03 1.514117e+00 2.135400e-04 1.448869e-06 1.388065e-06 1.608982e-10 1.547820e+14 1.470831e+14 1.740632e+10 4.706659e+13 4.472519e+13 5.292897e+09 
300 101325 1.600000e+00 2.195753e+03 1.527997e+00 2.291600e-04 1.668439e-06 1.500882e-06 1.895305e-10 1.739271e+14 1.676738e+14 1.971415e+10 5.289054e+13 5.098865e+13 5.994917e+09 
300 101325 1.650000e+00 2.171255e+03 1.532362e+00 2.239500e-04 1.905747e-06 1.754858e-06 2.189018e-10 1.939035e+14 1.786454e+14 2.256867e+10 5.896772e+13 5.432715e+13 6.863239e+09 
300 101325 1.700000e+00 2.148680e+03 1.530660e+00 2.187500e-04 2.157539e-06 2.031751e-06 2.511405e-10 2.144856e+14 2.020499e+14 2.532524e+10 6.522948e+13 6.144711e+13 7.701834e+09 
300 101325 1.750000e+00 2.127536e+03 1.523471e+00 2.187500e-04 2.410711e-06 2.344576e-06 2.850047e-10 2.344875e+14 2.263758e+14 2.811400e+10 7.131506e+13 6.884770e+13 8.550262e+09 
300 101325 1.800000e+00 2.101780e+03 1.507753e+00 2.552100e-04 2.669395e-06 2.266300e-06 3.317977e-10 2.540691e+14 2.323231e+14 3.155103e+10 7.727328e+13 7.065881e+13 9.595912e+09 



300 303975 5.000000e-01 1.647438e+03 1.406076e-01 1.747300e-04 3.387443e-10 3.030171e-10 2.983779e-14 8.217330e+10 7.181195e+10 7.209338e+06 2.501314e+10 2.185915e+10 2.194478e+06 
300 303975 5.500000e-01 1.744453e+03 1.947247e-01 1.556700e-04 9.733106e-10 8.614232e-10 7.391425e-14 2.175487e+11 2.053604e+11 1.632535e+07 6.622665e+10 6.251613e+10 4.969780e+06 
300 303975 6.000000e-01 1.841110e+03 2.578519e-01 1.397800e-04 2.367085e-09 2.083815e-09 1.599906e-13 4.892707e+11 4.629446e+11 3.265233e+07 1.489577e+11 1.409424e+11 9.940914e+06 
300 303975 6.500000e-01 1.926233e+03 3.152934e-01 1.207200e-04 4.717649e-09 4.460532e-09 2.893894e-13 9.146438e+11 8.478023e+11 5.622421e+07 2.784803e+11 2.581280e+11 1.711842e+07 
300 303975 7.000000e-01 2.015360e+03 3.840731e-01 1.111900e-04 9.107678e-09 8.535713e-09 5.145605e-13 1.651349e+12 1.520335e+12 9.350759e+07 5.028182e+11 4.629237e+11 2.847193e+07 
300 303975 7.500000e-01 2.103753e+03 4.599126e-01 1.016600e-04 1.686062e-08 1.624656e-08 8.828279e-13 2.852981e+12 2.702888e+12 1.501324e+08 8.687602e+11 8.230520e+11 4.571653e+07 
300 303975 8.000000e-01 2.175057e+03 5.268120e-01 1.032500e-04 2.719398e-08 2.453619e-08 1.361645e-12 4.363056e+12 4.279142e+12 2.151239e+08 1.328659e+12 1.303103e+12 6.551030e+07 
300 303975 8.500000e-01 2.242947e+03 5.963020e-01 9.212000e-05 4.290866e-08 4.143611e-08 2.030114e-12 6.517752e+12 6.118830e+12 3.094718e+08 1.984914e+12 1.863418e+12 9.424598e+07 
300 303975 9.000000e-01 2.300499e+03 6.641210e-01 9.212000e-05 6.453029e-08 5.985875e-08 2.958128e-12 9.329348e+12 9.000126e+12 4.254723e+08 2.841279e+12 2.741005e+12 1.295782e+08 
300 303975 9.500000e-01 2.348733e+03 7.309066e-01 7.942000e-05 9.443519e-08 9.373783e-08 4.097492e-12 1.300450e+13 1.281190e+13 5.693899e+08 3.960715e+12 3.902047e+12 1.734155e+08 
300 303975 1.000000e+00 2.383677e+03 7.945007e-01 7.942000e-05 1.320162e-07 1.301222e-07 5.612936e-12 1.738317e+13 1.699638e+13 7.460825e+08 5.294486e+12 5.176669e+12 2.272375e+08 
300 303975 1.050000e+00 2.405695e+03 8.534149e-01 7.784000e-05 1.811644e-07 1.765251e-07 7.554529e-12 2.286555e+13 2.206593e+13 9.625187e+08 6.964512e+12 6.720940e+12 2.931679e+08 
300 303975 1.100000e+00 2.413373e+03 9.099440e-01 8.419000e-05 2.425162e-07 2.255512e-07 1.010969e-11 2.944359e+13 2.830205e+13 1.219234e+09 8.968354e+12 8.620621e+12 3.713703e+08 
300 303975 1.150000e+00 2.408423e+03 9.614527e-01 8.260000e-05 3.184703e-07 2.968385e-07 1.310808e-11 3.716838e+13 3.626398e+13 1.524931e+09 1.132159e+13 1.104608e+13 4.644963e+08 
300 303975 1.200000e+00 2.395397e+03 1.011155e+00 8.101000e-05 4.060892e-07 3.813802e-07 1.658218e-11 4.575144e+13 4.245627e+13 1.884143e+09 1.393636e+13 1.293256e+13 5.739270e+08 
300 303975 1.250000e+00 2.374794e+03 1.052335e+00 7.942000e-05 5.132268e-07 4.883960e-07 2.084850e-11 5.591352e+13 5.263220e+13 2.291180e+09 1.703224e+13 1.603262e+13 6.979305e+08 
300 303975 1.300000e+00 2.353961e+03 1.087517e+00 8.418000e-05 6.300837e-07 5.655440e-07 2.582061e-11 6.662686e+13 6.611782e+13 2.679845e+09 2.029611e+13 2.014102e+13 8.163410e+08 
300 303975 1.350000e+00 2.328010e+03 1.117638e+00 8.259000e-05 7.725808e-07 7.090071e-07 3.173236e-11 7.917376e+13 7.657832e+13 3.242763e+09 2.411869e+13 2.332798e+13 9.878388e+08 
300 303975 1.400000e+00 2.303890e+03 1.145126e+00 8.101000e-05 9.321115e-07 8.716174e-07 3.853044e-11 9.274533e+13 8.574734e+13 3.865267e+09 2.825353e+13 2.612160e+13 1.177494e+09 
300 303975 1.450000e+00 2.279432e+03 1.164152e+00 7.942000e-05 1.104298e-06 1.052439e-06 4.601356e-11 1.068782e+14 1.009275e+14 4.495501e+09 3.255948e+13 3.074656e+13 1.369509e+09 
300 303975 1.500000e+00 2.253615e+03 1.177312e+00 7.783000e-05 1.298816e-06 1.257976e-06 5.460533e-11 1.222257e+14 1.176185e+14 5.198550e+09 3.723560e+13 3.583192e+13 1.583713e+09 
300 303975 1.550000e+00 2.228439e+03 1.183804e+00 8.895000e-05 1.504783e-06 1.305349e-06 6.596593e-11 1.380701e+14 1.350556e+14 5.948810e+09 4.206320e+13 4.114477e+13 1.812306e+09 
300 303975 1.600000e+00 2.202788e+03 1.183105e+00 8.736000e-05 1.716576e-06 1.547143e-06 7.685995e-11 1.537712e+14 1.368447e+14 6.935795e+09 4.684727e+13 4.169037e+13 2.113023e+09 
300 303975 1.650000e+00 2.177876e+03 1.176137e+00 8.736000e-05 1.938059e-06 1.835867e-06 8.895466e-11 1.694156e+14 1.566771e+14 7.828889e+09 5.161421e+13 4.773314e+13 2.385144e+09 
300 303975 1.700000e+00 2.155460e+03 1.162358e+00 9.848000e-05 2.142981e-06 1.832330e-06 1.032484e-10 1.832421e+14 1.546812e+14 8.884121e+09 5.582732e+13 4.712561e+13 2.706666e+09 
300 303975 1.750000e+00 2.132522e+03 1.141578e+00 9.689000e-05 2.337707e-06 2.103391e-06 1.161699e-10 1.957252e+14 1.740427e+14 9.795831e+09 5.963124e+13 5.302511e+13 2.984470e+09 
300 303975 1.800000e+00 2.109966e+03 1.113887e+00 1.080200e-04 2.507012e-06 2.056878e-06 1.315932e-10 2.057521e+14 1.658539e+14 1.085193e+10 6.268691e+13 5.053082e+13 3.306271e+09 



300 607950 5.000000e-01 1.649589e+03 9.048729e-02 1.000000e-04 1.838121e-10 1.679453e-10 9.430771e-15 4.129505e+10 3.745902e+10 2.118022e+06 1.258122e+10 1.141252e+10 6.452898e+05 
300 607950 5.500000e-01 1.742223e+03 1.318472e-01 8.140000e-05 5.913686e-10 5.607592e-10 2.544728e-14 1.222852e+11 1.155680e+11 5.277207e+06 3.725779e+10 3.521120e+10 1.607855e+06 
300 607950 6.000000e-01 1.837304e+03 1.813353e-01 7.325000e-05 1.602190e-09 1.509265e-09 6.041174e-14 3.056672e+11 2.825750e+11 1.153382e+07 9.313433e+10 8.609829e+10 3.514259e+06 
300 607950 6.500000e-01 1.929417e+03 2.317069e-01 6.977000e-05 3.696201e-09 3.310533e-09 1.259143e-13 6.572948e+11 6.131863e+11 2.213982e+07 2.002795e+11 1.868394e+11 6.746055e+06 
300 607950 7.000000e-01 2.017767e+03 2.891113e-01 6.396000e-05 7.491836e-09 6.748045e-09 2.340990e-13 1.241565e+12 1.170548e+12 3.834453e+07 3.783211e+11 3.566808e+11 1.168406e+07 
300 607950 7.500000e-01 2.105775e+03 3.500867e-01 5.581000e-05 1.440576e-08 1.332532e-08 4.132274e-13 2.226289e+12 2.040421e+12 6.397439e+07 6.784008e+11 6.217619e+11 1.949443e+07 
300 607950 8.000000e-01 2.185248e+03 4.112175e-01 5.349000e-05 2.509781e-08 2.353604e-08 6.779936e-13 3.640421e+12 3.313560e+12 9.837049e+07 1.109350e+12 1.009744e+12 2.997653e+07 
300 607950 8.500000e-01 2.250853e+03 4.648586e-01 5.000000e-05 3.897773e-08 3.728390e-08 1.002412e-12 5.372493e+12 5.023098e+12 1.384465e+08 1.637202e+12 1.530726e+12 4.218985e+07 
300 607950 9.000000e-01 2.313336e+03 5.220630e-01 5.058000e-05 6.021179e-08 5.504172e-08 1.501107e-12 7.874186e+12 7.642089e+12 1.942479e+08 2.399615e+12 2.328882e+12 5.919592e+07 
300 607950 9.500000e-01 2.362507e+03 5.746514e-01 4.651000e-05 8.659869e-08 8.339786e-08 2.079468e-12 1.081539e+13 1.016753e+13 2.605311e+08 3.295989e+12 3.098551e+12 7.939678e+07 
300 607950 1.000000e+00 2.402309e+03 6.286269e-01 4.651000e-05 1.240604e-07 1.169614e-07 2.916624e-12 1.480218e+13 1.354692e+13 3.485492e+08 4.511048e+12 4.128493e+12 1.062222e+08 
300 607950 1.050000e+00 2.426512e+03 6.791403e-01 4.593000e-05 1.725731e-07 1.592093e-07 3.983253e-12 1.970274e+13 1.929386e+13 4.492505e+08 6.004621e+12 5.880007e+12 1.369138e+08 
300 607950 1.100000e+00 2.433267e+03 7.267983e-01 4.593000e-05 2.336038e-07 2.169194e-07 5.330820e-12 2.559542e+13 2.502352e+13 5.761658e+08 7.800599e+12 7.626295e+12 1.755952e+08 
300 607950 1.150000e+00 2.420465e+03 7.767156e-01 4.477000e-05 3.248097e-07 3.006253e-07 7.337409e-12 3.393453e+13 3.092987e+13 7.699173e+08 1.034225e+13 9.426500e+12 2.346479e+08 
300 607950 1.200000e+00 2.408303e+03 8.096004e-01 4.419000e-05 3.928139e-07 3.677002e-07 8.837734e-12 3.998956e+13 3.682333e+13 9.036217e+08 1.218776e+13 1.122276e+13 2.753996e+08 
300 607950 1.250000e+00 2.384930e+03 8.432633e-01 4.360000e-05 4.967908e-07 4.719120e-07 1.116982e-11 4.884277e+13 4.529622e+13 1.102749e+09 1.488616e+13 1.380523e+13 3.360925e+08 
300 607950 1.300000e+00 2.359950e+03 8.728968e-01 4.767000e-05 6.142458e-07 5.399729e-07 1.409006e-11 5.851050e+13 5.546279e+13 1.327450e+09 1.783287e+13 1.690396e+13 4.045807e+08 
300 607950 1.350000e+00 2.333619e+03 8.967554e-01 4.651000e-05 7.488862e-07 6.689287e-07 1.728379e-11 6.914943e+13 6.661967e+13 1.578656e+09 2.107563e+13 2.030458e+13 4.811482e+08 
300 607950 1.400000e+00 2.305549e+03 9.141719e-01 4.593000e-05 8.990889e-07 8.285194e-07 2.102407e-11 8.058333e+13 7.314773e+13 1.893246e+09 2.456074e+13 2.229444e+13 5.770361e+08 
300 607950 1.450000e+00 2.279853e+03 9.251548e-01 5.000000e-05 1.054897e-06 9.041673e-07 2.546073e-11 9.198970e+13 8.537900e+13 2.197219e+09 2.803751e+13 2.602261e+13 6.696891e+08 
300 607950 1.500000e+00 2.253953e+03 9.288008e-01 4.942000e-05 1.215805e-06 1.091453e-06 3.002237e-11 1.033177e+14 9.004907e+13 2.558156e+09 3.149045e+13 2.744623e+13 7.797058e+08 
300 607950 1.550000e+00 2.230774e+03 9.284930e-01 5.290000e-05 1.366733e-06 1.133729e-06 3.497015e-11 1.135096e+14 1.034144e+14 2.879590e+09 3.459713e+13 3.152012e+13 8.776831e+08 
300 607950 1.600000e+00 2.205859e+03 9.190519e-01 5.232000e-05 1.516795e-06 1.337138e-06 4.008823e-11 1.231341e+14 1.054243e+14 3.262040e+09 3.753092e+13 3.213298e+13 9.942596e+08 
300 607950 1.650000e+00 2.178172e+03 8.982957e-01 5.639000e-05 1.648828e-06 1.405608e-06 4.597194e-11 1.308816e+14 1.063920e+14 3.649285e+09 3.989266e+13 3.242817e+13 1.112299e+09 
300 607950 1.700000e+00 2.158096e+03 8.817334e-01 5.989000e-05 1.751554e-06 1.419324e-06 5.136084e-11 1.363750e+14 1.082134e+14 4.004908e+09 4.156733e+13 3.298357e+13 1.220701e+09 
300 607950 1.750000e+00 2.133504e+03 8.478491e-01 6.861000e-05 1.814955e-06 1.293999e-06 5.719030e-11 1.385751e+14 1.193620e+14 4.275458e+09 4.223819e+13 3.638192e+13 1.303174e+09 
300 607950 1.800000e+00 2.111574e+03 8.115173e-01 6.744000e-05 1.831455e-06 1.453619e-06 6.101235e-11 1.373318e+14 1.052558e+14 4.573495e+09 4.185949e+13 3.208250e+13 1.394025e+09 



300 911925 5.000000e-01 1.658383e+03 6.799513e-02 7.363000e-05 1.222800e-10 1.164553e-10 4.679038e-15 2.612690e+10 2.428508e+10 9.965351e+05 7.962403e+09 7.401094e+09 3.037026e+05 
300 911925 5.500000e-01 1.742313e+03 1.000357e-01 6.394000e-05 3.996849e-10 3.522980e-10 1.288674e-14 7.916831e+10 6.986591e+10 2.558348e+06 2.412780e+10 2.129275e+10 7.796965e+05 
300 911925 6.000000e-01 1.843219e+03 1.454995e-01 5.620000e-05 1.294551e-09 1.115828e-09 3.552996e-14 2.347357e+11 2.144511e+11 6.370455e+06 7.154157e+10 6.535933e+10 1.941554e+06 
300 911925 6.500000e-01 1.929999e+03 1.869853e-01 5.038000e-05 3.007599e-09 2.632535e-09 7.381143e-14 5.089714e+11 4.733070e+11 1.233231e+07 1.551250e+11 1.442552e+11 3.758657e+06 
300 911925 7.000000e-01 2.022163e+03 2.388919e-01 4.554000e-05 6.639215e-09 5.691225e-09 1.473021e-13 1.041197e+12 9.605931e+11 2.279167e+07 3.173448e+11 2.927777e+11 6.946635e+06 
300 911925 7.500000e-01 2.108216e+03 2.920582e-01 3.972000e-05 1.288152e-08 1.169406e-08 2.625856e-13 1.885227e+12 1.710282e+12 3.846835e+07 5.746072e+11 5.212848e+11 1.172495e+07 
300 911925 8.000000e-01 2.187381e+03 3.445023e-01 3.778000e-05 2.283622e-08 2.109081e-08 4.371334e-13 3.136626e+12 2.826226e+12 5.997389e+07 9.560442e+11 8.614340e+11 1.828005e+07 
300 911925 8.500000e-01 2.259230e+03 3.968991e-01 3.488000e-05 3.736186e-08 3.551511e-08 6.782804e-13 4.846388e+12 4.552615e+12 8.810721e+07 1.477203e+12 1.387660e+12 2.685551e+07 
300 911925 9.000000e-01 2.320765e+03 4.450187e-01 3.585000e-05 5.704275e-08 5.178432e-08 1.005618e-12 7.031488e+12 6.850412e+12 1.218951e+08 2.143262e+12 2.088068e+12 3.715474e+07 
300 911925 9.500000e-01 2.372402e+03 4.926351e-01 3.245000e-05 8.375198e-08 8.091560e-08 1.418642e-12 9.837867e+12 9.332680e+12 1.669675e+08 2.998710e+12 2.844721e+12 5.089385e+07 
300 911925 1.000000e+00 2.413772e+03 5.403046e-01 3.245000e-05 1.206868e-07 1.135353e-07 2.001027e-12 1.353243e+13 1.242873e+13 2.245074e+08 4.124911e+12 3.788483e+12 6.843359e+07 
300 911925 1.050000e+00 2.438083e+03 5.838480e-01 3.245000e-05 1.657830e-07 1.542795e-07 2.713705e-12 1.782419e+13 1.615918e+13 2.917548e+08 5.433169e+12 4.925638e+12 8.893266e+07 
300 911925 1.100000e+00 2.444068e+03 6.252742e-01 3.197000e-05 2.247091e-07 2.069808e-07 3.634966e-12 2.317157e+13 2.081228e+13 3.749284e+08 7.063230e+12 6.344060e+12 1.142868e+08 
300 911925 1.150000e+00 2.433367e+03 6.626225e-01 3.148000e-05 2.953396e-07 2.730032e-07 4.742928e-12 2.928681e+13 2.685034e+13 4.718080e+08 8.927379e+12 8.184675e+12 1.438193e+08 
300 911925 1.200000e+00 2.412633e+03 6.956376e-01 3.100000e-05 3.794038e-07 3.557489e-07 6.096122e-12 3.631465e+13 3.365428e+13 5.850291e+08 1.106974e+13 1.025878e+13 1.783336e+08 
300 911925 1.250000e+00 2.387202e+03 7.235650e-01 3.052000e-05 4.781966e-07 4.532229e-07 7.686920e-12 4.417806e+13 4.152235e+13 7.134724e+08 1.346685e+13 1.265730e+13 2.174885e+08 
300 911925 1.300000e+00 2.361625e+03 7.480695e-01 3.391000e-05 5.854627e-07 5.020729e-07 9.671962e-12 5.244925e+13 5.014082e+13 8.537665e+08 1.598828e+13 1.528459e+13 2.602565e+08 
300 911925 1.350000e+00 2.333182e+03 7.660972e-01 3.343000e-05 7.049116e-07 6.235018e-07 1.180177e-11 6.120845e+13 5.359373e+13 1.027459e+09 1.865852e+13 1.633726e+13 3.132060e+08 
300 911925 1.400000e+00 2.306261e+03 7.794394e-01 3.294000e-05 8.330709e-07 7.619019e-07 1.419224e-11 7.034546e+13 6.364526e+13 1.202147e+09 2.144395e+13 1.940146e+13 3.664597e+08 
300 911925 1.450000e+00 2.279023e+03 7.845651e-01 3.633000e-05 9.595771e-07 8.036806e-07 1.702691e-11 7.895238e+13 7.386852e+13 1.380766e+09 2.406781e+13 2.251804e+13 4.209119e+08 
300 911925 1.500000e+00 2.256205e+03 7.851154e-01 3.584000e-05 1.074828e-06 9.455312e-07 1.956588e-11 8.647256e+13 7.522312e+13 1.576625e+09 2.636040e+13 2.293110e+13 4.806202e+08 
300 911925 1.550000e+00 2.231342e+03 7.783142e-01 3.924000e-05 1.188162e-06 9.715421e-07 2.271469e-11 9.341052e+13 7.529062e+13 1.785941e+09 2.847554e+13 2.295180e+13 5.444313e+08 
300 911925 1.600000e+00 2.205984e+03 7.637805e-01 4.263000e-05 1.280218e-06 9.804333e-07 2.576647e-11 9.850946e+13 8.404103e+13 1.956133e+09 3.003007e+13 2.561943e+13 5.963162e+08 
300 911925 1.650000e+00 2.182195e+03 7.444967e-01 4.215000e-05 1.346504e-06 1.128098e-06 2.836271e-11 1.015448e+14 8.256873e+13 2.137911e+09 3.095554e+13 2.517073e+13 6.517335e+08 
300 911925 1.700000e+00 2.156898e+03 7.150309e-01 4.942000e-05 1.367536e-06 9.791073e-07 3.126494e-11 1.011925e+14 9.010796e+13 2.246250e+09 3.084828e+13 2.746918e+13 6.847637e+08 
300 911925 1.750000e+00 2.134565e+03 6.812751e-01 4.845000e-05 1.346613e-06 1.078286e-06 3.271900e-11 9.803587e+13 7.608412e+13 2.377488e+09 2.988613e+13 2.319414e+13 7.247742e+08 
300 911925 1.800000e+00 2.110170e+03 6.385147e-01 5.523000e-05 1.266246e-06 9.142281e-07 3.380162e-11 9.071518e+13 6.405067e+13 2.415044e+09 2.765455e+13 1.952584e+13 7.362264e+08 



300 1215900 5.000000e-01 1.654887e+03 5.041335e-02 6.639000e-05 6.815182e-11 6.208109e-11 2.252868e-15 1.419788e+10 1.262439e+10 4.689644e+05 4.327562e+09 3.847960e+09 1.429419e+05 
300 1215900 5.500000e-01 1.755917e+03 8.529937e-02 5.362000e-05 3.398376e-10 2.979959e-10 8.822365e-15 6.421206e+10 5.974347e+10 1.653939e+06 1.957253e+10 1.821046e+10 5.041381e+05 
300 1215900 6.000000e-01 1.844057e+03 1.209332e-01 4.341000e-05 1.008017e-09 9.367911e-10 2.224478e-14 1.769378e+11 1.620797e+11 3.898416e+06 5.393348e+10 4.940453e+10 1.188300e+06 
300 1215900 6.500000e-01 1.929015e+03 1.567099e-01 3.831000e-05 2.445911e-09 2.225567e-09 4.783994e-14 4.008963e+11 3.581961e+11 7.824431e+06 1.222015e+11 1.091856e+11 2.385048e+06 
300 1215900 7.000000e-01 2.023251e+03 2.049363e-01 3.490000e-05 5.763675e-09 5.128203e-09 1.013059e-13 8.721318e+11 7.587631e+11 1.528425e+07 2.658486e+11 2.312910e+11 4.659038e+06 
300 1215900 7.500000e-01 2.109820e+03 2.532004e-01 3.065000e-05 1.158310e-08 1.106637e-08 1.856344e-13 1.633111e+12 1.531954e+12 2.613873e+07 4.978227e+11 4.669870e+11 7.967892e+06 
300 1215900 8.000000e-01 2.189624e+03 3.011940e-01 2.851000e-05 2.097988e-08 2.001319e-08 3.144145e-13 2.770528e+12 2.600551e+12 4.152702e+07 8.445537e+11 7.927390e+11 1.265889e+07 
300 1215900 8.500000e-01 2.260323e+03 3.471240e-01 2.936000e-05 3.425122e-08 3.028475e-08 4.944426e-13 4.272525e+12 4.131130e+12 6.059917e+07 1.302430e+12 1.259327e+12 1.847295e+07 
300 1215900 9.000000e-01 2.325346e+03 3.935715e-01 2.681000e-05 5.419613e-08 5.103718e-08 7.449774e-13 6.407094e+12 5.919173e+12 8.804738e+07 1.953149e+12 1.804411e+12 2.684051e+07 
300 1215900 9.500000e-01 2.378687e+03 4.379549e-01 2.724000e-05 8.055477e-08 7.272687e-08 1.081629e-12 9.061403e+12 8.896106e+12 1.191286e+08 2.762320e+12 2.711930e+12 3.631572e+07 
300 1215900 1.000000e+00 2.419667e+03 4.791642e-01 2.383000e-05 1.147259e-07 1.116007e-07 1.477443e-12 1.233536e+13 1.183393e+13 1.592936e+08 3.760400e+12 3.607541e+12 4.856022e+07 
300 1215900 1.050000e+00 2.445301e+03 5.195132e-01 2.383000e-05 1.604810e-07 1.546402e-07 2.041093e-12 1.651465e+13 1.564526e+13 2.102979e+08 5.034487e+12 4.769455e+12 6.410926e+07 
300 1215900 1.100000e+00 2.450041e+03 5.563239e-01 2.383000e-05 2.161786e-07 2.088540e-07 2.727097e-12 2.134090e+13 2.029216e+13 2.696805e+08 6.505819e+12 6.186107e+12 8.221267e+07 
300 1215900 1.150000e+00 2.436089e+03 5.886648e-01 2.340000e-05 2.839955e-07 2.739482e-07 3.565188e-12 2.697995e+13 2.565970e+13 3.393652e+08 8.224952e+12 7.822470e+12 1.034570e+08 
300 1215900 1.200000e+00 2.413866e+03 6.183181e-01 2.639000e-05 3.622440e-07 3.094091e-07 4.648136e-12 3.316740e+13 3.180914e+13 4.173237e+08 1.011129e+13 9.697217e+12 1.272238e+08 
300 1215900 1.250000e+00 2.390107e+03 6.419413e-01 2.639000e-05 4.461201e-07 3.961586e-07 5.768404e-12 3.958081e+13 3.829615e+13 4.997379e+08 1.206653e+13 1.167489e+13 1.523491e+08 
300 1215900 1.300000e+00 2.363132e+03 6.618303e-01 2.596000e-05 5.441693e-07 4.946477e-07 7.120553e-12 4.676227e+13 4.157213e+13 6.121539e+08 1.425594e+13 1.267367e+13 1.866211e+08 
300 1215900 1.350000e+00 2.335021e+03 6.761095e-01 2.554000e-05 6.491506e-07 6.063961e-07 8.633735e-12 5.418567e+13 4.952670e+13 7.212821e+08 1.651912e+13 1.509878e+13 2.198911e+08 
300 1215900 1.400000e+00 2.307814e+03 6.840640e-01 2.851000e-05 7.542039e-07 6.345427e-07 1.045696e-11 6.127362e+13 5.762957e+13 8.326448e+08 1.868006e+13 1.756913e+13 2.538426e+08 
300 1215900 1.450000e+00 2.278437e+03 6.854473e-01 2.809000e-05 8.617186e-07 7.634811e-07 1.232850e-11 6.810873e+13 5.898628e+13 9.742230e+08 2.076394e+13 1.798283e+13 2.970061e+08 
300 1215900 1.500000e+00 2.252190e+03 6.809754e-01 3.107000e-05 9.500194e-07 7.697000e-07 1.431099e-11 7.336771e+13 5.764842e+13 1.103067e+09 2.236732e+13 1.757504e+13 3.362877e+08 
300 1215900 1.550000e+00 2.229972e+03 6.726360e-01 3.405000e-05 1.017271e-06 7.503567e-07 1.611245e-11 7.704647e+13 6.488982e+13 1.201274e+09 2.348894e+13 1.978277e+13 3.662291e+08 
300 1215900 1.600000e+00 2.205865e+03 6.569167e-01 3.362000e-05 1.066900e-06 8.659313e-07 1.770524e-11 7.919750e+13 6.243616e+13 1.312017e+09 2.414481e+13 1.903480e+13 3.999925e+08 
300 1215900 1.650000e+00 2.181757e+03 6.352857e-01 3.660000e-05 1.082565e-06 8.395191e-07 1.919862e-11 7.887112e+13 5.935430e+13 1.396077e+09 2.404540e+13 1.809531e+13 4.256211e+08 
300 1215900 1.700000e+00 2.156831e+03 6.072538e-01 4.256000e-05 1.061623e-06 6.796720e-07 2.050922e-11 7.609520e+13 5.608974e+13 1.449961e+09 2.319919e+13 1.710011e+13 4.420504e+08 
300 1215900 1.750000e+00 2.132049e+03 5.690833e-01 4.214000e-05 9.875383e-07 7.505633e-07 2.054823e-11 6.975453e+13 5.131673e+13 1.445638e+09 2.126618e+13 1.564501e+13 4.407340e+08 
300 1215900 1.800000e+00 2.108726e+03 5.288858e-01 4.810000e-05 8.778354e-07 6.016539e-07 2.017458e-11 6.117662e+13 4.037099e+13 1.398423e+09 1.865108e+13 1.230800e+13 4.263408e+08 



500 101325 5.000000e-01 1.803242e+03 7.756584e-01 3.427100e-04 2.353260e-09 2.306478e-09 4.217416e-13 6.109358e+11 5.962516e+11 1.103316e+08 1.853449e+11 1.808903e+11 3.347127e+07 
500 101325 5.500000e-01 1.906376e+03 9.736491e-01 3.500000e-04 5.153177e-09 4.647003e-09 8.478153e-13 1.235357e+12 1.229786e+12 1.983683e+08 3.748894e+11 3.731990e+11 6.019636e+07 
500 101325 6.000000e-01 1.997715e+03 1.161552e+00 2.916700e-04 9.594518e-09 9.287218e-09 1.440035e-12 2.149951e+12 2.077526e+12 3.260945e+08 6.525881e+11 6.306045e+11 9.897845e+07 
500 101325 6.500000e-01 2.084518e+03 1.357131e+00 2.989600e-04 1.678462e-08 1.547364e-08 2.385989e-12 3.525550e+12 3.451033e+12 4.979902e+08 1.070354e+12 1.047732e+12 1.511850e+08 
500 101325 7.000000e-01 2.162295e+03 1.550817e+00 2.697900e-04 2.752789e-08 2.618129e-08 3.667513e-12 5.440501e+12 5.129275e+12 7.322734e+08 1.652034e+12 1.557529e+12 2.223519e+08 
500 101325 7.500000e-01 2.230875e+03 1.737941e+00 2.406300e-04 4.251789e-08 4.189535e-08 5.339218e-12 7.945487e+12 7.801765e+12 1.011634e+09 2.413070e+12 2.369424e+12 3.072284e+08 
500 101325 8.000000e-01 2.289300e+03 1.915389e+00 2.406300e-04 6.287421e-08 6.076918e-08 7.617802e-12 1.117281e+13 1.072294e+13 1.369362e+09 3.393700e+12 3.257055e+12 4.159275e+08 
500 101325 8.500000e-01 2.338354e+03 2.083383e+00 2.406300e-04 8.947803e-08 8.471705e-08 1.051093e-11 1.514937e+13 1.510443e+13 1.761467e+09 4.602144e+12 4.588493e+12 5.350935e+08 
500 101325 9.000000e-01 2.377613e+03 2.242479e+00 2.078100e-04 1.236661e-07 1.232276e-07 1.383074e-11 2.001756e+13 1.992342e+13 2.273441e+09 6.081715e+12 6.053116e+12 6.906979e+08 
500 101325 9.500000e-01 2.409853e+03 2.392077e+00 2.041700e-04 1.666875e-07 1.655831e-07 1.820272e-11 2.585092e+13 2.560502e+13 2.866388e+09 7.854805e+12 7.780089e+12 8.709323e+08 
500 101325 1.000000e+00 2.432997e+03 2.532275e+00 2.005200e-04 2.195553e-07 2.174043e-07 2.345980e-11 3.267210e+13 3.235761e+13 3.549373e+09 9.928342e+12 9.832777e+12 1.078554e+09 
500 101325 1.050000e+00 2.450980e+03 2.664963e+00 1.968800e-04 2.841225e-07 2.821814e-07 2.981299e-11 4.072089e+13 4.013593e+13 4.333947e+09 1.237526e+13 1.219748e+13 1.317078e+09 
500 101325 1.100000e+00 2.460120e+03 2.786058e+00 1.932300e-04 3.609759e-07 3.595265e-07 3.726650e-11 4.989706e+13 4.939187e+13 5.227191e+09 1.516513e+13 1.501158e+13 1.588660e+09 
500 101325 1.150000e+00 2.465889e+03 2.900320e+00 1.859400e-04 4.530343e-07 4.513734e-07 4.599131e-11 6.046251e+13 5.992035e+13 6.235747e+09 1.837761e+13 1.821281e+13 1.895323e+09 
500 101325 1.200000e+00 2.462882e+03 2.999741e+00 2.114600e-04 5.604037e-07 5.235354e-07 5.786430e-11 7.225280e+13 6.650957e+13 7.551761e+09 2.196276e+13 2.021690e+13 2.295472e+09 
500 101325 1.250000e+00 2.455906e+03 3.095142e+00 2.041700e-04 6.847945e-07 6.468606e-07 6.988585e-11 8.553837e+13 7.972642e+13 8.842716e+09 2.600282e+13 2.423596e+13 2.688049e+09 
500 101325 1.300000e+00 2.444748e+03 3.180942e+00 1.968800e-04 8.233207e-07 7.868211e-07 8.342879e-11 9.987653e+13 9.552286e+13 1.027588e+10 3.036322e+13 2.903959e+13 3.123891e+09 
500 101325 1.350000e+00 2.430985e+03 3.256368e+00 1.932300e-04 9.893568e-07 9.655558e-07 9.962188e-11 1.163901e+14 1.126708e+14 1.189801e+10 3.538544e+13 3.425461e+13 3.617228e+09 
500 101325 1.400000e+00 2.413990e+03 3.321983e+00 1.859400e-04 1.172097e-06 1.153960e-06 1.172059e-10 1.341924e+14 1.311194e+14 1.362690e+10 4.079989e+13 3.986551e+13 4.143060e+09 
500 101325 1.450000e+00 2.393834e+03 3.379405e+00 2.114600e-04 1.376622e-06 1.247191e-06 1.410569e-10 1.531821e+14 1.520466e+14 1.554198e+10 4.657575e+13 4.623047e+13 4.725547e+09 
500 101325 1.500000e+00 2.373199e+03 3.427553e+00 2.041600e-04 1.603813e-06 1.476757e-06 1.643242e-10 1.740611e+14 1.581282e+14 1.805782e+10 5.292658e+13 4.808160e+13 5.490739e+09 
500 101325 1.550000e+00 2.351836e+03 3.465274e+00 2.005200e-04 1.854596e-06 1.754694e-06 1.905376e-10 1.960712e+14 1.836069e+14 2.043319e+10 5.962177e+13 5.583133e+13 6.213277e+09 
500 101325 1.600000e+00 2.331724e+03 3.498271e+00 1.968700e-04 2.130336e-06 2.060764e-06 2.195877e-10 2.197516e+14 2.108851e+14 2.300219e+10 6.682528e+13 6.412881e+13 6.994748e+09 
500 101325 1.650000e+00 2.311124e+03 3.517070e+00 1.932300e-04 2.423544e-06 2.380719e-06 2.512793e-10 2.444154e+14 2.384861e+14 2.573709e+10 7.432829e+13 7.252498e+13 7.826715e+09 
500 101325 1.700000e+00 2.289941e+03 3.529911e+00 2.187500e-04 2.743392e-06 2.477178e-06 2.935152e-10 2.702954e+14 2.673954e+14 2.861702e+10 8.220164e+13 8.131960e+13 8.702841e+09 
500 101325 1.750000e+00 2.270166e+03 3.535816e+00 2.151000e-04 3.079054e-06 2.860546e-06 3.336440e-10 2.964992e+14 2.726896e+14 3.258366e+10 9.017383e+13 8.293220e+13 9.909494e+09 
500 101325 1.800000e+00 2.247311e+03 3.525249e+00 2.114600e-04 3.431089e-06 3.266576e-06 3.754801e-10 3.236258e+14 3.053254e+14 3.592729e+10 9.842714e+13 9.286089e+13 1.092675e+10 



500 303975 5.000000e-01 1.801656e+03 4.881164e-01 1.393900e-04 1.269292e-09 1.150268e-09 8.894610e-14 2.898781e+11 2.606499e+11 2.034356e+07 8.824234e+10 7.934484e+10 6.192784e+06 
500 303975 5.500000e-01 1.903373e+03 6.344189e-01 1.236100e-04 3.053868e-09 2.806119e-09 1.900980e-13 6.433679e+11 5.748360e+11 4.005544e+07 1.958672e+11 1.750030e+11 1.219442e+07 
500 303975 6.000000e-01 1.996396e+03 7.810298e-01 1.157200e-04 6.237977e-09 5.552337e-09 3.554887e-13 1.223933e+12 1.180891e+12 6.914891e+07 3.726436e+11 3.595386e+11 2.105322e+07 
500 303975 6.500000e-01 2.085806e+03 9.386112e-01 1.078300e-04 1.175793e-08 1.054814e-08 6.203379e-13 2.155903e+12 2.068770e+12 1.124736e+08 6.564412e+11 6.299099e+11 3.424637e+07 
500 303975 7.000000e-01 2.168886e+03 1.098207e+00 9.994000e-05 2.042516e-08 1.910183e-08 1.010528e-12 3.519525e+12 3.199331e+12 1.746447e+08 1.071711e+12 9.742082e+11 5.317972e+07 
500 303975 7.500000e-01 2.244440e+03 1.257381e+00 8.942000e-05 3.343802e-08 3.230690e-08 1.549673e-12 5.431884e+12 5.193105e+12 2.536704e+08 1.654124e+12 1.581408e+12 7.724748e+07 
500 303975 8.000000e-01 2.310358e+03 1.409010e+00 8.942000e-05 5.167997e-08 4.790503e-08 2.309043e-12 7.955577e+12 7.882190e+12 3.513734e+08 2.422758e+12 2.400407e+12 1.070051e+08 
500 303975 8.500000e-01 2.368110e+03 1.558878e+00 7.890000e-05 7.830304e-08 7.692657e-08 3.308957e-12 1.144485e+13 1.115750e+13 4.886697e+08 3.485523e+12 3.398007e+12 1.488232e+08 
500 303975 9.000000e-01 2.413942e+03 1.697299e+00 7.890000e-05 1.107586e-07 1.071304e-07 4.559799e-12 1.547140e+13 1.485830e+13 6.430866e+08 4.711984e+12 4.525249e+12 1.958578e+08 
500 303975 9.500000e-01 2.452482e+03 1.841416e+00 7.890000e-05 1.559800e-07 1.495044e-07 6.274105e-12 2.080935e+13 1.956284e+13 8.432177e+08 6.337945e+12 5.958283e+12 2.568190e+08 
500 303975 1.000000e+00 2.480341e+03 1.971907e+00 7.759000e-05 2.117194e-07 1.998144e-07 8.340958e-12 2.708691e+13 2.542249e+13 1.076972e+09 8.250180e+12 7.743212e+12 3.280240e+08 
500 303975 1.050000e+00 2.498907e+03 2.095135e+00 7.759000e-05 2.805910e-07 2.662695e-07 1.088402e-11 3.451278e+13 3.210889e+13 1.348834e+09 1.051227e+13 9.780045e+12 4.108398e+08 
500 303975 1.100000e+00 2.508427e+03 2.211451e+00 7.627000e-05 3.659136e-07 3.473489e-07 1.398341e-11 4.329471e+13 4.034832e+13 1.669085e+09 1.318752e+13 1.229003e+13 5.083986e+08 
500 303975 1.150000e+00 2.510035e+03 2.318383e+00 7.496000e-05 4.684905e-07 4.470685e-07 1.767251e-11 5.346169e+13 5.018481e+13 2.036390e+09 1.628478e+13 1.528658e+13 6.202943e+08 
500 303975 1.200000e+00 2.503504e+03 2.415041e+00 7.233000e-05 5.883040e-07 5.601152e-07 2.197459e-11 6.490785e+13 6.172547e+13 2.454249e+09 1.977181e+13 1.880237e+13 7.475933e+08 
500 303975 1.250000e+00 2.491481e+03 2.502811e+00 7.101000e-05 7.288758e-07 7.038366e-07 2.703579e-11 7.783916e+13 7.415642e+13 2.920294e+09 2.371136e+13 2.258948e+13 8.895752e+08 
500 303975 1.300000e+00 2.474947e+03 2.582224e+00 6.970000e-05 8.929963e-07 8.729093e-07 3.299980e-11 9.243173e+13 8.940923e+13 3.458077e+09 2.815710e+13 2.723634e+13 1.053415e+09 
500 303975 1.350000e+00 2.454626e+03 2.650141e+00 6.838000e-05 1.081040e-06 1.069450e-06 3.986339e-11 1.086589e+14 1.065992e+14 4.058041e+09 3.310094e+13 3.247348e+13 1.236203e+09 
500 303975 1.400000e+00 2.433991e+03 2.706573e+00 7.759000e-05 1.286134e-06 1.171241e-06 4.871482e-11 1.258086e+14 1.245286e+14 4.694665e+09 3.832594e+13 3.793599e+13 1.430163e+09 
500 303975 1.450000e+00 2.410345e+03 2.758229e+00 7.627000e-05 1.530413e-06 1.430458e-06 5.825991e-11 1.453791e+14 1.335863e+14 5.584548e+09 4.428862e+13 4.069592e+13 1.701282e+09 
500 303975 1.500000e+00 2.388043e+03 2.792905e+00 7.364000e-05 1.783586e-06 1.679360e-06 6.818078e-11 1.649870e+14 1.552623e+14 6.387627e+09 5.026278e+13 4.730007e+13 1.945963e+09 
500 303975 1.550000e+00 2.365098e+03 2.819308e+00 7.233000e-05 2.067179e-06 1.985954e-06 7.972972e-11 1.864031e+14 1.791997e+14 7.288019e+09 5.678794e+13 5.459334e+13 2.220297e+09 
500 303975 1.600000e+00 2.343773e+03 2.837100e+00 8.285000e-05 2.363933e-06 2.087720e-06 9.439447e-11 2.082906e+14 2.032221e+14 8.219096e+09 6.345688e+13 6.191267e+13 2.503985e+09 
500 303975 1.650000e+00 2.320777e+03 2.840902e+00 8.153000e-05 2.684157e-06 2.447884e-06 1.088483e-10 2.308905e+14 2.073568e+14 9.443550e+09 7.034302e+13 6.317308e+13 2.877059e+09 
500 303975 1.700000e+00 2.297495e+03 2.831617e+00 8.022000e-05 3.015033e-06 2.832330e-06 1.242694e-10 2.532436e+14 2.346498e+14 1.054881e+10 7.715411e+13 7.148910e+13 3.213829e+09 
500 303975 1.750000e+00 2.275519e+03 2.812430e+00 8.942000e-05 3.350546e-06 2.852737e-06 1.435292e-10 2.756750e+14 2.624055e+14 1.169762e+10 8.398915e+13 7.994627e+13 3.563873e+09 
500 303975 1.800000e+00 2.254757e+03 2.783372e+00 8.811000e-05 3.690632e-06 3.273177e-06 1.617975e-10 2.970771e+14 2.587265e+14 1.313409e+10 9.051077e+13 7.882622e+13 4.001564e+09 



500 607950 5.000000e-01 1.807261e+03 3.412379e-01 7.495000e-05 8.943535e-10 8.223574e-10 3.476291e-14 1.862093e+11 1.690937e+11 7.249412e+06 5.673341e+10 5.151874e+10 2.208715e+06 
500 607950 5.500000e-01 1.906250e+03 4.570554e-01 6.282000e-05 2.282425e-09 2.210524e-09 7.738755e-14 4.384397e+11 4.209832e+11 1.489380e+07 1.335878e+11 1.282690e+11 4.537971e+06 
500 607950 6.000000e-01 1.999116e+03 5.774708e-01 6.173000e-05 4.903487e-09 4.524145e-09 1.530285e-13 8.755816e+11 7.810684e+11 2.725847e+07 2.667903e+11 2.379920e+11 8.305659e+06 
500 607950 6.500000e-01 2.088792e+03 7.063507e-01 5.952000e-05 9.652453e-09 8.594271e-09 2.786161e-13 1.605076e+12 1.496339e+12 4.587304e+07 4.890846e+11 4.559512e+11 1.397801e+07 
500 607950 7.000000e-01 2.172023e+03 8.331496e-01 5.181000e-05 1.727344e-08 1.641964e-08 4.612136e-13 2.699695e+12 2.495744e+12 7.206889e+07 8.226521e+11 7.605038e+11 2.196082e+07 
500 607950 7.500000e-01 2.249629e+03 9.639929e-01 4.850000e-05 2.915223e-08 2.818154e-08 7.321242e-13 4.287566e+12 4.037981e+12 1.078754e+08 1.306544e+12 1.230488e+12 3.287265e+07 
500 607950 8.000000e-01 2.325053e+03 1.103247e+00 4.850000e-05 4.898347e-08 4.468935e-08 1.174288e-12 6.769856e+12 6.487424e+12 1.604514e+08 2.063024e+12 1.976956e+12 4.889536e+07 
500 607950 8.500000e-01 2.385014e+03 1.229665e+00 4.464000e-05 7.397854e-08 7.073141e-08 1.695951e-12 9.712667e+12 9.134398e+12 2.235390e+08 2.959871e+12 2.783645e+12 6.812191e+07 
500 607950 9.000000e-01 2.435422e+03 1.352624e+00 4.464000e-05 1.073996e-07 9.972322e-08 2.398402e-12 1.343061e+13 1.319776e+13 2.968475e+08 4.092969e+12 4.022007e+12 9.046389e+07 
500 607950 9.500000e-01 2.476400e+03 1.471736e+00 4.464000e-05 1.516446e-07 1.373271e-07 3.308084e-12 1.813256e+13 1.758850e+13 3.919360e+08 5.525982e+12 5.360176e+12 1.194441e+08 
500 607950 1.000000e+00 2.506549e+03 1.582433e+00 4.023000e-05 2.068846e-07 2.015253e-07 4.364183e-12 2.371685e+13 2.286390e+13 5.039350e+08 7.227934e+12 6.967986e+12 1.535787e+08 
500 607950 1.050000e+00 2.526104e+03 1.688631e+00 3.968000e-05 2.751840e-07 2.665734e-07 5.719287e-12 3.033283e+13 2.897007e+13 6.349964e+08 9.244351e+12 8.829025e+12 1.935237e+08 
500 607950 1.150000e+00 2.533152e+03 1.885397e+00 3.858000e-05 4.680931e-07 4.548589e-07 9.519519e-12 4.781558e+13 4.599056e+13 9.809982e+08 1.457285e+13 1.401663e+13 2.989803e+08 
500 607950 1.200000e+00 2.524270e+03 1.969308e+00 4.243000e-05 5.870980e-07 5.282257e-07 1.207135e-11 5.806121e+13 5.644212e+13 1.184008e+09 1.769563e+13 1.720216e+13 3.608561e+08 
500 607950 1.250000e+00 2.508304e+03 2.045647e+00 4.188000e-05 7.332202e-07 6.736289e-07 1.503775e-11 7.011568e+13 6.826961e+13 1.422859e+09 2.136977e+13 2.080712e+13 4.336567e+08 
500 607950 1.300000e+00 2.488145e+03 2.112871e+00 4.078000e-05 8.965840e-07 8.312926e-07 1.840601e-11 8.309151e+13 7.588571e+13 1.717772e+09 2.532479e+13 2.312857e+13 5.235451e+08 
500 607950 1.350000e+00 2.465941e+03 2.169008e+00 4.023000e-05 1.087599e-06 1.030136e-06 2.239445e-11 9.787688e+13 9.158731e+13 2.029680e+09 2.983139e+13 2.791440e+13 6.186151e+08 
500 607950 1.400000e+00 2.443027e+03 2.215403e+00 3.968000e-05 1.295940e-06 1.251567e-06 2.682847e-11 1.133650e+14 1.070453e+14 2.363158e+09 3.455225e+13 3.262605e+13 7.202603e+08 
500 607950 1.450000e+00 2.418751e+03 2.252650e+00 4.299000e-05 1.527486e-06 1.362049e-06 3.241349e-11 1.299785e+14 1.254601e+14 2.734647e+09 3.961617e+13 3.823899e+13 8.334927e+08 
500 607950 1.500000e+00 2.394492e+03 2.277086e+00 4.244000e-05 1.772244e-06 1.633585e-06 3.819328e-11 1.469429e+14 1.336207e+14 3.188152e+09 4.478711e+13 4.072656e+13 9.717242e+08 
500 607950 1.550000e+00 2.370769e+03 2.290419e+00 4.629000e-05 2.036365e-06 1.735391e-06 4.522478e-11 1.647827e+14 1.541461e+14 3.631080e+09 5.022494e+13 4.698292e+13 1.106734e+09 
500 607950 1.600000e+00 2.346005e+03 2.288803e+00 4.574000e-05 2.306283e-06 2.057347e-06 5.229233e-11 1.821969e+14 1.598188e+14 4.153081e+09 5.553310e+13 4.871227e+13 1.265846e+09 
500 607950 1.650000e+00 2.323255e+03 2.278761e+00 4.960000e-05 2.574747e-06 2.135879e-06 6.053042e-11 1.988653e+14 1.796235e+14 4.637155e+09 6.061401e+13 5.474909e+13 1.413400e+09 
500 607950 1.700000e+00 2.299782e+03 2.252312e+00 4.850000e-05 2.831450e-06 2.451581e-06 6.843322e-11 2.140687e+14 1.791134e+14 5.190500e+09 6.524842e+13 5.459393e+13 1.582070e+09 
500 607950 1.750000e+00 2.276960e+03 2.216893e+00 5.236000e-05 3.066369e-06 2.502790e-06 7.741689e-11 2.271505e+14 2.035839e+14 5.691366e+09 6.923621e+13 6.205299e+13 1.734745e+09 
500 607950 1.800000e+00 2.255569e+03 2.166678e+00 5.181000e-05 3.256261e-06 2.834634e-06 8.524400e-11 2.368143e+14 1.998150e+14 6.216911e+09 7.218218e+13 6.090456e+13 1.894944e+09 



500 911925 5.000000e-01 1.810546e+03 2.679214e-01 5.630000e-05 6.785588e-10 6.220222e-10 1.924079e-14 1.343941e+11 1.204482e+11 3.803780e+06 4.095845e+10 3.670827e+10 1.159253e+06 
500 911925 6.000000e-01 2.000303e+03 4.706043e-01 4.423000e-05 4.163090e-09 3.847548e-09 9.267871e-14 7.030643e+11 6.340072e+11 1.562300e+07 2.142800e+11 1.932329e+11 4.761576e+06 
500 911925 6.500000e-01 2.097162e+03 5.918328e-01 4.122000e-05 9.013212e-09 7.760324e-09 1.825474e-13 1.407378e+12 1.316368e+12 2.806692e+07 4.289516e+11 4.012128e+11 8.554445e+06 
500 911925 7.000000e-01 2.173876e+03 6.937508e-01 3.921000e-05 1.557586e-08 1.388653e-08 2.964076e-13 2.294717e+12 2.206185e+12 4.296472e+07 6.994137e+11 6.724298e+11 1.309534e+07 
500 911925 7.500000e-01 2.252670e+03 8.083190e-01 3.569000e-05 2.675783e-08 2.440006e-08 4.768966e-13 3.705817e+12 3.617243e+12 6.487048e+07 1.129527e+12 1.102530e+12 1.977241e+07 
500 911925 8.000000e-01 2.329329e+03 9.298151e-01 3.217000e-05 4.536077e-08 4.324511e-08 7.596827e-13 5.905050e+12 5.499821e+12 9.904786e+07 1.799882e+12 1.676366e+12 3.019014e+07 
500 911925 8.500000e-01 2.392999e+03 1.047262e+00 3.267000e-05 7.005191e-08 6.411023e-08 1.136767e-12 8.638183e+12 8.489565e+12 1.375154e+08 2.632990e+12 2.587690e+12 4.191581e+07 
500 911925 9.500000e-01 2.489296e+03 1.261973e+00 2.916000e-05 1.459904e-07 1.414803e-07 2.212734e-12 1.637853e+13 1.559849e+13 2.491496e+08 4.992436e+12 4.754666e+12 7.594470e+07 
500 911925 1.000000e+00 2.520893e+03 1.361452e+00 2.916000e-05 1.997395e-07 1.917508e-07 2.980244e-12 2.149886e+13 2.022743e+13 3.216035e+08 6.553264e+12 6.165704e+12 9.803082e+07 
500 911925 1.050000e+00 2.541702e+03 1.461011e+00 2.865000e-05 2.717518e-07 2.569045e-07 3.992745e-12 2.803541e+13 2.591738e+13 4.129694e+08 8.545816e+12 7.900190e+12 1.258822e+08 
500 911925 1.100000e+00 2.549374e+03 1.545197e+00 2.865000e-05 3.524937e-07 3.350471e-07 5.131271e-12 3.505751e+13 3.264296e+13 5.118828e+08 1.068640e+13 9.950385e+12 1.560345e+08 
500 911925 1.200000e+00 2.534725e+03 1.701191e+00 2.765000e-05 5.703568e-07 5.467742e-07 8.202437e-12 5.285528e+13 4.977771e+13 7.640400e+08 1.611187e+13 1.517372e+13 2.329020e+08 
500 911925 1.250000e+00 2.516534e+03 1.769079e+00 2.715000e-05 7.120300e-07 6.901679e-07 1.022855e-11 6.382104e+13 6.089693e+13 9.223529e+08 1.945470e+13 1.856333e+13 2.811627e+08 
500 911925 1.300000e+00 2.495118e+03 1.825188e+00 3.066000e-05 8.709800e-07 7.520331e-07 1.281775e-11 7.568409e+13 7.308916e+13 1.095922e+09 2.307110e+13 2.228007e+13 3.340744e+08 
500 911925 1.350000e+00 2.471703e+03 1.874879e+00 3.016000e-05 1.049715e-06 9.327789e-07 1.556859e-11 8.854050e+13 8.665726e+13 1.288663e+09 2.699035e+13 2.641627e+13 3.928310e+08 
500 911925 1.400000e+00 2.447329e+03 1.912664e+00 2.966000e-05 1.245925e-06 1.134385e-06 1.868146e-11 1.022330e+14 9.095616e+13 1.537243e+09 3.116452e+13 2.772689e+13 4.686099e+08 
500 911925 1.450000e+00 2.422940e+03 1.939099e+00 2.916000e-05 1.449756e-06 1.352991e-06 2.204071e-11 1.159821e+14 1.062172e+14 1.768758e+09 3.535596e+13 3.237923e+13 5.391877e+08 
500 911925 1.500000e+00 2.398053e+03 1.955106e+00 3.267000e-05 1.674396e-06 1.396962e-06 2.640293e-11 1.304115e+14 1.225177e+14 2.023563e+09 3.975485e+13 3.734848e+13 6.168658e+08 
500 911925 1.550000e+00 2.374598e+03 1.959811e+00 3.217000e-05 1.890324e-06 1.645520e-06 3.046642e-11 1.437402e+14 1.242107e+14 2.326564e+09 4.381821e+13 3.786475e+13 7.092365e+08 
500 911925 1.600000e+00 2.350798e+03 1.952517e+00 3.217000e-05 2.105312e-06 1.938766e-06 3.485280e-11 1.566614e+14 1.409677e+14 2.600706e+09 4.775739e+13 4.297323e+13 7.928108e+08 
500 911925 1.650000e+00 2.327098e+03 1.932320e+00 3.569000e-05 2.305713e-06 1.936145e-06 4.003166e-11 1.677616e+14 1.368415e+14 2.916884e+09 5.114146e+13 4.171556e+13 8.892001e+08 
500 911925 1.700000e+00 2.303693e+03 1.900156e+00 3.920000e-05 2.484881e-06 1.893023e-06 4.540380e-11 1.772486e+14 1.536700e+14 3.193800e+09 5.403378e+13 4.684587e+13 9.736212e+08 
500 911925 1.750000e+00 2.281347e+03 1.856996e+00 3.870000e-05 2.622536e-06 2.154760e-06 4.985508e-11 1.835962e+14 1.464245e+14 3.489296e+09 5.596906e+13 4.463729e+13 1.063707e+09 
500 911925 1.800000e+00 2.259379e+03 1.802337e+00 4.222000e-05 2.714108e-06 2.077840e-06 5.467752e-11 1.865740e+14 1.379767e+14 3.753446e+09 5.687707e+13 4.206216e+13 1.144237e+09 



500 1215900 5.000000e-01 1.812090e+03 2.194043e-01 4.638000e-05 5.200720e-10 4.691739e-10 1.196100e-14 9.945720e+10 8.852097e+10 2.285380e+06 3.031533e+10 2.698190e+10 6.966012e+05 
500 1215900 5.500000e-01 1.913627e+03 3.132545e-01 3.975000e-05 1.588275e-09 1.374282e-09 3.131530e-14 2.776928e+11 2.614348e+11 5.385327e+06 8.464487e+10 7.968925e+10 1.641527e+06 
500 1215900 6.000000e-01 2.005397e+03 4.049439e-01 3.502000e-05 3.730630e-09 3.261206e-09 6.553562e-14 6.048525e+11 5.175694e+11 1.059098e+07 1.843713e+11 1.577658e+11 3.228346e+06 
500 1215900 6.500000e-01 2.096676e+03 5.089986e-01 2.982000e-05 7.902007e-09 7.599023e-09 1.248906e-13 1.187181e+12 1.127162e+12 1.877647e+07 3.618831e+11 3.435878e+11 5.723545e+06 
500 1215900 7.000000e-01 2.175420e+03 6.027767e-01 3.124000e-05 1.417531e-08 1.243281e-08 2.128463e-13 2.001230e+12 1.922846e+12 2.944228e+07 6.100341e+11 5.861405e+11 8.974875e+06 
500 1215900 7.500000e-01 2.251954e+03 7.046846e-01 2.792000e-05 2.425274e-08 2.205528e-08 3.399950e-13 3.232151e+12 2.878820e+12 4.525278e+07 9.852680e+11 8.775612e+11 1.379456e+07 
500 1215900 8.000000e-01 2.334624e+03 8.234234e-01 2.460000e-05 4.333570e-08 4.157976e-08 5.649534e-13 5.395891e+12 5.106847e+12 7.047656e+07 1.644871e+12 1.556760e+12 2.148391e+07 
500 1215900 8.500000e-01 2.398950e+03 9.269205e-01 2.508000e-05 6.738046e-08 6.193797e-08 8.500707e-13 7.946294e+12 7.654314e+12 9.928356e+07 2.422357e+12 2.333349e+12 3.026570e+07 
500 1215900 9.000000e-01 2.451211e+03 1.021405e+00 2.555000e-05 9.762651e-08 8.682931e-08 1.201064e-12 1.098427e+13 1.076369e+13 1.317771e+08 3.348486e+12 3.281244e+12 4.017144e+07 
500 1215900 9.500000e-01 2.496853e+03 1.119341e+00 2.177000e-05 1.404758e-07 1.380280e-07 1.645023e-12 1.507998e+13 1.448540e+13 1.770730e+08 4.597079e+12 4.415826e+12 5.398009e+07 
500 1215900 1.000000e+00 2.530744e+03 1.212548e+00 2.177000e-05 1.956482e-07 1.904782e-07 2.255316e-12 2.009255e+13 1.903759e+13 2.320275e+08 6.125195e+12 5.803592e+12 7.073337e+07 
500 1215900 1.050000e+00 2.551093e+03 1.295467e+00 2.177000e-05 2.601455e-07 2.526190e-07 2.967335e-12 2.570413e+13 2.425353e+13 2.935133e+08 7.835936e+12 7.393720e+12 8.947789e+07 
500 1215900 1.100000e+00 2.558763e+03 1.380914e+00 2.319000e-05 3.482839e-07 3.112405e-07 3.980046e-12 3.296488e+13 3.137016e+13 3.738022e+08 1.004946e+13 9.563305e+12 1.139549e+08 
500 1215900 1.150000e+00 2.553763e+03 1.455485e+00 2.319000e-05 4.485512e-07 4.093129e-07 5.110956e-12 4.100437e+13 3.897444e+13 4.614422e+08 1.250041e+13 1.188157e+13 1.406732e+08 
500 1215900 1.200000e+00 2.540595e+03 1.518089e+00 2.271000e-05 5.602037e-07 5.138806e-07 6.367101e-12 4.948318e+13 4.356871e+13 5.625510e+08 1.508531e+13 1.328224e+13 1.714977e+08 
500 1215900 1.250000e+00 2.521244e+03 1.576937e+00 2.224000e-05 6.942474e-07 6.436827e-07 7.907242e-12 5.938259e+13 5.419256e+13 6.783190e+08 1.810331e+13 1.652109e+13 2.067916e+08 
500 1215900 1.300000e+00 2.497786e+03 1.628927e+00 2.366000e-05 8.469092e-07 7.309794e-07 9.807308e-12 7.027584e+13 6.515430e+13 8.066754e+08 2.142433e+13 1.986297e+13 2.459235e+08 
500 1215900 1.350000e+00 2.473121e+03 1.668713e+00 2.366000e-05 1.013246e-06 9.163950e-07 1.189990e-11 8.169735e+13 7.065940e+13 9.575122e+08 2.490642e+13 2.154137e+13 2.919091e+08 
500 1215900 1.400000e+00 2.449427e+03 1.697460e+00 2.508000e-05 1.183012e-06 9.946596e-07 1.422378e-11 9.289753e+13 8.425380e+13 1.106654e+09 2.832106e+13 2.568590e+13 3.373783e+08 
500 1215900 1.450000e+00 2.423262e+03 1.721742e+00 2.461000e-05 1.382015e-06 1.205517e-06 1.696694e-11 1.055531e+14 9.015257e+13 1.295506e+09 3.217944e+13 2.748435e+13 3.949541e+08 
500 1215900 1.500000e+00 2.400268e+03 1.727757e+00 2.650000e-05 1.552589e-06 1.303668e-06 1.966181e-11 1.159327e+14 1.022876e+14 1.451516e+09 3.534393e+13 3.118401e+13 4.425177e+08 
500 1215900 1.550000e+00 2.376253e+03 1.726760e+00 2.603000e-05 1.733895e-06 1.519066e-06 2.259966e-11 1.264061e+14 1.061313e+14 1.645535e+09 3.853708e+13 3.235595e+13 5.016695e+08 
500 1215900 1.600000e+00 2.352062e+03 1.713401e+00 2.555000e-05 1.900114e-06 1.728489e-06 2.544891e-11 1.355318e+14 1.216254e+14 1.820271e+09 4.131937e+13 3.707973e+13 5.549430e+08 
500 1215900 1.650000e+00 2.328410e+03 1.687875e+00 2.887000e-05 2.041929e-06 1.654845e-06 2.901711e-11 1.429074e+14 1.129005e+14 2.027355e+09 4.356808e+13 3.441992e+13 6.180784e+08 
500 1215900 1.700000e+00 2.304591e+03 1.650724e+00 3.265000e-05 2.156961e-06 1.586713e-06 3.258534e-11 1.477994e+14 1.251236e+14 2.187775e+09 4.505968e+13 3.814649e+13 6.669878e+08 
500 1215900 1.750000e+00 2.281479e+03 1.603048e+00 3.218000e-05 2.214860e-06 1.777478e-06 3.497817e-11 1.491257e+14 1.166629e+14 2.352379e+09 4.546416e+13 3.556719e+13 7.171730e+08 
500 1215900 1.800000e+00 2.259757e+03 1.545938e+00 3.549000e-05 2.219962e-06 1.636054e-06 3.759665e-11 1.473536e+14 1.052341e+14 2.483540e+09 4.492405e+13 3.208296e+13 7.571625e+08 



700 101325 5.000000e-01 1.977182e+03 2.241752e+00 3.046900e-04 7.762931e-09 7.681468e-09 1.213408e-12 1.911917e+12 1.886597e+12 3.023413e+08 5.801457e+11 5.724686e+11 9.173809e+07 
700 101325 5.500000e-01 2.071459e+03 2.619658e+00 3.093700e-04 1.403982e-08 1.331791e-08 2.064880e-12 3.218604e+12 3.215900e+12 4.688572e+08 9.768772e+11 9.760621e+11 1.422981e+08 
700 101325 6.000000e-01 2.156445e+03 2.981098e+00 2.718700e-04 2.347677e-08 2.310611e-08 3.209710e-12 5.043144e+12 4.918533e+12 6.982879e+08 1.530962e+12 1.493155e+12 2.119749e+08 
700 101325 6.500000e-01 2.230764e+03 3.324775e+00 2.718700e-04 3.695983e-08 3.498332e-08 4.844806e-12 7.484584e+12 7.472698e+12 9.695512e+08 2.272539e+12 2.268924e+12 2.943747e+08 
700 101325 7.000000e-01 2.296025e+03 3.644745e+00 2.343700e-04 5.509766e-08 5.495485e-08 6.761391e-12 1.055409e+13 1.051916e+13 1.318387e+09 3.205042e+12 3.194442e+12 4.003525e+08 
700 101325 7.500000e-01 2.350015e+03 3.951603e+00 2.343700e-04 7.949497e-08 7.878945e-08 9.449199e-12 1.445456e+13 1.423553e+13 1.743454e+09 4.390151e+12 4.323662e+12 5.295090e+08 
700 101325 8.000000e-01 2.396241e+03 4.234337e+00 2.296900e-04 1.105346e-07 1.077542e-07 1.275270e-11 1.915144e+13 1.851015e+13 2.240598e+09 5.817438e+12 5.622686e+12 6.805853e+08 
700 101325 8.500000e-01 2.435334e+03 4.503972e+00 2.296900e-04 1.497527e-07 1.462191e-07 1.686036e-11 2.479056e+13 2.401098e+13 2.829175e+09 7.531245e+12 7.294467e+12 8.594671e+08 
700 101325 9.000000e-01 2.466640e+03 4.755765e+00 2.250000e-04 1.986269e-07 1.930898e-07 2.180355e-11 3.142033e+13 3.037054e+13 3.504416e+09 9.546354e+12 9.227448e+12 1.064709e+09 
700 101325 9.500000e-01 2.492067e+03 4.989318e+00 2.156200e-04 2.576439e-07 2.474206e-07 2.760799e-11 3.919372e+13 3.734415e+13 4.261546e+09 1.190924e+13 1.134731e+13 1.294866e+09 
700 101325 1.000000e+00 2.512091e+03 5.201665e+00 2.109400e-04 3.293556e-07 3.181959e-07 3.454699e-11 4.815764e+13 4.625275e+13 5.132278e+09 1.463427e+13 1.405548e+13 1.559576e+09 
700 101325 1.050000e+00 2.527221e+03 5.402282e+00 2.062500e-04 4.141076e-07 4.047408e-07 4.271169e-11 5.833613e+13 5.677071e+13 6.118189e+09 1.772878e+13 1.725309e+13 1.859322e+09 
700 101325 1.100000e+00 2.537908e+03 5.591114e+00 1.968700e-04 5.140930e-07 5.032275e-07 5.203927e-11 6.991913e+13 6.817397e+13 7.203521e+09 2.125051e+13 2.072017e+13 2.189321e+09 
700 101325 1.150000e+00 2.544163e+03 5.745307e+00 1.921900e-04 6.296058e-07 6.245668e-07 6.281200e-11 8.282654e+13 8.192947e+13 8.415020e+09 2.517519e+13 2.490258e+13 2.557703e+09 
700 101325 1.200000e+00 2.546629e+03 5.912433e+00 1.828100e-04 7.642507e-07 7.601053e-07 7.493640e-11 9.720623e+13 9.660750e+13 9.735448e+09 2.954784e+13 2.936586e+13 2.959235e+09 
700 101325 1.250000e+00 2.545111e+03 6.052050e+00 1.968700e-04 9.178543e-07 8.953044e-07 9.070852e-11 1.132494e+14 1.101909e+14 1.139366e+10 3.442655e+13 3.349684e+13 3.463481e+09 
700 101325 1.300000e+00 2.541971e+03 6.183612e+00 1.875000e-04 1.090577e-06 1.076026e-06 1.065910e-10 1.305448e+14 1.286420e+14 1.301529e+10 3.968635e+13 3.910796e+13 3.956659e+09 
700 101325 1.350000e+00 2.534351e+03 6.288486e+00 2.015600e-04 1.289441e-06 1.234374e-06 1.267965e-10 1.500539e+14 1.489933e+14 1.476933e+10 4.561967e+13 4.529726e+13 4.490129e+09 
700 101325 1.400000e+00 2.524686e+03 6.404864e+00 1.921900e-04 1.508522e-06 1.468058e-06 1.473272e-10 1.706860e+14 1.659729e+14 1.699551e+10 5.189486e+13 5.046193e+13 5.167182e+09 
700 101325 1.450000e+00 2.511518e+03 6.501240e+00 1.828100e-04 1.755834e-06 1.726671e-06 1.698209e-10 1.935463e+14 1.901655e+14 1.910702e+10 5.884801e+13 5.782006e+13 5.809426e+09 
700 101325 1.500000e+00 2.496677e+03 6.574647e+00 1.968800e-04 2.023902e-06 1.939606e-06 1.987147e-10 2.173865e+14 2.081968e+14 2.174155e+10 6.609956e+13 6.330527e+13 6.610741e+09 
700 101325 1.550000e+00 2.481253e+03 6.649601e+00 1.921900e-04 2.326246e-06 2.280970e-06 2.279051e-10 2.437316e+14 2.361836e+14 2.428739e+10 7.411328e+13 7.181805e+13 7.385142e+09 
700 101325 1.600000e+00 2.462955e+03 6.689891e+00 2.015600e-04 2.649645e-06 2.458715e-06 2.629433e-10 2.710675e+14 2.675989e+14 2.700364e+10 8.242880e+13 8.137402e+13 8.211417e+09 
700 101325 1.650000e+00 2.445261e+03 6.720478e+00 1.968800e-04 3.001843e-06 2.880947e-06 2.982458e-10 2.998825e+14 2.878557e+14 3.036805e+10 9.119459e+13 8.753711e+13 9.234834e+09 
700 101325 1.700000e+00 2.427675e+03 6.770330e+00 1.921900e-04 3.385228e-06 3.309074e-06 3.372465e-10 3.306848e+14 3.193870e+14 3.351663e+10 1.005652e+14 9.712929e+13 1.019268e+10 
700 101325 1.750000e+00 2.408765e+03 6.777960e+00 2.062500e-04 3.797159e-06 3.560094e-06 3.848074e-10 3.628794e+14 3.328670e+14 3.735545e+10 1.103598e+14 1.012320e+14 1.136049e+10 
700 101325 1.800000e+00 2.389399e+03 6.782471e+00 2.015600e-04 4.230999e-06 4.053980e-06 4.319634e-10 3.958407e+14 3.733980e+14 4.107547e+10 1.203880e+14 1.135622e+14 1.249223e+10 



700 303975 5.000000e-01 1.975328e+03 1.416085e+00 1.101500e-04 4.411486e-09 4.154091e-09 2.543947e-13 9.505136e+11 8.776552e+11 5.497462e+07 2.893682e+11 2.671886e+11 1.673598e+07 
700 303975 5.500000e-01 2.070833e+03 1.715852e+00 9.914000e-05 8.771884e-09 8.618593e-09 4.616851e-13 1.756725e+12 1.708888e+12 9.309770e+07 5.348493e+11 5.202862e+11 2.834411e+07 
700 303975 6.000000e-01 2.160211e+03 2.019376e+00 9.914000e-05 1.597428e-08 1.484791e-08 7.929864e-13 2.990524e+12 2.730247e+12 1.492603e+08 9.105540e+11 8.313076e+11 4.544634e+07 
700 303975 6.500000e-01 2.241661e+03 2.324793e+00 8.629000e-05 2.710166e-08 2.693247e-08 1.242969e-12 4.772484e+12 4.711194e+12 2.209967e+08 1.453216e+12 1.434555e+12 6.729262e+07 
700 303975 7.000000e-01 2.314453e+03 2.624182e+00 8.629000e-05 4.332767e-08 4.220791e-08 1.908042e-12 7.197359e+12 6.937476e+12 3.197260e+08 2.191707e+12 2.112572e+12 9.736066e+07 
700 303975 7.500000e-01 2.378125e+03 2.910499e+00 8.629000e-05 6.591941e-08 6.269360e-08 2.803943e-12 1.037456e+13 1.018823e+13 4.383201e+08 3.159366e+12 3.102629e+12 1.334806e+08 
700 303975 8.000000e-01 2.432448e+03 3.187921e+00 7.711000e-05 9.663647e-08 9.452205e-08 3.913568e-12 1.444517e+13 1.402214e+13 5.919984e+08 4.399183e+12 4.270358e+12 1.802878e+08 
700 303975 8.500000e-01 2.478466e+03 3.454961e+00 7.711000e-05 1.369026e-07 1.329848e-07 5.399940e-12 1.949493e+13 1.880567e+13 7.785530e+08 5.937289e+12 5.727375e+12 2.371107e+08 
700 303975 9.000000e-01 2.516195e+03 3.704941e+00 7.527000e-05 1.884576e-07 1.795989e-07 7.244467e-12 2.565745e+13 2.426133e+13 9.987572e+08 7.814394e+12 7.389189e+12 3.041855e+08 
700 303975 9.500000e-01 2.546074e+03 3.941733e+00 6.792000e-05 2.531702e-07 2.524297e-07 9.337803e-12 3.305884e+13 3.291137e+13 1.240272e+09 1.006893e+13 1.002402e+13 3.777545e+08 
700 303975 1.000000e+00 2.569189e+03 4.164044e+00 7.344000e-05 3.323966e-07 3.165971e-07 1.231459e-11 4.173034e+13 3.942494e+13 1.563843e+09 1.271044e+13 1.200825e+13 4.763200e+08 
700 303975 1.050000e+00 2.586276e+03 4.368928e+00 7.160000e-05 4.301436e-07 4.071455e-07 1.564664e-11 5.188584e+13 4.883052e+13 1.913341e+09 1.580408e+13 1.487345e+13 5.827870e+08 
700 303975 1.100000e+00 2.596756e+03 4.561616e+00 7.160000e-05 5.433689e-07 5.252890e-07 1.957734e-11 6.332217e+13 5.983085e+13 2.304128e+09 1.928799e+13 1.822453e+13 7.018351e+08 
700 303975 1.150000e+00 2.601754e+03 4.738825e+00 6.977000e-05 6.813604e-07 6.619981e-07 2.422309e-11 7.661649e+13 7.270349e+13 2.754954e+09 2.333800e+13 2.214606e+13 8.391761e+08 
700 303975 1.200000e+00 2.601596e+03 4.898324e+00 6.793000e-05 8.420330e-07 8.222807e-07 2.963209e-11 9.154117e+13 8.792612e+13 3.262499e+09 2.788478e+13 2.678357e+13 9.937993e+08 
700 303975 1.250000e+00 2.596273e+03 5.044450e+00 6.609000e-05 1.027402e-06 1.013731e-06 3.582070e-11 1.081439e+14 1.065666e+14 3.835954e+09 3.294289e+13 3.246241e+13 1.168505e+09 
700 303975 1.300000e+00 2.587412e+03 5.173552e+00 7.160000e-05 1.233717e-06 1.147897e-06 4.352420e-11 1.260507e+14 1.249597e+14 4.446906e+09 3.839837e+13 3.806603e+13 1.354638e+09 
700 303975 1.350000e+00 2.574594e+03 5.290876e+00 6.976000e-05 1.474483e-06 1.399977e-06 5.184626e-11 1.464594e+14 1.386208e+14 5.222411e+09 4.461619e+13 4.222828e+13 1.590905e+09 
700 303975 1.400000e+00 2.559828e+03 5.387651e+00 6.793000e-05 1.747317e-06 1.681756e-06 6.126626e-11 1.686894e+14 1.619947e+14 6.004838e+09 5.138904e+13 4.934954e+13 1.829287e+09 
700 303975 1.450000e+00 2.542321e+03 5.472888e+00 6.609000e-05 2.049974e-06 2.002012e-06 7.168093e-11 1.925511e+14 1.877330e+14 6.845465e+09 5.865912e+13 5.719129e+13 2.085405e+09 
700 303975 1.500000e+00 2.522248e+03 5.535663e+00 7.159000e-05 2.385379e-06 2.181886e-06 8.506618e-11 2.181815e+14 2.146166e+14 7.775205e+09 6.646819e+13 6.538212e+13 2.368677e+09 
700 303975 1.550000e+00 2.503038e+03 5.588347e+00 7.159000e-05 2.751226e-06 2.620771e-06 9.885649e-11 2.453698e+14 2.290429e+14 8.921029e+09 7.475206e+13 6.977798e+13 2.717785e+09 
700 303975 1.600000e+00 2.483364e+03 5.629005e+00 6.976000e-05 3.147100e-06 3.045359e-06 1.135911e-10 2.738863e+14 2.597336e+14 1.001285e+10 8.344073e+13 7.912897e+13 3.050449e+09 
700 303975 1.650000e+00 2.463278e+03 5.654456e+00 7.527000e-05 3.565944e-06 3.217409e-06 1.316037e-10 3.031402e+14 2.960342e+14 1.119353e+10 9.235424e+13 9.018931e+13 3.410192e+09 
700 303975 1.700000e+00 2.442962e+03 5.656944e+00 7.344000e-05 4.022356e-06 3.717175e-06 1.499223e-10 3.341466e+14 3.086473e+14 1.263825e+10 1.018018e+14 9.403304e+13 3.850383e+09 
700 303975 1.750000e+00 2.421850e+03 5.646856e+00 7.344000e-05 4.483809e-06 4.301612e-06 1.697360e-10 3.650945e+14 3.425288e+14 1.396938e+10 1.112318e+14 1.043567e+14 4.255978e+09 
700 303975 1.800000e+00 2.401744e+03 5.622131e+00 7.894000e-05 4.974088e-06 4.457282e-06 1.938036e-10 3.960444e+14 3.545969e+14 1.562453e+10 1.206625e+14 1.080345e+14 4.760294e+09 



700 607950 5.000000e-01 1.972237e+03 9.871473e-01 6.330000e-05 3.081301e-09 2.773129e-09 9.864650e-14 6.030271e+11 5.285697e+11 1.928634e+07 1.837333e+11 1.610475e+11 5.876242e+06 
700 607950 5.500000e-01 2.068952e+03 1.228683e+00 5.843000e-05 6.511169e-09 5.862871e-09 1.903138e-13 1.181837e+12 1.032527e+12 3.452022e+07 3.601028e+11 3.146085e+11 1.051819e+07 
700 607950 6.000000e-01 2.159888e+03 1.482675e+00 5.356000e-05 1.247855e-08 1.166961e-08 3.366260e-13 2.110414e+12 1.933230e+12 5.704112e+07 6.430605e+11 5.890718e+11 1.738085e+07 
700 607950 6.500000e-01 2.244379e+03 1.737076e+00 4.788000e-05 2.202506e-08 2.151765e-08 5.509855e-13 3.495066e+12 3.327868e+12 8.765403e+07 1.065009e+12 1.014061e+12 2.670967e+07 
700 607950 7.000000e-01 2.320344e+03 1.984357e+00 4.788000e-05 3.621197e-08 3.373733e-08 8.652406e-13 5.415038e+12 4.845065e+12 1.295629e+08 1.650103e+12 1.476419e+12 3.948108e+07 
700 607950 7.500000e-01 2.388607e+03 2.231462e+00 4.139000e-05 5.680793e-08 5.613538e-08 1.271363e-12 8.040249e+12 7.865528e+12 1.814254e+08 2.450134e+12 2.396892e+12 5.528625e+07 
700 607950 8.000000e-01 2.448129e+03 2.476301e+00 4.139000e-05 8.547568e-08 8.311131e-08 1.855102e-12 1.147724e+13 1.100912e+13 2.510380e+08 3.497578e+12 3.354924e+12 7.650121e+07 
700 607950 8.500000e-01 2.498460e+03 2.713367e+00 4.139000e-05 1.233356e-07 1.182337e-07 2.607840e-12 1.580769e+13 1.488577e+13 3.360953e+08 4.817336e+12 4.536384e+12 1.024235e+08 
700 607950 9.000000e-01 2.540753e+03 2.941262e+00 4.139000e-05 1.737748e-07 1.647796e-07 3.580461e-12 2.124121e+13 2.088451e+13 4.358902e+08 6.473299e+12 6.364594e+12 1.328380e+08 
700 607950 9.500000e-01 2.574659e+03 3.157245e+00 4.058000e-05 2.381022e-07 2.212713e-07 4.796032e-12 2.786506e+13 2.712482e+13 5.596003e+08 8.492068e+12 8.266476e+12 1.705416e+08 
700 607950 1.000000e+00 2.600542e+03 3.363056e+00 4.058000e-05 3.181580e-07 2.968202e-07 6.306435e-12 3.577410e+13 3.492640e+13 7.067365e+08 1.090257e+13 1.064422e+13 2.153855e+08 
700 607950 1.050000e+00 2.618416e+03 3.546961e+00 3.977000e-05 4.135906e-07 3.818958e-07 8.074704e-12 4.477425e+13 4.347386e+13 8.716500e+08 1.364565e+13 1.324933e+13 2.656482e+08 
700 607950 1.100000e+00 2.629348e+03 3.725794e+00 3.895000e-05 5.342286e-07 4.925421e-07 1.029344e-11 5.567547e+13 5.412787e+13 1.070297e+09 1.696818e+13 1.649652e+13 3.261931e+08 
700 607950 1.150000e+00 2.633337e+03 3.899377e+00 3.814000e-05 6.811975e-07 6.304611e-07 1.298303e-11 6.842488e+13 6.672426e+13 1.301644e+09 2.085406e+13 2.033576e+13 3.967051e+08 
700 607950 1.200000e+00 2.630667e+03 4.050174e+00 3.733000e-05 8.493152e-07 7.946579e-07 1.608907e-11 8.262986e+13 7.606241e+13 1.578254e+09 2.518363e+13 2.318202e+13 4.810137e+08 
700 607950 1.250000e+00 2.622323e+03 4.182054e+00 3.733000e-05 1.040230e-06 1.000731e-06 1.962843e-11 9.806381e+13 9.138763e+13 1.862933e+09 2.988784e+13 2.785307e+13 5.677827e+08 
700 607950 1.300000e+00 2.609833e+03 4.303315e+00 3.652000e-05 1.265050e-06 1.228579e-06 2.379034e-11 1.155889e+14 1.094801e+14 2.191342e+09 3.522945e+13 3.336759e+13 6.678814e+08 
700 607950 1.350000e+00 2.594077e+03 4.410202e+00 3.571000e-05 1.518184e-06 1.491155e-06 2.848576e-11 1.346701e+14 1.311888e+14 2.557295e+09 4.104545e+13 3.998440e+13 7.794242e+08 
700 607950 1.400000e+00 2.576708e+03 4.499958e+00 3.490000e-05 1.796006e-06 1.775765e-06 3.369330e-11 1.549474e+14 1.523041e+14 2.946091e+09 4.722604e+13 4.642039e+13 8.979307e+08 
700 607950 1.450000e+00 2.555622e+03 4.573432e+00 3.734000e-05 2.109922e-06 2.017049e-06 4.046260e-11 1.771196e+14 1.675154e+14 3.432180e+09 5.398429e+13 5.105702e+13 1.046093e+09 
700 607950 1.500000e+00 2.534869e+03 4.630074e+00 3.976000e-05 2.453713e-06 2.215110e-06 4.792165e-11 2.006599e+14 1.927217e+14 3.912621e+09 6.115962e+13 5.874009e+13 1.192535e+09 
700 607950 1.550000e+00 2.513998e+03 4.670044e+00 3.895000e-05 2.823618e-06 2.611153e-06 5.570830e-11 2.252062e+14 2.056332e+14 4.484938e+09 6.864164e+13 6.267586e+13 1.366983e+09 
700 607950 1.600000e+00 2.492952e+03 4.693464e+00 3.814000e-05 3.217502e-06 3.035469e-06 6.414953e-11 2.505258e+14 2.336972e+14 5.046717e+09 7.635945e+13 7.123011e+13 1.538221e+09 
700 607950 1.650000e+00 2.471566e+03 4.701375e+00 3.814000e-05 3.628294e-06 3.528821e-06 7.336481e-11 2.760925e+14 2.663667e+14 5.646208e+09 8.415263e+13 8.118819e+13 1.720954e+09 
700 607950 1.700000e+00 2.450728e+03 4.691087e+00 4.382000e-05 4.051830e-06 3.486780e-06 8.561728e-11 3.016114e+14 2.952861e+14 6.257627e+09 9.193132e+13 9.000335e+13 1.907326e+09 
700 607950 1.750000e+00 2.428988e+03 4.662036e+00 4.301000e-05 4.475715e-06 3.984237e-06 9.651596e-11 3.262171e+14 2.859634e+14 7.082948e+09 9.943175e+13 8.716227e+13 2.158896e+09 
700 607950 1.800000e+00 2.408382e+03 4.617358e+00 4.301000e-05 4.894147e-06 4.574406e-06 1.081747e-10 3.496139e+14 3.169692e+14 7.767725e+09 1.065637e+14 9.661347e+13 2.367631e+09 



700 911925 5.000000e-01 1.973847e+03 7.853151e-01 4.426000e-05 2.514047e-09 2.320945e-09 5.715364e-14 4.644323e+11 4.242834e+11 1.055405e+07 1.415449e+11 1.293089e+11 3.216550e+06 
700 911925 5.500000e-01 2.068372e+03 9.907246e-01 3.967000e-05 5.439587e-09 5.108407e-09 1.118892e-13 9.315848e+11 8.650830e+11 1.917673e+07 2.839263e+11 2.636583e+11 5.844634e+06 
700 911925 6.000000e-01 2.159295e+03 1.205859e+00 3.739000e-05 1.070590e-08 9.812750e-09 2.037433e-13 1.708861e+12 1.544638e+12 3.252309e+07 5.208351e+11 4.707826e+11 9.912533e+06 
700 911925 6.500000e-01 2.243541e+03 1.422639e+00 3.510000e-05 1.930644e-08 1.782603e-08 3.431658e-13 2.886551e+12 2.633111e+12 5.135799e+07 8.797953e+11 8.025494e+11 1.565344e+07 
700 911925 7.000000e-01 2.322433e+03 1.646299e+00 3.281000e-05 3.274238e-08 3.115798e-08 5.465401e-13 4.595288e+12 4.258041e+12 7.686054e+07 1.400629e+12 1.297838e+12 2.342681e+07 
700 911925 7.500000e-01 2.390784e+03 1.858016e+00 3.281000e-05 5.131404e-08 4.625923e-08 8.239114e-13 6.823229e+12 6.518474e+12 1.083040e+08 2.079731e+12 1.986842e+12 3.301118e+07 
700 911925 8.000000e-01 2.453397e+03 2.076600e+00 2.976000e-05 7.848204e-08 7.426975e-08 1.199938e-12 9.894397e+12 9.295430e+12 1.521574e+08 3.015873e+12 2.833305e+12 4.637843e+07 
700 911925 8.500000e-01 2.507487e+03 2.288154e+00 2.976000e-05 1.153218e-07 1.062055e-07 1.712817e-12 1.385016e+13 1.362445e+13 2.035150e+08 4.221670e+12 4.152872e+12 6.203335e+07 
700 911925 9.000000e-01 2.552527e+03 2.490135e+00 2.976000e-05 1.639477e-07 1.475365e-07 2.371179e-12 1.877461e+13 1.805006e+13 2.686298e+08 5.722761e+12 5.501909e+12 8.188197e+07 
700 911925 9.500000e-01 2.589152e+03 2.686046e+00 2.670000e-05 2.269092e-07 2.210913e-07 3.165953e-12 2.485206e+13 2.375496e+13 3.488263e+08 7.575336e+12 7.240923e+12 1.063281e+08 
700 911925 1.000000e+00 2.617993e+03 2.883579e+00 2.632000e-05 3.103033e-07 3.001962e-07 4.243961e-12 3.254143e+13 3.112587e+13 4.485380e+08 9.919295e+12 9.487802e+12 1.367234e+08 
700 911925 1.050000e+00 2.636953e+03 3.056483e+00 2.594000e-05 4.063573e-07 3.922432e-07 5.489554e-12 4.102411e+13 3.854071e+13 5.572874e+08 1.250510e+13 1.174810e+13 1.698740e+08 
700 911925 1.100000e+00 2.648060e+03 3.224947e+00 2.594000e-05 5.254136e-07 5.129540e-07 7.041846e-12 5.111722e+13 4.870447e+13 6.890329e+08 1.558185e+13 1.484638e+13 2.100348e+08 
700 911925 1.150000e+00 2.651674e+03 3.369800e+00 2.518000e-05 6.597042e-07 6.390569e-07 8.744604e-12 6.200156e+13 5.886262e+13 8.276022e+08 1.889982e+13 1.794298e+13 2.522762e+08 
700 911925 1.200000e+00 2.648124e+03 3.510962e+00 2.480000e-05 8.265957e-07 8.077820e-07 1.089195e-11 7.515002e+13 7.279476e+13 9.989323e+08 2.290801e+13 2.219006e+13 3.045047e+08 
700 911925 1.250000e+00 2.638155e+03 3.637576e+00 2.747000e-05 1.020859e-06 9.240748e-07 1.364005e-11 8.982655e+13 8.775386e+13 1.188952e+09 2.738206e+13 2.675023e+13 3.624309e+08 
700 911925 1.300000e+00 2.623701e+03 3.750141e+00 2.709000e-05 1.239570e-06 1.147457e-06 1.661179e-11 1.060126e+14 1.039077e+14 1.398960e+09 3.231630e+13 3.167466e+13 4.264509e+08 
700 911925 1.350000e+00 2.606079e+03 3.847903e+00 2.633000e-05 1.492705e-06 1.390715e-06 1.999009e-11 1.236781e+14 1.136007e+14 1.667232e+09 3.770158e+13 3.462964e+13 5.082326e+08 
700 911925 1.400000e+00 2.586025e+03 3.925052e+00 2.595000e-05 1.770286e-06 1.688323e-06 2.382857e-11 1.426006e+14 1.340659e+14 1.934120e+09 4.347009e+13 4.086840e+13 5.895931e+08 
700 911925 1.450000e+00 2.564607e+03 3.992592e+00 2.862000e-05 2.070954e-06 1.820073e-06 2.861311e-11 1.627954e+14 1.560589e+14 2.223810e+09 4.962651e+13 4.757297e+13 6.779052e+08 
700 911925 1.500000e+00 2.543979e+03 4.041813e+00 2.824000e-05 2.395540e-06 2.165918e-06 3.340537e-11 1.831893e+14 1.786321e+14 2.525515e+09 5.584366e+13 5.445444e+13 7.698807e+08 
700 911925 1.550000e+00 2.521881e+03 4.070588e+00 2.785000e-05 2.745134e-06 2.555779e-06 3.878061e-11 2.048194e+14 1.854416e+14 2.907030e+09 6.243772e+13 5.653052e+13 8.861865e+08 
700 911925 1.600000e+00 2.501411e+03 4.091057e+00 3.052000e-05 3.086540e-06 2.645719e-06 4.500918e-11 2.253438e+14 2.097486e+14 3.248576e+09 6.869473e+13 6.394062e+13 9.903088e+08 
700 911925 1.650000e+00 2.479120e+03 4.085731e+00 3.014000e-05 3.450751e-06 3.082645e-06 5.138120e-11 2.462119e+14 2.125498e+14 3.675657e+09 7.505660e+13 6.479483e+13 1.120507e+09 
700 911925 1.700000e+00 2.457555e+03 4.068144e+00 2.976000e-05 3.819365e-06 3.528916e-06 5.801409e-11 2.666657e+14 2.398043e+14 4.066618e+09 8.129217e+13 7.310355e+13 1.239695e+09 
700 911925 1.750000e+00 2.436216e+03 4.028514e+00 3.243000e-05 4.179471e-06 3.608271e-06 6.609294e-11 2.858282e+14 2.378932e+14 4.528485e+09 8.713414e+13 7.252124e+13 1.380499e+09 
700 911925 1.800000e+00 2.415469e+03 3.972290e+00 3.510000e-05 4.515154e-06 3.621169e-06 7.438409e-11 3.026936e+14 2.654167e+14 4.936533e+09 9.227590e+13 8.091204e+13 1.504897e+09 



700 1215900 5.000000e-01 1.971469e+03 6.558668e-01 3.668000e-05 2.039875e-09 1.813469e-09 3.725905e-14 3.634248e+11 3.137035e+11 6.617018e+06 1.107762e+11 9.562067e+10 2.016945e+06 
700 1215900 5.500000e-01 2.069796e+03 8.425255e-01 3.228000e-05 4.812359e-09 4.368260e-09 7.833305e-14 7.903123e+11 6.965811e+11 1.283161e+07 2.409015e+11 2.123308e+11 3.911304e+06 
700 1215900 6.000000e-01 2.158938e+03 1.030500e+00 3.008000e-05 9.537799e-09 8.436223e-09 1.432118e-13 1.459080e+12 1.386933e+12 2.153203e+07 4.447617e+11 4.227700e+11 6.563462e+06 
700 1215900 6.500000e-01 2.244377e+03 1.227738e+00 2.788000e-05 1.760566e-08 1.588813e-08 2.458524e-13 2.518660e+12 2.431537e+12 3.453453e+07 7.677582e+11 7.412012e+11 1.052709e+07 
700 1215900 7.000000e-01 2.323913e+03 1.429524e+00 2.568000e-05 3.032676e-08 2.862976e-08 3.957464e-13 4.075150e+12 3.759591e+12 5.318272e+07 1.242237e+12 1.146046e+12 1.621180e+07 
700 1215900 7.500000e-01 2.396042e+03 1.630386e+00 2.604000e-05 4.910179e-08 4.411681e-08 6.144935e-13 6.226403e+12 5.988761e+12 7.656904e+07 1.898032e+12 1.825591e+12 2.334099e+07 
700 1215900 8.000000e-01 2.460181e+03 1.828128e+00 2.311000e-05 7.559649e-08 7.237239e-08 8.994949e-13 9.079407e+12 8.503796e+12 1.082760e+08 2.767761e+12 2.592293e+12 3.300676e+07 
700 1215900 8.500000e-01 2.515690e+03 2.021880e+00 2.311000e-05 1.119203e-07 1.037555e-07 1.291985e-12 1.279543e+13 1.263984e+13 1.446430e+08 3.900591e+12 3.853161e+12 4.409331e+07 
700 1215900 9.000000e-01 2.562745e+03 2.210409e+00 2.311000e-05 1.601539e-07 1.444186e-07 1.801251e-12 1.740528e+13 1.709991e+13 1.929081e+08 5.305916e+12 5.212828e+12 5.880709e+07 
700 1215900 9.500000e-01 2.600788e+03 2.392893e+00 2.017000e-05 2.223439e-07 2.193441e-07 2.399186e-12 2.319346e+13 2.256244e+13 2.515811e+08 7.070474e+12 6.878111e+12 7.669389e+07 
700 1215900 1.000000e+00 2.629731e+03 2.567400e+00 1.981000e-05 3.009943e-07 2.944100e-07 3.194041e-12 3.011010e+13 2.893551e+13 3.210467e+08 9.179068e+12 8.820994e+12 9.787107e+07 
700 1215900 1.050000e+00 2.649581e+03 2.732229e+00 1.981000e-05 3.986744e-07 3.905565e-07 4.174448e-12 3.833448e+13 3.693817e+13 4.033476e+08 1.168635e+13 1.126069e+13 1.229614e+08 
700 1215900 1.100000e+00 2.660519e+03 2.887021e+00 1.944000e-05 5.176937e-07 5.055983e-07 5.360308e-12 4.789738e+13 4.603371e+13 4.989706e+08 1.460172e+13 1.403357e+13 1.521132e+08 
700 1215900 1.150000e+00 2.662788e+03 3.028336e+00 1.907000e-05 6.594437e-07 6.461758e-07 6.772962e-12 5.891093e+13 5.682628e+13 6.087851e+08 1.795936e+13 1.732384e+13 1.855917e+08 
700 1215900 1.200000e+00 2.658212e+03 3.152237e+00 1.870000e-05 8.138069e-07 8.002676e-07 8.308674e-12 7.043258e+13 6.902912e+13 7.256949e+08 2.147191e+13 2.104406e+13 2.212336e+08 
700 1215900 1.250000e+00 2.647019e+03 3.269313e+00 2.128000e-05 1.004054e-06 8.884528e-07 1.050396e-11 8.409777e+13 8.291196e+13 8.649233e+08 2.563799e+13 2.527648e+13 2.636798e+08 
700 1215900 1.300000e+00 2.631443e+03 3.369397e+00 2.128000e-05 1.220281e-06 1.121383e-06 1.282642e-11 9.911265e+13 8.889235e+13 1.044586e+09 3.021556e+13 2.709979e+13 3.184531e+08 
700 1215900 1.350000e+00 2.611577e+03 3.455332e+00 2.091000e-05 1.462760e-06 1.372225e-06 1.542451e-11 1.154002e+14 1.056817e+14 1.221029e+09 3.518116e+13 3.221837e+13 3.722455e+08 
700 1215900 1.400000e+00 2.591105e+03 3.527354e+00 2.054000e-05 1.728458e-06 1.652441e-06 1.836567e-11 1.326834e+14 1.242421e+14 1.415436e+09 4.045034e+13 3.787688e+13 4.315145e+08 
700 1215900 1.450000e+00 2.569540e+03 3.585207e+00 2.018000e-05 2.014472e-06 1.952972e-06 2.157926e-11 1.506312e+14 1.435599e+14 1.621879e+09 4.592215e+13 4.376635e+13 4.944535e+08 
700 1215900 1.500000e+00 2.547514e+03 3.623026e+00 2.274000e-05 2.320133e-06 2.034142e-06 2.577726e-11 1.690948e+14 1.639924e+14 1.842584e+09 5.155123e+13 4.999568e+13 5.617410e+08 
700 1215900 1.550000e+00 2.524236e+03 3.644488e+00 2.237000e-05 2.636711e-06 2.386981e-06 2.976670e-11 1.874846e+14 1.653541e+14 2.122715e+09 5.715786e+13 5.041103e+13 6.471458e+08 
700 1215900 1.600000e+00 2.502090e+03 3.650821e+00 2.201000e-05 2.956354e-06 2.756635e-06 3.399716e-11 2.054317e+14 1.869480e+14 2.372395e+09 6.262956e+13 5.699447e+13 7.232674e+08 
700 1215900 1.650000e+00 2.481343e+03 3.643536e+00 2.458000e-05 3.264887e-06 2.733458e-06 3.917726e-11 2.223324e+14 2.105667e+14 2.624161e+09 6.778227e+13 6.419528e+13 8.000253e+08 
700 1215900 1.700000e+00 2.459439e+03 3.614406e+00 2.458000e-05 3.569211e-06 3.176719e-06 4.398852e-11 2.379130e+14 2.059865e+14 2.937347e+09 7.253254e+13 6.279912e+13 8.955089e+08 
700 1215900 1.750000e+00 2.437960e+03 3.569789e+00 2.714000e-05 3.842427e-06 3.086217e-06 4.965932e-11 2.512906e+14 2.269218e+14 3.193373e+09 7.661119e+13 6.918187e+13 9.735664e+08 
700 1215900 1.800000e+00 2.416824e+03 3.510525e+00 2.678000e-05 4.072456e-06 3.474876e-06 5.442510e-11 2.616027e+14 2.160686e+14 3.493496e+09 7.975529e+13 6.587322e+13 1.065068e+09 



