T(K) p(Pa) phi Tf(K) SL(m/s) Xf(m) maxXCH mpXCH intXCH maxSM mpSM intSM maxCM mpCM intCM
300 101325 5.000000e-01 1.689932e+03 1.838001e-01 4.687500e-04 2.512586e-10 2.392936e-10 6.038614e-14 8.035488e+10 7.588412e+10 1.929836e+07 2.435481e+10 2.299826e+10 5.848999e+06 
300 101325 5.500000e-01 1.786807e+03 2.329820e-01 4.062500e-04 5.604027e-10 5.429002e-10 1.197401e-13 1.662497e+11 1.601343e+11 3.556300e+07 5.040664e+10 4.855002e+10 1.078240e+07 
300 101325 6.000000e-01 1.886018e+03 2.873896e-01 3.750000e-04 1.207025e-09 1.141400e-09 2.330837e-13 3.312659e+11 3.134509e+11 6.414780e+07 1.004744e+11 9.506511e+10 1.945582e+07 
300 101325 6.500000e-01 1.979438e+03 3.460034e-01 3.489600e-04 2.293616e-09 2.200223e-09 4.069098e-13 5.844920e+11 5.580158e+11 1.041015e+08 1.773350e+11 1.692909e+11 3.158328e+07 
300 101325 7.000000e-01 2.063568e+03 4.029991e-01 3.125000e-04 3.999765e-09 3.921694e-09 6.575206e-13 9.543827e+11 9.320168e+11 1.577862e+08 2.896340e+11 2.828335e+11 4.788309e+07 
300 101325 7.500000e-01 2.138359e+03 4.570532e-01 3.177000e-04 6.481319e-09 6.048884e-09 1.016303e-12 1.455904e+12 1.351906e+12 2.294678e+08 4.419296e+11 4.103330e+11 6.965125e+07 
300 101325 8.000000e-01 2.199847e+03 5.081716e-01 2.812500e-04 9.747699e-09 9.636920e-09 1.439861e-12 2.077242e+12 2.031195e+12 3.086750e+08 6.306507e+11 6.166465e+11 9.371096e+07 
300 101325 8.500000e-01 2.251839e+03 5.594557e-01 2.812500e-04 1.433905e-08 1.382624e-08 2.049820e-12 2.901049e+12 2.751235e+12 4.169356e+08 8.809062e+11 8.353688e+11 1.265992e+08 
300 101325 9.000000e-01 2.294759e+03 6.085111e-01 2.812500e-04 2.041780e-08 1.921607e-08 2.823325e-12 3.936559e+12 3.630305e+12 5.470815e+08 1.195525e+12 1.102438e+12 1.661420e+08 
300 101325 9.500000e-01 2.330570e+03 6.532335e-01 2.552000e-04 2.785347e-08 2.694310e-08 3.695646e-12 5.140355e+12 4.967599e+12 6.885098e+08 1.561307e+12 1.508776e+12 2.091196e+08 
300 101325 1.000000e+00 2.350020e+03 6.990679e-01 2.552000e-04 3.744347e-08 3.609020e-08 4.858857e-12 6.621365e+12 6.294512e+12 8.653187e+08 2.011385e+12 1.912008e+12 2.628534e+08 
300 101325 1.050000e+00 2.368571e+03 7.411331e-01 2.500000e-04 4.939656e-08 4.714656e-08 6.265928e-12 8.389941e+12 8.007360e+12 1.074399e+09 2.548919e+12 2.432577e+12 3.264009e+08 
300 101325 1.100000e+00 2.378416e+03 7.801343e-01 2.447900e-04 6.375288e-08 6.051859e-08 7.941732e-12 1.042492e+13 9.901660e+12 1.311341e+09 3.167495e+12 3.008352e+12 3.984237e+08 
300 101325 1.150000e+00 2.381429e+03 8.181824e-01 2.395800e-04 8.117340e-08 7.715401e-08 9.924694e-12 1.280174e+13 1.218093e+13 1.581260e+09 3.889999e+12 3.701195e+12 4.804776e+08 
300 101325 1.200000e+00 2.380690e+03 8.492510e-01 2.343700e-04 1.006452e-07 9.612794e-08 1.212095e-11 1.536301e+13 1.469321e+13 1.869943e+09 4.668634e+12 4.464928e+12 5.682420e+08 
300 101325 1.250000e+00 2.368920e+03 8.791515e-01 2.291600e-04 1.242425e-07 1.200331e-07 1.478306e-11 1.836069e+13 1.776306e+13 2.208727e+09 5.580009e+12 5.398232e+12 6.712450e+08 
300 101325 1.300000e+00 2.357174e+03 9.106329e-01 2.447900e-04 1.512858e-07 1.374365e-07 1.801950e-11 2.167112e+13 2.091427e+13 2.571800e+09 6.586549e+12 6.356345e+12 7.816413e+08 
300 101325 1.350000e+00 2.339906e+03 9.369661e-01 2.395900e-04 1.828405e-07 1.693825e-07 2.159588e-11 2.541861e+13 2.310743e+13 3.026735e+09 7.726143e+12 7.023224e+12 9.199678e+08 
300 101325 1.400000e+00 2.321855e+03 9.602498e-01 2.343800e-04 2.188229e-07 2.060710e-07 2.564847e-11 2.956811e+13 2.744555e+13 3.496236e+09 8.987958e+12 8.342320e+12 1.062738e+09 
300 101325 1.450000e+00 2.298910e+03 9.809993e-01 2.291700e-04 2.595075e-07 2.485009e-07 3.022410e-11 3.412282e+13 3.220025e+13 4.011970e+09 1.037307e+13 9.788186e+12 1.219576e+09 
300 101325 1.500000e+00 2.278224e+03 1.000742e+00 2.239600e-04 3.048053e-07 2.951910e-07 3.530190e-11 3.904605e+13 3.743642e+13 4.568557e+09 1.187032e+13 1.138056e+13 1.388847e+09 
300 101325 1.550000e+00 2.255489e+03 1.015969e+00 2.395800e-04 3.552129e-07 3.251203e-07 4.158759e-11 4.438351e+13 4.300991e+13 5.176103e+09 1.349361e+13 1.307562e+13 1.573623e+09 
300 101325 1.600000e+00 2.228275e+03 1.027285e+00 2.343700e-04 4.100588e-07 3.816582e-07 4.802512e-11 5.003195e+13 4.589277e+13 5.912789e+09 1.521157e+13 1.395245e+13 1.797669e+09 
300 101325 1.650000e+00 2.205770e+03 1.037601e+00 2.291700e-04 4.712515e-07 4.458495e-07 5.520146e-11 5.618650e+13 5.235617e+13 6.644670e+09 1.708352e+13 1.591828e+13 2.020275e+09 
300 101325 1.700000e+00 2.183257e+03 1.046359e+00 2.447900e-04 5.364203e-07 4.723076e-07 6.373597e-11 6.257400e+13 5.921898e+13 7.414953e+09 1.902640e+13 1.800568e+13 2.254572e+09 
300 101325 1.750000e+00 2.160430e+03 1.051365e+00 2.395800e-04 6.084617e-07 5.475527e-07 7.264332e-11 6.947485e+13 6.290976e+13 8.386160e+09 2.112550e+13 1.912843e+13 2.549975e+09 
300 101325 1.800000e+00 2.138654e+03 1.052888e+00 2.395800e-04 6.853952e-07 6.415969e-07 8.258315e-11 7.666420e+13 7.063785e+13 9.319546e+09 2.331245e+13 2.147917e+13 2.833898e+09 



300 303975 5.000000e-01 1.689694e+03 1.129311e-01 1.906100e-04 1.329106e-10 1.194456e-10 1.271431e-14 3.834598e+10 3.381497e+10 3.658685e+06 1.166863e+10 1.028967e+10 1.113331e+06 
300 303975 5.500000e-01 1.792311e+03 1.558145e-01 1.461400e-04 3.612956e-10 3.572175e-10 2.929724e-14 9.589825e+10 9.380104e+10 7.758078e+06 2.918564e+10 2.854707e+10 2.361081e+06 
300 303975 6.000000e-01 1.890618e+03 1.975920e-01 1.334200e-04 8.401275e-10 8.312917e-10 6.073701e-14 2.058691e+11 1.997730e+11 1.483536e+07 6.266095e+10 6.080485e+10 4.515473e+06 
300 303975 6.500000e-01 1.983375e+03 2.425819e-01 1.270800e-04 1.700818e-09 1.648953e-09 1.130853e-13 3.873396e+11 3.644340e+11 2.564528e+07 1.179075e+11 1.109331e+11 7.806480e+06 
300 303975 7.000000e-01 2.068230e+03 2.855343e-01 1.175400e-04 3.011213e-09 2.889851e-09 1.860790e-13 6.433381e+11 6.113621e+11 3.977343e+07 1.958508e+11 1.861129e+11 1.210811e+07 
300 303975 7.500000e-01 2.146254e+03 3.290827e-01 1.080100e-04 5.018795e-09 4.898185e-09 2.906282e-13 1.010247e+12 9.751779e+11 5.860352e+07 3.075692e+11 2.968895e+11 1.784181e+07 
300 303975 8.000000e-01 2.218852e+03 3.746064e-01 1.111900e-04 8.083698e-09 7.534852e-09 4.487736e-13 1.536096e+12 1.367988e+12 8.488085e+07 4.676981e+11 4.165039e+11 2.584370e+07 
300 303975 8.500000e-01 2.280457e+03 4.183920e-01 1.000700e-04 1.240657e-08 1.212549e-08 6.513169e-13 2.233520e+12 2.142417e+12 1.172012e+08 6.800855e+11 6.523359e+11 3.568651e+07 
300 303975 9.000000e-01 2.330664e+03 4.589652e-01 1.000700e-04 1.802892e-08 1.702534e-08 9.167201e-13 3.088723e+12 2.879762e+12 1.571964e+08 9.405348e+11 8.768904e+11 4.786712e+07 
300 303975 9.500000e-01 2.370096e+03 4.995698e-01 1.000700e-04 2.567939e-08 2.349324e-08 1.267676e-12 4.195591e+12 4.151221e+12 2.032123e+08 1.277646e+12 1.264127e+12 6.188231e+07 
300 303975 1.000000e+00 2.399235e+03 5.366748e-01 8.737000e-05 3.530739e-08 3.488890e-08 1.665151e-12 5.521627e+12 5.424907e+12 2.616207e+08 1.681528e+12 1.652057e+12 7.967230e+07 
300 303975 1.050000e+00 2.417975e+03 5.723367e-01 8.578000e-05 4.748727e-08 4.649738e-08 2.192530e-12 7.127858e+12 6.924528e+12 3.304507e+08 2.170766e+12 2.108818e+12 1.006373e+08 
300 303975 1.100000e+00 2.427182e+03 6.071407e-01 8.578000e-05 6.239366e-08 6.120604e-08 2.833020e-12 8.996525e+12 8.671597e+12 4.097940e+08 2.739963e+12 2.640969e+12 1.248054e+08 
300 303975 1.150000e+00 2.426657e+03 6.381678e-01 8.419000e-05 8.052282e-08 7.878960e-08 3.598012e-12 1.119157e+13 1.088182e+13 5.027372e+08 3.408587e+12 3.314217e+12 1.531170e+08 
300 303975 1.200000e+00 2.417689e+03 6.659648e-01 8.260000e-05 1.014902e-07 9.960944e-08 4.474754e-12 1.362066e+13 1.330345e+13 6.046547e+08 4.148524e+12 4.051879e+12 1.841630e+08 
300 303975 1.250000e+00 2.402307e+03 6.917385e-01 8.101000e-05 1.270155e-07 1.251603e-07 5.532635e-12 1.650093e+13 1.618126e+13 7.236119e+08 5.025938e+12 4.928529e+12 2.204006e+08 
300 303975 1.300000e+00 2.382167e+03 7.161660e-01 8.577000e-05 1.558002e-07 1.484769e-07 6.838557e-12 1.962644e+13 1.823950e+13 8.631153e+08 5.978074e+12 5.555536e+12 2.628976e+08 
300 303975 1.350000e+00 2.359397e+03 7.364348e-01 8.419000e-05 1.898950e-07 1.827502e-07 8.276534e-12 2.320998e+13 2.187610e+13 1.014432e+09 7.069759e+12 6.663367e+12 3.089949e+08 
300 303975 1.400000e+00 2.336648e+03 7.545523e-01 8.895000e-05 2.270914e-07 2.085199e-07 9.964351e-12 2.699029e+13 2.574154e+13 1.175734e+09 8.221414e+12 7.840947e+12 3.581350e+08 
300 303975 1.450000e+00 2.310949e+03 7.697059e-01 8.736000e-05 2.722917e-07 2.540607e-07 1.192167e-11 3.145470e+13 2.860489e+13 1.380702e+09 9.581505e+12 8.713281e+12 4.205780e+08 
300 303975 1.500000e+00 2.286367e+03 7.825468e-01 8.577000e-05 3.213598e-07 3.045823e-07 1.408042e-11 3.615544e+13 3.345418e+13 1.589488e+09 1.101362e+13 1.019063e+13 4.841860e+08 
300 303975 1.550000e+00 2.261635e+03 7.919950e-01 8.418000e-05 3.754833e-07 3.605303e-07 1.649279e-11 4.119632e+13 3.879803e+13 1.817155e+09 1.254939e+13 1.181868e+13 5.535476e+08 
300 303975 1.600000e+00 2.236286e+03 7.984314e-01 8.895000e-05 4.347130e-07 4.001440e-07 1.941587e-11 4.655788e+13 4.251619e+13 2.089675e+09 1.418289e+13 1.295150e+13 6.365741e+08 
300 303975 1.650000e+00 2.212350e+03 8.034235e-01 8.737000e-05 4.991315e-07 4.683570e-07 2.244911e-11 5.223233e+13 4.867009e+13 2.362702e+09 1.591176e+13 1.482640e+13 7.197577e+08 
300 303975 1.700000e+00 2.188643e+03 8.040036e-01 9.213000e-05 5.682088e-07 5.094639e-07 2.603622e-11 5.816375e+13 5.527605e+13 2.654594e+09 1.771894e+13 1.683906e+13 8.086900e+08 
300 303975 1.750000e+00 2.165338e+03 8.017937e-01 9.054000e-05 6.416075e-07 5.897423e-07 2.974776e-11 6.424447e+13 5.866929e+13 2.997973e+09 1.957165e+13 1.787297e+13 9.133090e+08 
300 303975 1.800000e+00 2.143551e+03 7.974137e-01 9.054000e-05 7.151812e-07 6.815724e-07 3.362015e-11 7.019866e+13 6.571895e+13 3.318964e+09 2.138579e+13 2.002088e+13 1.011110e+09 



300 607950 5.000000e-01 1.686350e+03 7.509400e-02 1.093100e-04 7.674652e-11 7.079780e-11 4.283532e-15 2.080105e+10 1.903642e+10 1.156819e+06 6.336289e+09 5.798734e+09 3.523829e+05 
300 607950 5.500000e-01 1.793090e+03 1.100512e-01 9.303000e-05 2.617514e-10 2.411969e-10 1.223571e-14 6.430691e+10 5.708419e+10 2.984043e+06 1.959014e+10 1.738975e+10 9.090439e+05 
300 607950 6.000000e-01 1.892976e+03 1.462250e-01 8.372000e-05 6.749717e-10 5.937445e-10 2.770095e-14 1.522696e+11 1.470575e+11 6.122485e+06 4.638925e+10 4.480128e+10 1.865230e+06 
300 607950 6.500000e-01 1.985593e+03 1.829502e-01 7.093000e-05 1.434596e-09 1.343641e-09 5.270665e-14 3.005471e+11 2.791403e+11 1.100743e+07 9.156666e+10 8.504433e+10 3.353598e+06 
300 607950 7.000000e-01 2.071466e+03 2.203014e-01 6.628000e-05 2.676983e-09 2.542824e-09 9.095144e-14 5.249867e+11 4.879554e+11 1.775363e+07 1.599526e+11 1.486690e+11 5.409163e+06 
300 607950 7.500000e-01 2.152276e+03 2.584806e-01 5.930000e-05 4.678077e-09 4.551483e-09 1.472404e-13 8.618442e+11 8.248099e+11 2.703926e+07 2.625958e+11 2.513107e+11 8.238613e+06 
300 607950 8.000000e-01 2.226559e+03 2.972783e-01 6.046000e-05 7.749322e-09 6.995060e-09 2.334139e-13 1.345165e+12 1.330008e+12 3.915356e+07 4.098734e+11 4.052540e+11 1.193014e+07 
300 607950 8.500000e-01 2.292471e+03 3.348674e-01 5.232000e-05 1.211983e-08 1.179022e-08 3.417288e-13 1.990420e+12 1.903131e+12 5.599097e+07 6.065018e+11 5.799012e+11 1.706105e+07 
300 607950 9.000000e-01 2.347260e+03 3.694849e-01 5.349000e-05 1.795285e-08 1.696402e-08 4.926163e-13 2.801534e+12 2.578629e+12 7.660340e+07 8.536791e+11 7.857513e+11 2.334250e+07 
300 607950 9.500000e-01 2.390619e+03 4.032653e-01 5.349000e-05 2.595763e-08 2.348968e-08 6.903406e-13 3.858902e+12 3.679610e+12 1.011273e+08 1.175908e+12 1.121268e+12 3.081615e+07 
300 607950 1.000000e+00 2.422412e+03 4.361939e-01 4.884000e-05 3.603068e-08 3.436522e-08 9.249098e-13 5.125429e+12 4.865233e+12 1.315837e+08 1.561887e+12 1.482589e+12 4.009789e+07 
300 607950 1.050000e+00 2.441988e+03 4.668124e-01 4.942000e-05 4.880571e-08 4.634937e-08 1.230871e-12 6.653542e+12 6.100293e+12 1.671432e+08 2.027593e+12 1.858986e+12 5.093510e+07 
300 607950 1.100000e+00 2.448888e+03 4.937981e-01 4.884000e-05 6.388156e-08 6.007706e-08 1.585127e-12 8.384583e+12 7.675293e+12 2.075434e+08 2.555154e+12 2.338988e+12 6.324774e+07 
300 607950 1.150000e+00 2.445172e+03 5.211655e-01 4.826000e-05 8.260138e-08 7.750657e-08 2.021418e-12 1.044608e+13 9.659656e+12 2.554108e+08 3.183439e+12 2.943760e+12 7.783638e+07 
300 607950 1.200000e+00 2.432132e+03 5.442199e-01 4.767000e-05 1.049285e-07 9.899087e-08 2.542500e-12 1.280847e+13 1.181544e+13 3.099944e+08 3.903433e+12 3.600785e+12 9.447217e+07 
300 607950 1.250000e+00 2.412886e+03 5.640078e-01 4.709000e-05 1.304920e-07 1.242095e-07 3.136028e-12 1.543028e+13 1.437125e+13 3.705260e+08 4.702509e+12 4.379739e+12 1.129210e+08 
300 607950 1.300000e+00 2.390252e+03 5.831815e-01 4.593000e-05 1.609537e-07 1.536737e-07 3.843876e-12 1.843516e+13 1.740802e+13 4.409252e+08 5.618345e+12 5.305289e+12 1.343776e+08 
300 607950 1.350000e+00 2.365566e+03 5.989893e-01 4.535000e-05 1.959290e-07 1.894189e-07 4.665380e-12 2.177802e+13 2.070978e+13 5.190940e+08 6.637213e+12 6.311616e+12 1.582025e+08 
300 607950 1.400000e+00 2.338319e+03 6.122404e-01 4.942000e-05 2.364927e-07 2.144071e-07 5.716808e-12 2.553000e+13 2.460244e+13 6.086624e+08 7.780778e+12 7.498058e+12 1.855021e+08 
300 607950 1.450000e+00 2.313934e+03 6.222286e-01 4.825000e-05 2.776204e-07 2.543527e-07 6.727814e-12 2.920621e+13 2.851496e+13 6.983415e+08 8.901264e+12 8.690569e+12 2.128358e+08 
300 607950 1.500000e+00 2.288755e+03 6.309713e-01 4.767000e-05 3.252121e-07 3.048155e-07 7.928533e-12 3.333860e+13 3.092715e+13 8.144839e+08 1.016082e+13 9.425813e+12 2.482354e+08 
300 607950 1.550000e+00 2.263761e+03 6.361868e-01 4.651000e-05 3.779944e-07 3.584155e-07 9.259777e-12 3.780809e+13 3.547629e+13 9.292407e+08 1.152312e+13 1.081239e+13 2.832132e+08 
300 607950 1.600000e+00 2.238925e+03 6.379613e-01 5.116000e-05 4.337961e-07 3.908839e-07 1.090981e-11 4.239344e+13 4.062171e+13 1.052520e+09 1.292075e+13 1.238072e+13 3.207891e+08 
300 607950 1.650000e+00 2.213822e+03 6.365773e-01 5.000000e-05 4.923394e-07 4.524658e-07 1.253470e-11 4.705845e+13 4.279846e+13 1.201066e+09 1.434268e+13 1.304424e+13 3.660661e+08 
300 607950 1.700000e+00 2.189507e+03 6.323487e-01 5.348000e-05 5.525141e-07 4.709545e-07 1.446455e-11 5.171571e+13 4.860769e+13 1.342975e+09 1.576226e+13 1.481492e+13 4.093211e+08 
300 607950 1.750000e+00 2.165458e+03 6.257115e-01 5.348000e-05 6.141592e-07 5.544375e-07 1.641639e-11 5.633355e+13 4.964648e+13 1.507549e+09 1.716985e+13 1.513163e+13 4.594844e+08 
300 607950 1.800000e+00 2.142256e+03 6.155712e-01 5.697000e-05 6.741074e-07 5.688675e-07 1.862423e-11 6.067195e+13 5.529341e+13 1.659630e+09 1.849228e+13 1.685288e+13 5.058408e+08 



300 911925 5.000000e-01 1.691707e+03 5.801244e-02 8.138000e-05 5.664857e-11 5.311520e-11 2.331995e-15 1.458416e+10 1.335523e+10 5.985664e+05 4.444128e+09 4.069638e+09 1.823969e+05 
300 911925 5.500000e-01 1.792810e+03 8.716719e-02 6.976000e-05 1.978649e-10 1.751481e-10 6.802271e-15 4.656846e+10 4.450516e+10 1.559829e+06 1.419107e+10 1.356229e+10 4.753355e+05 
300 911925 6.000000e-01 1.892975e+03 1.181587e-01 5.716000e-05 5.592089e-10 5.209804e-10 1.640994e-14 1.204117e+11 1.101793e+11 3.515822e+06 3.669510e+10 3.357674e+10 1.071437e+06 
300 911925 6.500000e-01 1.985111e+03 1.510282e-01 5.523000e-05 1.241931e-09 1.075103e-09 3.308623e-14 2.480824e+11 2.414720e+11 6.414946e+06 7.560474e+10 7.359005e+10 1.954998e+06 
300 911925 7.000000e-01 2.070704e+03 1.839510e-01 4.263000e-05 2.408223e-09 2.366669e-09 5.707920e-14 4.497881e+11 4.361103e+11 1.063057e+07 1.370795e+11 1.329108e+11 3.239823e+06 
300 911925 7.500000e-01 2.156791e+03 2.206976e-01 4.554000e-05 4.546176e-09 4.089606e-09 1.021985e-13 7.914401e+11 7.881262e+11 1.708621e+07 2.412095e+11 2.401994e+11 5.207418e+06 
300 911925 8.000000e-01 2.232318e+03 2.548405e-01 3.972000e-05 7.555700e-09 7.352853e-09 1.580448e-13 1.239602e+12 1.165637e+12 2.575174e+07 3.778056e+11 3.552616e+11 7.848612e+06 
300 911925 8.500000e-01 2.299634e+03 2.882992e-01 4.069000e-05 1.200184e-08 1.100510e-08 2.422253e-13 1.860797e+12 1.860267e+12 3.572518e+07 5.671447e+11 5.669828e+11 1.088854e+07 
300 911925 9.000000e-01 2.356150e+03 3.200816e-01 3.294000e-05 1.802540e-08 1.789217e-08 3.371930e-13 2.655040e+12 2.605290e+12 4.966959e+07 8.092328e+11 7.940683e+11 1.513887e+07 
300 911925 9.500000e-01 2.402593e+03 3.515537e-01 3.391000e-05 2.632521e-08 2.581044e-08 4.823077e-13 3.688806e+12 3.573227e+12 6.744064e+07 1.124334e+12 1.089104e+12 2.055568e+07 
300 911925 1.000000e+00 2.435568e+03 3.797012e-01 3.439000e-05 3.645747e-08 3.539272e-08 6.564906e-13 4.887106e+12 4.663927e+12 8.774108e+07 1.489594e+12 1.421565e+12 2.674357e+07 
300 911925 1.050000e+00 2.455799e+03 4.073232e-01 3.439000e-05 4.934302e-08 4.721772e-08 8.716402e-13 6.345090e+12 5.950977e+12 1.116874e+08 1.934014e+12 1.813882e+12 3.404291e+07 
300 911925 1.100000e+00 2.461305e+03 4.325800e-01 3.391000e-05 6.610469e-08 6.236478e-08 1.148546e-12 8.158628e+12 7.538543e+12 1.412522e+08 2.486821e+12 2.297807e+12 4.305495e+07 
300 911925 1.150000e+00 2.454944e+03 4.551266e-01 3.342000e-05 8.479216e-08 7.967756e-08 1.456196e-12 1.009165e+13 9.270205e+12 1.728152e+08 3.076057e+12 2.825662e+12 5.267620e+07 
300 911925 1.200000e+00 2.438602e+03 4.739637e-01 3.342000e-05 1.067673e-07 1.019064e-07 1.826611e-12 1.229578e+13 1.134262e+13 2.092576e+08 3.747937e+12 3.457392e+12 6.378493e+07 
300 911925 1.250000e+00 2.417156e+03 4.922356e-01 3.245000e-05 1.335819e-07 1.267629e-07 2.262188e-12 1.487003e+13 1.382504e+13 2.512937e+08 4.532653e+12 4.214112e+12 7.659895e+07 
300 911925 1.300000e+00 2.393317e+03 5.081702e-01 3.197000e-05 1.630642e-07 1.564843e-07 2.758548e-12 1.760758e+13 1.662116e+13 2.973839e+08 5.367152e+12 5.066465e+12 9.064887e+07 
300 911925 1.350000e+00 2.367301e+03 5.205156e-01 3.148000e-05 1.977087e-07 1.912689e-07 3.333984e-12 2.072060e+13 1.973867e+13 3.493872e+08 6.316122e+12 6.016793e+12 1.065015e+08 
300 911925 1.400000e+00 2.341457e+03 5.309367e-01 3.488000e-05 2.356365e-07 2.105855e-07 4.067349e-12 2.403757e+13 2.320833e+13 4.067777e+08 7.327267e+12 7.074485e+12 1.239964e+08 
300 911925 1.450000e+00 2.314510e+03 5.379106e-01 3.440000e-05 2.781954e-07 2.535749e-07 4.821267e-12 2.759825e+13 2.455797e+13 4.775388e+08 8.412720e+12 7.485934e+12 1.455673e+08 
300 911925 1.500000e+00 2.289300e+03 5.438142e-01 3.391000e-05 3.231048e-07 3.009406e-07 5.649131e-12 3.128854e+13 2.858554e+13 5.463400e+08 9.537685e+12 8.713708e+12 1.665410e+08 
300 911925 1.550000e+00 2.263943e+03 5.454300e-01 3.343000e-05 3.704489e-07 3.530740e-07 6.555162e-12 3.502900e+13 3.282903e+13 6.200231e+08 1.067796e+13 1.000732e+13 1.890030e+08 
300 911925 1.600000e+00 2.239918e+03 5.443962e-01 3.681000e-05 4.166644e-07 3.678175e-07 7.588875e-12 3.855044e+13 3.688991e+13 6.906104e+08 1.175148e+13 1.124527e+13 2.105215e+08 
300 911925 1.650000e+00 2.213860e+03 5.402166e-01 3.633000e-05 4.704324e-07 4.306696e-07 8.732069e-12 4.257564e+13 3.819616e+13 7.902246e+08 1.297857e+13 1.164352e+13 2.408887e+08 
300 911925 1.700000e+00 2.190389e+03 5.341365e-01 3.972000e-05 5.161432e-07 4.367386e-07 9.910149e-12 4.586807e+13 4.265071e+13 8.676526e+08 1.398229e+13 1.300150e+13 2.644929e+08 
300 911925 1.750000e+00 2.166315e+03 5.247717e-01 3.924000e-05 5.622524e-07 5.009538e-07 1.106990e-11 4.904169e+13 4.275855e+13 9.649965e+08 1.494981e+13 1.303443e+13 2.941684e+08 
300 911925 1.800000e+00 2.140345e+03 5.102571e-01 4.263000e-05 6.086811e-07 5.131941e-07 1.253115e-11 5.206336e+13 4.793519e+13 1.057112e+09 1.587101e+13 1.461255e+13 3.222503e+08 



300 1215900 5.000000e-01 1.691672e+03 4.619090e-02 6.809000e-05 3.896860e-11 3.543524e-11 1.333606e-15 9.778316e+09 8.873226e+09 3.338435e+05 2.980204e+09 2.704352e+09 1.017477e+05 
300 1215900 5.500000e-01 1.793833e+03 7.215000e-02 5.618000e-05 1.571433e-10 1.375136e-10 4.358927e-15 3.567394e+10 3.342668e+10 9.815637e+05 1.087293e+10 1.018799e+10 2.991674e+05 
300 1215900 6.000000e-01 1.892848e+03 1.019349e-01 4.682000e-05 4.659201e-10 4.238434e-10 1.103158e-14 9.697853e+10 8.666872e+10 2.283630e+06 2.955857e+10 2.641617e+10 6.960392e+05 
300 1215900 6.500000e-01 1.985190e+03 1.299674e-01 4.256000e-05 1.100532e-09 9.816949e-10 2.318982e-14 2.121862e+11 2.008248e+11 4.393560e+06 6.467477e+10 6.121175e+10 1.339166e+06 
300 1215900 7.000000e-01 2.071683e+03 1.606507e-01 3.915000e-05 2.224378e-09 1.967951e-09 4.280000e-14 3.998870e+11 3.781307e+11 7.553677e+06 1.218888e+11 1.152572e+11 2.302424e+06 
300 1215900 7.500000e-01 2.156719e+03 1.938806e-01 3.490000e-05 4.216585e-09 3.934147e-09 7.467635e-14 7.072795e+11 6.296351e+11 1.240607e+07 2.155888e+11 1.919214e+11 3.781549e+06 
300 1215900 8.000000e-01 2.234569e+03 2.263328e-01 3.235000e-05 7.342876e-09 6.687007e-09 1.216904e-13 1.156952e+12 1.024223e+12 1.902179e+07 3.526612e+11 3.122025e+11 5.798217e+06 
300 1215900 8.500000e-01 2.302602e+03 2.567854e-01 3.064000e-05 1.170493e-08 1.109890e-08 1.842694e-13 1.743813e+12 1.574556e+12 2.715490e+07 5.315557e+11 4.799616e+11 8.277470e+06 
300 1215900 9.000000e-01 2.361783e+03 2.867293e-01 3.107000e-05 1.784061e-08 1.565877e-08 2.708209e-13 2.518971e+12 2.409007e+12 3.738900e+07 7.678528e+11 7.343319e+11 1.139723e+07 
300 1215900 9.500000e-01 2.408792e+03 3.148161e-01 2.852000e-05 2.609920e-08 2.477306e-08 3.795584e-13 3.507821e+12 3.222710e+12 5.063154e+07 1.069295e+12 9.823831e+11 1.543412e+07 
300 1215900 1.000000e+00 2.443666e+03 3.418153e-01 2.852000e-05 3.649969e-08 3.340675e-08 5.197190e-13 4.684761e+12 4.607048e+12 6.510163e+07 1.428079e+12 1.404389e+12 1.984528e+07 
300 1215900 1.050000e+00 2.464431e+03 3.666124e-01 2.511000e-05 4.990209e-08 4.894323e-08 6.810940e-13 6.142703e+12 5.959875e+12 8.365313e+07 1.872530e+12 1.816796e+12 2.550070e+07 
300 1215900 1.100000e+00 2.468449e+03 3.890573e-01 2.511000e-05 6.611767e-08 6.469473e-08 8.913177e-13 7.823489e+12 7.567627e+12 1.051876e+08 2.384920e+12 2.306921e+12 3.206554e+07 
300 1215900 1.150000e+00 2.459907e+03 4.097939e-01 2.468000e-05 8.521232e-08 8.297871e-08 1.135829e-12 9.714461e+12 9.363095e+12 1.292562e+08 2.961390e+12 2.854277e+12 3.940298e+07 
300 1215900 1.200000e+00 2.442246e+03 4.283096e-01 2.426000e-05 1.079722e-07 1.052707e-07 1.426476e-12 1.189497e+13 1.144882e+13 1.568779e+08 3.626133e+12 3.490124e+12 4.782366e+07 
300 1215900 1.250000e+00 2.419159e+03 4.438136e-01 2.767000e-05 1.343490e-07 1.202048e-07 1.808726e-12 1.433238e+13 1.387643e+13 1.880164e+08 4.369201e+12 4.230201e+12 5.731653e+07 
300 1215900 1.300000e+00 2.393582e+03 4.568542e-01 2.724000e-05 1.643643e-07 1.488908e-07 2.210804e-12 1.698889e+13 1.655335e+13 2.225178e+08 5.179067e+12 5.046290e+12 6.783467e+07 
300 1215900 1.350000e+00 2.367182e+03 4.668318e-01 2.681000e-05 1.978696e-07 1.815982e-07 2.666122e-12 1.986295e+13 1.784026e+13 2.666300e+08 6.055263e+12 5.438636e+12 8.128281e+07 
300 1215900 1.400000e+00 2.339957e+03 4.759763e-01 2.639000e-05 2.338027e-07 2.178113e-07 3.168076e-12 2.283759e+13 2.091623e+13 3.086236e+08 6.962128e+12 6.376387e+12 9.408521e+07 
300 1215900 1.450000e+00 2.312921e+03 4.809781e-01 2.596000e-05 2.729583e-07 2.587647e-07 3.727569e-12 2.599481e+13 2.424258e+13 3.544062e+08 7.924665e+12 7.390480e+12 1.080428e+08 
300 1215900 1.500000e+00 2.285554e+03 4.832700e-01 2.894000e-05 3.140026e-07 2.694663e-07 4.417921e-12 2.920784e+13 2.776120e+13 4.024888e+08 8.904222e+12 8.463195e+12 1.227017e+08 
300 1215900 1.550000e+00 2.260088e+03 4.829604e-01 2.851000e-05 3.565878e-07 3.161700e-07 5.093834e-12 3.239459e+13 2.807452e+13 4.615409e+08 9.875776e+12 8.558749e+12 1.407049e+08 
300 1215900 1.600000e+00 2.234843e+03 4.795977e-01 2.809000e-05 3.982369e-07 3.661567e-07 5.802305e-12 3.545463e+13 3.202290e+13 5.153900e+08 1.080870e+13 9.762493e+12 1.571220e+08 
300 1215900 1.650000e+00 2.210160e+03 4.742507e-01 3.107000e-05 4.390795e-07 3.691224e-07 6.649230e-12 3.830008e+13 3.579981e+13 5.690402e+08 1.167622e+13 1.091397e+13 1.734785e+08 
300 1215900 1.700000e+00 2.186222e+03 4.658492e-01 3.065000e-05 4.773262e-07 4.227463e-07 7.409919e-12 4.078206e+13 3.539097e+13 6.329553e+08 1.243293e+13 1.078937e+13 1.929646e+08 
300 1215900 1.750000e+00 2.162653e+03 4.546429e-01 3.362000e-05 5.109593e-07 4.183013e-07 8.285964e-12 4.288817e+13 3.922189e+13 6.848460e+08 1.307505e+13 1.195733e+13 2.087849e+08 
300 1215900 1.800000e+00 2.139487e+03 4.408513e-01 3.319000e-05 5.371380e-07 4.714321e-07 9.006507e-12 4.441800e+13 3.829900e+13 7.440216e+08 1.354149e+13 1.167601e+13 2.268262e+08 



500 101325 5.000000e-01 1.847641e+03 5.584297e-01 3.791600e-04 7.134969e-10 6.983324e-10 1.430909e-13 2.092469e+11 2.048306e+11 4.219115e+07 6.344970e+10 6.210856e+10 1.279320e+07 
500 101325 5.500000e-01 1.947865e+03 6.795026e-01 3.354200e-04 1.472363e-09 1.472363e-09 2.656031e-13 3.999081e+11 3.980429e+11 7.258916e+07 1.213044e+11 1.207376e+11 2.201802e+07 
500 101325 6.000000e-01 2.039792e+03 8.022325e-01 3.354200e-04 2.742972e-09 2.614430e-09 4.650258e-13 6.939311e+11 6.638090e+11 1.185232e+08 2.105531e+11 2.014027e+11 3.596098e+07 
500 101325 6.500000e-01 2.120428e+03 9.172899e-01 3.135400e-04 4.584981e-09 4.423707e-09 7.298776e-13 1.089865e+12 1.041510e+12 1.746251e+08 3.307666e+11 3.160740e+11 5.299536e+07 
500 101325 7.000000e-01 2.193666e+03 1.034628e+00 2.916700e-04 7.359550e-09 7.285127e-09 1.103257e-12 1.649551e+12 1.618906e+12 2.491985e+08 5.007308e+11 4.914152e+11 7.564333e+07 
500 101325 7.500000e-01 2.253470e+03 1.147768e+00 2.916700e-04 1.120578e-08 1.078845e-08 1.615652e-12 2.377142e+12 2.258730e+12 3.451696e+08 7.217300e+11 6.857471e+11 1.047943e+08 
500 101325 8.000000e-01 2.306725e+03 1.255858e+00 2.916700e-04 1.627546e-08 1.518586e-08 2.266590e-12 3.277113e+12 3.238781e+12 4.535991e+08 9.951414e+11 9.834748e+11 1.377369e+08 
500 101325 8.500000e-01 2.346640e+03 1.360192e+00 2.588500e-04 2.295272e-08 2.249328e-08 3.042546e-12 4.410362e+12 4.316794e+12 5.910674e+08 1.339457e+12 1.311004e+12 1.795059e+08 
500 101325 9.000000e-01 2.381410e+03 1.460375e+00 2.552100e-04 3.135205e-08 3.038635e-08 4.040150e-12 5.766423e+12 5.580463e+12 7.505646e+08 1.751528e+12 1.694990e+12 2.279747e+08 
500 101325 9.500000e-01 2.409783e+03 1.553542e+00 2.515600e-04 4.190904e-08 4.025721e-08 5.262827e-12 7.386725e+12 7.101220e+12 9.375046e+08 2.243955e+12 2.157147e+12 2.847889e+08 
500 101325 1.000000e+00 2.432062e+03 1.642695e+00 2.479200e-04 5.477401e-08 5.248635e-08 6.717450e-12 9.264341e+12 8.800460e+12 1.148352e+09 2.814655e+12 2.673601e+12 3.488763e+08 
500 101325 1.050000e+00 2.449029e+03 1.726148e+00 2.442700e-04 7.011992e-08 6.732963e-08 8.433217e-12 1.143095e+13 1.088157e+13 1.389104e+09 3.473232e+12 3.306175e+12 4.220594e+08 
500 101325 1.100000e+00 2.454899e+03 1.801977e+00 2.369800e-04 8.851101e-08 8.477859e-08 1.043250e-11 1.392746e+13 1.322735e+13 1.659165e+09 4.232155e+12 4.019255e+12 5.041582e+08 
500 101325 1.150000e+00 2.461288e+03 1.875481e+00 2.296900e-04 1.103583e-07 1.059084e-07 1.276679e-11 1.677807e+13 1.598149e+13 1.963631e+09 5.098752e+12 4.856530e+12 5.967231e+08 
500 101325 1.200000e+00 2.461856e+03 1.939638e+00 2.260400e-04 1.347575e-07 1.312686e-07 1.536866e-11 1.986772e+13 1.922856e+13 2.292189e+09 6.038131e+12 5.843732e+12 6.966195e+08 
500 101325 1.250000e+00 2.461641e+03 2.003804e+00 2.187500e-04 1.641811e-07 1.611221e-07 1.842955e-11 2.347182e+13 2.290215e+13 2.666677e+09 7.134003e+12 6.960686e+12 8.104883e+08 
500 101325 1.300000e+00 2.455588e+03 2.061903e+00 2.114600e-04 1.975766e-07 1.951722e-07 2.185230e-11 2.741567e+13 2.696996e+13 3.072921e+09 8.333196e+12 8.197587e+12 9.340204e+08 
500 101325 1.350000e+00 2.446209e+03 2.114816e+00 2.041700e-04 2.354023e-07 2.340753e-07 2.568600e-11 3.175342e+13 3.148571e+13 3.515228e+09 9.652311e+12 9.570784e+12 1.068526e+09 
500 101325 1.400000e+00 2.433975e+03 2.161908e+00 2.260500e-04 2.778946e-07 2.579016e-07 3.069550e-11 3.651356e+13 3.639294e+13 3.986955e+09 1.109987e+13 1.106312e+13 1.211987e+09 
500 101325 1.450000e+00 2.418464e+03 2.204863e+00 2.187500e-04 3.262307e-07 3.082448e-07 3.573877e-11 4.172848e+13 3.916799e+13 4.628076e+09 1.268580e+13 1.190702e+13 1.406948e+09 
500 101325 1.500000e+00 2.402051e+03 2.244575e+00 2.151100e-04 3.795263e-07 3.681414e-07 4.131309e-11 4.737772e+13 4.520394e+13 5.212757e+09 1.440399e+13 1.374269e+13 1.584773e+09 
500 101325 1.550000e+00 2.384117e+03 2.279723e+00 2.078200e-04 4.390623e-07 4.300860e-07 4.740678e-11 5.349297e+13 5.217906e+13 5.855319e+09 1.626388e+13 1.586410e+13 1.780209e+09 
500 101325 1.600000e+00 2.364725e+03 2.309186e+00 2.005200e-04 5.042658e-07 4.978811e-07 5.406141e-11 6.001620e+13 5.907441e+13 6.530845e+09 1.824805e+13 1.796137e+13 1.985680e+09 
500 101325 1.650000e+00 2.344390e+03 2.335671e+00 2.260400e-04 5.758292e-07 5.300260e-07 6.304508e-11 6.702816e+13 6.672794e+13 7.262392e+09 2.038080e+13 2.028937e+13 2.208198e+09 
500 101325 1.700000e+00 2.323968e+03 2.356719e+00 2.187500e-04 6.535030e-07 6.097482e-07 7.143990e-11 7.448453e+13 6.903747e+13 8.239553e+09 2.264896e+13 2.099190e+13 2.505401e+09 
500 101325 1.750000e+00 2.301902e+03 2.372983e+00 2.151000e-04 7.391447e-07 7.054007e-07 8.073227e-11 8.240912e+13 7.829070e+13 9.123087e+09 2.505945e+13 2.380653e+13 2.774164e+09 
500 101325 1.800000e+00 2.281985e+03 2.383664e+00 2.260500e-04 8.324458e-07 7.693162e-07 9.191573e-11 9.097281e+13 8.711174e+13 1.006219e+10 2.766459e+13 2.648983e+13 3.059839e+09 



500 303975 5.000000e-01 1.849122e+03 3.658854e-01 1.472800e-04 4.264646e-10 4.073558e-10 3.285771e-14 1.120290e+11 1.051732e+11 8.621992e+06 3.409541e+10 3.200845e+10 2.624046e+06 
500 303975 5.500000e-01 1.948865e+03 4.599538e-01 1.315000e-04 9.399617e-10 8.933994e-10 6.484116e-14 2.289692e+11 2.173131e+11 1.580078e+07 6.969337e+10 6.614463e+10 4.809401e+06 
500 303975 6.000000e-01 2.043660e+03 5.572140e-01 1.157200e-04 1.866422e-09 1.838798e-09 1.166104e-13 4.229622e+11 4.118687e+11 2.644141e+07 1.287539e+11 1.253754e+11 8.048968e+06 
500 303975 6.500000e-01 2.131157e+03 6.549057e-01 1.183500e-04 3.402533e-09 3.145832e-09 2.004086e-13 7.211046e+11 7.026401e+11 4.188356e+07 2.195299e+11 2.139064e+11 1.275078e+07 
500 303975 7.000000e-01 2.210340e+03 7.522806e-01 1.104600e-04 5.714459e-09 5.405908e-09 3.165131e-13 1.138723e+12 1.056315e+12 6.304574e+07 3.466944e+11 3.215981e+11 1.919468e+07 
500 303975 7.500000e-01 2.280344e+03 8.463758e-01 9.994000e-05 9.054064e-09 8.739265e-09 4.731566e-13 1.705454e+12 1.619113e+12 8.921982e+07 5.192740e+11 4.929780e+11 2.716535e+07 
500 303975 8.000000e-01 2.340729e+03 9.392127e-01 9.994000e-05 1.367767e-08 1.265416e-08 6.875737e-13 2.442608e+12 2.210158e+12 1.228663e+08 7.437654e+11 6.729715e+11 3.741208e+07 
500 303975 8.500000e-01 2.391695e+03 1.030936e+00 8.942000e-05 2.015918e-08 1.968521e-08 9.630742e-13 3.417146e+12 3.293347e+12 1.640737e+08 1.040567e+12 1.002854e+12 4.996222e+07 
500 303975 9.000000e-01 2.431676e+03 1.115792e+00 8.942000e-05 2.843832e-08 2.734114e-08 1.319104e-12 4.606092e+12 4.405506e+12 2.148331e+08 1.402679e+12 1.341577e+12 6.542203e+07 
500 303975 9.500000e-01 2.462769e+03 1.194838e+00 8.942000e-05 3.874146e-08 3.687092e-08 1.754339e-12 6.016651e+12 5.633147e+12 2.732844e+08 1.832306e+12 1.715488e+12 8.322533e+07 
500 303975 1.000000e+00 2.486963e+03 1.273402e+00 8.942000e-05 5.165564e-08 4.898871e-08 2.292457e-12 7.703750e+12 7.185132e+12 3.428089e+08 2.346183e+12 2.188204e+12 1.044021e+08 
500 303975 1.050000e+00 2.503597e+03 1.344881e+00 8.679000e-05 6.736549e-08 6.236101e-08 2.920023e-12 9.665431e+12 9.610279e+12 4.132521e+08 2.943716e+12 2.926906e+12 1.258600e+08 
500 303975 1.100000e+00 2.513800e+03 1.412987e+00 8.679000e-05 8.650899e-08 8.095101e-08 3.692307e-12 1.196526e+13 1.190530e+13 5.030201e+08 3.644265e+12 3.625992e+12 1.532046e+08 
500 303975 1.150000e+00 2.518253e+03 1.476396e+00 8.548000e-05 1.093528e-07 1.024543e-07 4.594999e-12 1.460813e+13 1.454275e+13 6.044916e+08 4.449340e+12 4.429408e+12 1.841150e+08 
500 303975 1.200000e+00 2.516615e+03 1.533882e+00 8.285000e-05 1.354577e-07 1.261029e-07 5.615088e-12 1.753267e+13 1.742321e+13 7.145096e+08 5.340235e+12 5.306870e+12 2.176298e+08 
500 303975 1.250000e+00 2.509396e+03 1.586498e+00 8.153000e-05 1.660085e-07 1.564328e-07 6.805586e-12 2.083586e+13 2.030312e+13 8.513496e+08 6.346497e+12 6.184175e+12 2.593155e+08 
500 303975 1.300000e+00 2.497169e+03 1.635323e+00 8.022000e-05 2.018404e-07 1.927398e-07 8.204474e-12 2.457756e+13 2.318735e+13 1.005310e+09 7.486371e+12 7.062822e+12 3.062178e+08 
500 303975 1.350000e+00 2.481489e+03 1.679477e+00 7.890000e-05 2.434245e-07 2.357597e-07 9.805189e-12 2.878214e+13 2.761871e+13 1.168353e+09 8.767283e+12 8.412803e+12 3.558883e+08 
500 303975 1.400000e+00 2.463604e+03 1.720561e+00 7.627000e-05 2.906470e-07 2.824277e-07 1.160475e-11 3.343377e+13 3.220597e+13 1.346346e+09 1.018439e+13 9.810308e+12 4.101145e+08 
500 303975 1.450000e+00 2.443975e+03 1.755976e+00 7.496000e-05 3.429861e-07 3.370740e-07 1.363116e-11 3.845720e+13 3.752506e+13 1.541955e+09 1.171482e+13 1.143080e+13 4.697082e+08 
500 303975 1.500000e+00 2.422627e+03 1.787427e+00 7.890000e-05 4.016689e-07 3.854821e-07 1.612275e-11 4.393691e+13 4.171374e+13 1.775342e+09 1.338429e+13 1.270693e+13 5.408117e+08 
500 303975 1.550000e+00 2.400843e+03 1.813386e+00 8.153000e-05 4.678443e-07 4.267327e-07 1.888081e-11 4.990672e+13 4.764592e+13 2.011740e+09 1.520310e+13 1.451425e+13 6.128343e+08 
500 303975 1.600000e+00 2.379006e+03 1.836038e+00 8.022000e-05 5.405342e-07 5.036967e-07 2.183937e-11 5.627590e+13 5.182918e+13 2.291526e+09 1.714361e+13 1.578878e+13 6.980758e+08 
500 303975 1.650000e+00 2.356560e+03 1.853068e+00 7.890000e-05 6.202744e-07 5.889177e-07 2.509694e-11 6.313749e+13 5.936843e+13 2.576379e+09 1.923414e+13 1.808577e+13 7.848634e+08 
500 303975 1.700000e+00 2.333060e+03 1.863340e+00 8.285000e-05 7.064125e-07 6.459354e-07 2.897267e-11 7.038227e+13 6.734563e+13 2.884177e+09 2.144148e+13 2.051624e+13 8.786428e+08 
500 303975 1.750000e+00 2.310338e+03 1.869334e+00 8.153000e-05 7.985971e-07 7.470895e-07 3.293836e-11 7.795367e+13 7.209170e+13 3.238684e+09 2.374838e+13 2.196231e+13 9.866533e+08 
500 303975 1.800000e+00 2.288756e+03 1.871946e+00 8.548000e-05 8.981221e-07 8.068739e-07 3.763233e-11 8.591415e+13 8.109315e+13 3.597196e+09 2.617385e+13 2.470490e+13 1.095886e+09 



500 607950 5.000000e-01 1.850990e+03 2.631294e-01 8.598000e-05 3.238636e-10 2.908819e-10 1.399755e-14 7.852718e+10 6.970557e+10 3.379213e+06 2.392234e+10 2.123481e+10 1.029435e+06 
500 607950 5.500000e-01 1.951980e+03 3.424190e-01 7.495000e-05 7.733235e-10 7.266188e-10 2.963147e-14 1.730158e+11 1.559793e+11 6.568484e+06 5.271007e+10 4.751954e+10 2.001118e+06 
500 607950 6.000000e-01 2.046945e+03 4.234571e-01 6.944000e-05 1.612778e-09 1.477205e-09 5.608806e-14 3.344447e+11 2.978262e+11 1.155841e+07 1.018951e+11 9.073793e+10 3.521492e+06 
500 607950 6.500000e-01 2.136782e+03 5.084794e-01 6.283000e-05 3.046086e-09 2.842944e-09 9.735595e-14 5.894251e+11 5.353855e+11 1.873640e+07 1.795877e+11 1.631216e+11 5.708654e+06 
500 607950 7.000000e-01 2.218702e+03 5.920590e-01 5.511000e-05 5.240662e-09 5.076850e-09 1.551609e-13 9.529153e+11 9.169863e+11 2.818521e+07 2.903478e+11 2.793992e+11 8.587866e+06 
500 607950 7.500000e-01 2.290525e+03 6.712729e-01 5.621000e-05 8.386754e-09 7.675762e-09 2.377536e-13 1.441073e+12 1.436946e+12 3.952810e+07 4.391007e+11 4.378427e+11 1.204437e+07 
500 607950 8.000000e-01 2.356943e+03 7.491513e-01 4.850000e-05 1.342236e-08 1.329151e-08 3.552175e-13 2.178162e+12 2.125889e+12 5.761365e+07 6.637156e+11 6.477847e+11 1.755565e+07 
500 607950 8.500000e-01 2.410815e+03 8.254010e-01 4.850000e-05 1.982674e-08 1.915255e-08 5.087180e-13 3.061368e+12 2.938869e+12 7.853353e+07 9.328649e+11 8.955321e+11 2.393084e+07 
500 607950 9.000000e-01 2.454453e+03 8.973489e-01 4.850000e-05 2.813116e-08 2.641769e-08 6.996978e-13 4.140915e+12 4.094714e+12 1.017146e+08 1.261854e+12 1.247773e+12 3.099534e+07 
500 607950 9.500000e-01 2.489367e+03 9.671359e-01 4.850000e-05 3.888745e-08 3.567178e-08 9.436946e-13 5.483364e+12 5.363044e+12 1.314782e+08 1.670974e+12 1.634302e+12 4.006600e+07 
500 607950 1.000000e+00 2.515417e+03 1.033317e+00 4.409000e-05 5.235744e-08 5.103800e-08 1.226409e-12 7.081923e+12 6.767167e+12 1.659534e+08 2.158152e+12 2.062223e+12 5.057279e+07 
500 607950 1.050000e+00 2.532522e+03 1.093321e+00 4.409000e-05 6.835362e-08 6.651646e-08 1.575334e-12 8.902020e+12 8.489057e+12 2.052461e+08 2.712856e+12 2.586996e+12 6.254794e+07 
500 607950 1.100000e+00 2.542279e+03 1.152721e+00 4.354000e-05 8.851046e-08 8.573944e-08 2.007959e-12 1.111016e+13 1.064187e+13 2.525066e+08 3.385835e+12 3.243109e+12 7.695167e+07 
500 607950 1.150000e+00 2.544513e+03 1.207149e+00 4.298000e-05 1.120492e-07 1.087093e-07 2.511290e-12 1.358862e+13 1.295017e+13 3.047618e+08 4.141212e+12 3.946618e+12 9.287786e+07 
500 607950 1.200000e+00 2.539792e+03 1.259001e+00 4.243000e-05 1.413729e-07 1.376049e-07 3.125781e-12 1.656246e+13 1.568994e+13 3.662984e+08 5.047574e+12 4.781645e+12 1.116331e+08 
500 607950 1.250000e+00 2.529294e+03 1.305167e+00 4.133000e-05 1.744327e-07 1.700866e-07 3.820453e-12 1.980494e+13 1.913120e+13 4.353634e+08 6.035836e+12 5.830477e+12 1.326830e+08 
500 607950 1.350000e+00 2.494502e+03 1.383438e+00 4.464000e-05 2.570586e-07 2.388701e-07 5.644088e-12 2.750562e+13 2.694615e+13 5.961183e+08 8.382909e+12 8.212380e+12 1.816795e+08 
500 607950 1.400000e+00 2.473625e+03 1.414988e+00 4.354000e-05 3.059597e-07 2.864067e-07 6.693294e-12 3.186951e+13 2.945439e+13 6.990876e+08 9.713005e+12 8.976885e+12 2.130637e+08 
500 607950 1.450000e+00 2.451813e+03 1.443735e+00 4.299000e-05 3.615330e-07 3.439306e-07 7.895130e-12 3.668653e+13 3.423052e+13 8.029602e+08 1.118121e+13 1.043262e+13 2.447237e+08 
500 607950 1.500000e+00 2.429473e+03 1.466453e+00 4.188000e-05 4.219554e-07 4.051272e-07 9.204367e-12 4.176722e+13 3.970146e+13 9.153448e+08 1.272980e+13 1.210015e+13 2.789784e+08 
500 607950 1.550000e+00 2.404974e+03 1.483041e+00 4.574000e-05 4.890759e-07 4.377931e-07 1.086958e-11 4.726368e+13 4.570119e+13 1.040291e+09 1.440514e+13 1.392887e+13 3.170621e+08 
500 607950 1.600000e+00 2.380858e+03 1.496501e+00 4.519000e-05 5.633023e-07 5.166115e-07 1.256747e-11 5.319382e+13 5.181233e+13 1.172446e+09 1.621267e+13 1.579157e+13 3.573435e+08 
500 607950 1.650000e+00 2.357537e+03 1.504240e+00 4.464000e-05 6.435704e-07 6.043182e-07 1.444894e-11 5.944945e+13 5.463670e+13 1.338456e+09 1.811942e+13 1.665248e+13 4.079439e+08 
500 607950 1.700000e+00 2.333600e+03 1.506944e+00 4.299000e-05 7.273490e-07 6.845858e-07 1.643890e-11 6.579679e+13 6.198019e+13 1.496907e+09 2.005414e+13 1.889082e+13 4.562412e+08 
500 607950 1.750000e+00 2.309912e+03 1.503508e+00 4.740000e-05 8.167786e-07 7.271631e-07 1.895286e-11 7.238260e+13 6.915953e+13 1.662376e+09 2.206160e+13 2.107915e+13 5.066776e+08 
500 607950 1.800000e+00 2.288075e+03 1.495134e+00 4.629000e-05 9.075338e-07 8.232206e-07 2.127239e-11 7.892332e+13 7.174076e+13 1.860762e+09 2.405530e+13 2.186600e+13 5.671473e+08 



500 911925 5.000000e-01 1.852100e+03 2.106270e-01 6.434000e-05 2.600111e-10 2.257412e-10 8.172507e-15 6.008651e+10 5.782717e+10 1.841105e+06 1.831060e+10 1.762207e+10 5.610532e+05 
500 911925 5.500000e-01 1.954113e+03 2.808560e-01 5.428000e-05 6.817383e-10 6.209922e-10 1.863053e-14 1.444796e+11 1.287125e+11 3.924012e+06 4.402999e+10 3.922488e+10 1.195838e+06 
500 911925 6.000000e-01 2.048988e+03 3.544705e-01 4.926000e-05 1.473725e-09 1.321130e-09 3.632409e-14 2.894211e+11 2.528158e+11 7.085062e+06 8.820356e+10 7.704754e+10 2.159234e+06 
500 911925 6.500000e-01 2.138838e+03 4.287676e-01 4.323000e-05 2.857217e-09 2.667117e-09 6.411312e-14 5.231951e+11 4.780423e+11 1.167829e+07 1.594527e+11 1.456912e+11 3.559160e+06 
500 911925 7.000000e-01 2.220979e+03 5.016534e-01 3.720000e-05 4.988014e-09 4.954378e-09 1.026513e-13 8.577568e+11 8.463063e+11 1.762794e+07 2.614223e+11 2.579323e+11 5.372550e+06 
500 911925 7.500000e-01 2.295995e+03 5.735544e-01 3.820000e-05 8.251180e-09 7.900290e-09 1.630899e-13 1.337484e+12 1.253658e+12 2.630664e+07 4.076397e+11 3.820904e+11 8.017774e+06 
500 911925 8.000000e-01 2.364435e+03 6.456380e-01 3.418000e-05 1.331515e-08 1.294392e-08 2.472383e-13 2.035279e+12 1.943668e+12 3.770047e+07 6.203278e+11 5.924043e+11 1.149064e+07 
500 911925 8.500000e-01 2.421198e+03 7.137314e-01 3.519000e-05 1.980756e-08 1.878276e-08 3.577691e-13 2.877806e+12 2.677411e+12 5.174664e+07 8.771347e+11 8.160534e+11 1.577201e+07 
500 911925 9.000000e-01 2.467949e+03 7.809091e-01 3.519000e-05 2.850114e-08 2.603654e-08 4.993187e-13 3.949373e+12 3.872361e+12 6.770027e+07 1.203759e+12 1.180285e+12 2.063490e+07 
500 911925 9.500000e-01 2.504923e+03 8.442314e-01 3.167000e-05 3.968906e-08 3.895458e-08 6.655576e-13 5.257179e+12 5.055509e+12 8.789547e+07 1.602399e+12 1.540926e+12 2.679074e+07 
500 911925 1.000000e+00 2.532426e+03 9.049986e-01 3.117000e-05 5.359746e-08 5.161771e-08 8.805066e-13 6.813919e+12 6.460481e+12 1.116636e+08 2.076923e+12 1.969189e+12 3.403575e+07 
500 911925 1.050000e+00 2.550331e+03 9.610004e-01 3.117000e-05 7.103774e-08 6.803128e-08 1.146858e-12 8.675219e+12 8.178946e+12 1.397949e+08 2.644290e+12 2.493016e+12 4.261085e+07 
500 911925 1.100000e+00 2.559244e+03 1.010838e+00 3.117000e-05 9.131488e-08 8.756915e-08 1.454732e-12 1.076456e+13 1.000921e+13 1.707998e+08 3.281175e+12 3.050929e+12 5.206203e+07 
500 911925 1.150000e+00 2.559817e+03 1.060282e+00 3.066000e-05 1.163113e-07 1.112010e-07 1.827524e-12 1.323940e+13 1.242549e+13 2.076099e+08 4.035580e+12 3.787480e+12 6.328286e+07 
500 911925 1.200000e+00 2.552706e+03 1.104617e+00 3.016000e-05 1.458381e-07 1.397592e-07 2.267775e-12 1.605386e+13 1.510960e+13 2.493297e+08 4.893517e+12 4.605680e+12 7.600046e+07 
500 911925 1.250000e+00 2.538814e+03 1.144599e+00 2.966000e-05 1.795833e-07 1.724866e-07 2.769080e-12 1.915155e+13 1.812225e+13 2.952956e+08 5.837805e+12 5.524040e+12 9.001249e+07 
500 911925 1.300000e+00 2.521075e+03 1.180836e+00 2.916000e-05 2.188259e-07 2.120509e-07 3.352176e-12 2.265382e+13 2.163701e+13 3.472446e+08 6.905428e+12 6.595464e+12 1.058485e+08 
500 911925 1.350000e+00 2.500687e+03 1.212040e+00 2.865000e-05 2.622107e-07 2.558260e-07 4.000648e-12 2.640606e+13 2.544060e+13 4.034282e+08 8.049259e+12 7.754949e+12 1.229756e+08 
500 911925 1.400000e+00 2.478861e+03 1.239493e+00 2.815000e-05 3.116421e-07 3.064868e-07 4.739214e-12 3.055415e+13 2.973653e+13 4.657518e+08 9.313773e+12 9.064523e+12 1.419744e+08 
500 911925 1.450000e+00 2.455307e+03 1.260586e+00 3.167000e-05 3.673473e-07 3.308853e-07 5.715012e-12 3.508153e+13 3.444162e+13 5.347712e+08 1.069392e+13 1.049884e+13 1.630146e+08 
500 911925 1.500000e+00 2.431512e+03 1.278680e+00 3.117000e-05 4.281538e-07 3.923163e-07 6.680986e-12 3.989944e+13 3.586964e+13 6.222247e+08 1.216264e+13 1.093419e+13 1.896742e+08 
500 911925 1.550000e+00 2.407759e+03 1.291344e+00 3.066000e-05 4.943970e-07 4.614782e-07 7.755114e-12 4.498711e+13 4.125692e+13 7.061794e+08 1.371360e+13 1.257648e+13 2.152676e+08 
500 911925 1.600000e+00 2.383282e+03 1.298872e+00 3.016000e-05 5.649933e-07 5.377167e-07 8.923488e-12 5.024553e+13 4.701272e+13 7.953981e+08 1.531663e+13 1.433112e+13 2.424658e+08 
500 911925 1.650000e+00 2.359522e+03 1.302391e+00 2.966000e-05 6.403119e-07 6.177013e-07 1.018531e-11 5.573881e+13 5.318966e+13 8.897580e+08 1.699126e+13 1.621416e+13 2.712315e+08 
500 911925 1.700000e+00 2.336442e+03 1.300454e+00 3.368000e-05 7.187752e-07 6.448491e-07 1.183073e-11 6.133991e+13 5.949977e+13 9.889094e+08 1.869878e+13 1.813781e+13 3.014580e+08 
500 911925 1.750000e+00 2.313779e+03 1.294036e+00 3.318000e-05 7.999171e-07 7.368291e-07 1.335618e-11 6.694619e+13 5.962466e+13 1.116714e+09 2.040789e+13 1.817595e+13 3.404193e+08 
500 911925 1.800000e+00 2.290376e+03 1.281129e+00 3.267000e-05 8.808478e-07 8.315437e-07 1.492316e-11 7.230051e+13 6.734514e+13 1.228487e+09 2.204020e+13 2.052956e+13 3.744939e+08 



500 1215900 5.000000e-01 1.852791e+03 1.763096e-01 5.016000e-05 2.151313e-10 1.959113e-10 5.409985e-15 4.804530e+10 4.305384e+10 1.202574e+06 1.464361e+10 1.312226e+10 3.665298e+05 
500 1215900 5.500000e-01 1.955176e+03 2.422481e-01 4.448000e-05 5.993479e-10 5.275948e-10 1.304850e-14 1.224427e+11 1.158008e+11 2.619852e+06 3.732006e+10 3.529563e+10 7.985213e+05 
500 1215900 6.000000e-01 2.049924e+03 3.065035e-01 3.597000e-05 1.345461e-09 1.280343e-09 2.587716e-14 2.542988e+11 2.382546e+11 4.871815e+06 7.751111e+10 7.262075e+10 1.484946e+06 
500 1215900 6.500000e-01 2.140251e+03 3.769133e-01 3.502000e-05 2.682829e-09 2.514444e-09 4.761483e-14 4.722430e+11 4.230547e+11 8.299637e+06 1.439443e+11 1.289511e+11 2.529813e+06 
500 1215900 7.000000e-01 2.222635e+03 4.432624e-01 3.218000e-05 4.767215e-09 4.438955e-09 7.868498e-14 7.859047e+11 7.178373e+11 1.290849e+07 2.395557e+11 2.188075e+11 3.934709e+06 
500 1215900 7.500000e-01 2.298923e+03 5.096358e-01 2.934000e-05 8.018303e-09 7.635769e-09 1.236371e-13 1.245075e+12 1.171669e+12 1.912162e+07 3.795240e+11 3.571481e+11 5.828664e+06 
500 1215900 8.000000e-01 2.369933e+03 5.771262e-01 3.029000e-05 1.320518e-08 1.188968e-08 1.949848e-13 1.933472e+12 1.881022e+12 2.775407e+07 5.893706e+11 5.733823e+11 8.460145e+06 
500 1215900 8.500000e-01 2.428218e+03 6.410844e-01 2.697000e-05 1.982955e-08 1.910697e-08 2.776863e-13 2.759003e+12 2.586358e+12 3.837161e+07 8.410243e+11 7.883962e+11 1.169679e+07 
500 1215900 9.000000e-01 2.476860e+03 7.037627e-01 2.697000e-05 2.870532e-08 2.649710e-08 3.901279e-13 3.803033e+12 3.782421e+12 5.012295e+07 1.159289e+12 1.153005e+12 1.527913e+07 
500 1215900 9.500000e-01 2.515167e+03 7.617908e-01 2.697000e-05 4.005266e-08 3.554221e-08 5.299491e-13 5.073695e+12 4.987111e+12 6.540328e+07 1.546645e+12 1.520250e+12 1.993729e+07 
500 1215900 1.000000e+00 2.543283e+03 8.160216e-01 2.319000e-05 5.447379e-08 5.345321e-08 6.884371e-13 6.626236e+12 6.435145e+12 8.358429e+07 2.019935e+12 1.961681e+12 2.547977e+07 
500 1215900 1.050000e+00 2.561540e+03 8.682896e-01 2.319000e-05 7.230315e-08 7.052894e-08 9.000989e-13 8.445330e+12 8.153619e+12 1.049735e+08 2.574489e+12 2.485561e+12 3.200034e+07 
500 1215900 1.100000e+00 2.569673e+03 9.146087e-01 2.319000e-05 9.325002e-08 9.098055e-08 1.143579e-12 1.050605e+13 1.001800e+13 1.283735e+08 3.202709e+12 3.053924e+12 3.913394e+07 
500 1215900 1.150000e+00 2.568728e+03 9.588144e-01 2.272000e-05 1.188403e-07 1.155286e-07 1.440018e-12 1.293990e+13 1.242401e+13 1.564529e+08 3.944685e+12 3.787412e+12 4.769416e+07 
500 1215900 1.200000e+00 2.560009e+03 9.992039e-01 2.272000e-05 1.487856e-07 1.458139e-07 1.786209e-12 1.563920e+13 1.499387e+13 1.874612e+08 4.767588e+12 4.570855e+12 5.714734e+07 
500 1215900 1.250000e+00 2.544998e+03 1.035180e+00 2.224000e-05 1.834202e-07 1.799829e-07 2.186250e-12 1.871912e+13 1.799157e+13 2.225059e+08 5.706537e+12 5.484738e+12 6.783114e+07 
500 1215900 1.300000e+00 2.526326e+03 1.065803e+00 2.177000e-05 2.222771e-07 2.188410e-07 2.631296e-12 2.201309e+13 2.151162e+13 2.609618e+08 6.710745e+12 6.557865e+12 7.955492e+07 
500 1215900 1.350000e+00 2.504472e+03 1.093013e+00 2.130000e-05 2.670759e-07 2.636890e-07 3.145051e-12 2.568649e+13 2.521481e+13 3.036172e+08 7.830634e+12 7.686835e+12 9.255905e+07 
500 1215900 1.400000e+00 2.482031e+03 1.113532e+00 2.508000e-05 3.130999e-07 2.817741e-07 3.807316e-12 2.937375e+13 2.760016e+13 3.524727e+08 8.954758e+12 8.414058e+12 1.074534e+08 
500 1215900 1.450000e+00 2.457545e+03 1.131631e+00 2.460000e-05 3.670677e-07 3.355138e-07 4.478069e-12 3.360317e+13 3.189458e+13 4.039616e+08 1.024417e+13 9.723283e+12 1.231507e+08 
500 1215900 1.500000e+00 2.433559e+03 1.145733e+00 2.413000e-05 4.256926e-07 3.945309e-07 5.223667e-12 3.804307e+13 3.474510e+13 4.658796e+08 1.159776e+13 1.059233e+13 1.420276e+08 
500 1215900 1.550000e+00 2.408510e+03 1.154343e+00 2.556000e-05 4.892729e-07 4.254730e-07 6.104121e-12 4.270408e+13 3.970611e+13 5.268932e+08 1.301877e+13 1.210479e+13 1.606288e+08 
500 1215900 1.600000e+00 2.384022e+03 1.158773e+00 2.556000e-05 5.571282e-07 5.061033e-07 7.038209e-12 4.754473e+13 4.490520e+13 5.923401e+08 1.449455e+13 1.368985e+13 1.805817e+08 
500 1215900 1.650000e+00 2.359171e+03 1.157020e+00 2.508000e-05 6.253604e-07 5.797190e-07 7.991857e-12 5.227286e+13 4.695907e+13 6.663587e+08 1.593604e+13 1.431604e+13 2.031479e+08 
500 1215900 1.700000e+00 2.335867e+03 1.151705e+00 2.650000e-05 6.952800e-07 6.121867e-07 9.112495e-12 5.698999e+13 5.336154e+13 7.389186e+08 1.737418e+13 1.626798e+13 2.252696e+08 
500 1215900 1.750000e+00 2.313347e+03 1.141889e+00 2.792000e-05 7.641268e-07 6.372897e-07 1.031252e-11 6.149157e+13 5.496120e+13 8.217473e+08 1.874662e+13 1.675571e+13 2.505220e+08 
500 1215900 1.800000e+00 2.290471e+03 1.126558e+00 2.792000e-05 8.321898e-07 7.360351e-07 1.147113e-11 6.574397e+13 5.611802e+13 9.038882e+08 2.004309e+13 1.710844e+13 2.755648e+08 



700 101325 5.000000e-01 2.009842e+03 1.425040e+00 3.750000e-04 1.886141e-09 1.802408e-09 3.433112e-13 5.116949e+11 4.830165e+11 9.359279e+07 1.552210e+11 1.465160e+11 2.838994e+07 
700 101325 5.500000e-01 2.100906e+03 1.653922e+00 3.421900e-04 3.399947e-09 3.294471e-09 5.734803e-13 8.592706e+11 8.274009e+11 1.461918e+08 2.607294e+11 2.510508e+11 4.435727e+07 
700 101325 6.000000e-01 2.180488e+03 1.873275e+00 3.093700e-04 5.626753e-09 5.591585e-09 8.879802e-13 1.338089e+12 1.323044e+12 2.129953e+08 4.061117e+11 4.015396e+11 6.464214e+07 
700 101325 6.500000e-01 2.250186e+03 2.083631e+00 3.093700e-04 8.796371e-09 8.473002e-09 1.326559e-12 1.971496e+12 1.885219e+12 2.999291e+08 5.984751e+11 5.722670e+11 9.104433e+07 
700 101325 7.000000e-01 2.310106e+03 2.284552e+00 2.718700e-04 1.314537e-08 1.313717e-08 1.865169e-12 2.791113e+12 2.783768e+12 4.007924e+08 8.474323e+11 8.451961e+11 1.216841e+08 
700 101325 7.500000e-01 2.359410e+03 2.475214e+00 2.718700e-04 1.891462e-08 1.882325e-08 2.594206e-12 3.813998e+12 3.762235e+12 5.288205e+08 1.158177e+12 1.142445e+12 1.605799e+08 
700 101325 8.000000e-01 2.401344e+03 2.654337e+00 2.671900e-04 2.632073e-08 2.599173e-08 3.495513e-12 5.061771e+12 4.986322e+12 6.808959e+08 1.537298e+12 1.514365e+12 2.067878e+08 
700 101325 8.500000e-01 2.435602e+03 2.822802e+00 2.578100e-04 3.565848e-08 3.475189e-08 4.583267e-12 6.562925e+12 6.373088e+12 8.542513e+08 1.993466e+12 1.935766e+12 2.594687e+08 
700 101325 9.000000e-01 2.462686e+03 2.984132e+00 2.531200e-04 4.714761e-08 4.600237e-08 5.899118e-12 8.315444e+12 8.093338e+12 1.054763e+09 2.526069e+12 2.458558e+12 3.204089e+08 
700 101325 9.500000e-01 2.485273e+03 3.131893e+00 2.484400e-04 6.113775e-08 5.990843e-08 7.463177e-12 1.037569e+13 1.013722e+13 1.283142e+09 3.152277e+12 3.079766e+12 3.898252e+08 
700 101325 1.000000e+00 2.503246e+03 3.273474e+00 2.390600e-04 7.788248e-08 7.607536e-08 9.283853e-12 1.272801e+13 1.240231e+13 1.538176e+09 3.867311e+12 3.768272e+12 4.673507e+08 
700 101325 1.050000e+00 2.517166e+03 3.405491e+00 2.343700e-04 9.764296e-08 9.643467e-08 1.140463e-11 1.539880e+13 1.501360e+13 1.820522e+09 4.679218e+12 4.562078e+12 5.531859e+08 
700 101325 1.100000e+00 2.526548e+03 3.526841e+00 2.250000e-04 1.210314e-07 1.198889e-07 1.381185e-11 1.843465e+13 1.824829e+13 2.137829e+09 5.602133e+12 5.545457e+12 6.496562e+08 
700 101325 1.150000e+00 2.533990e+03 3.641276e+00 2.156200e-04 1.479345e-07 1.468957e-07 1.655005e-11 2.182148e+13 2.165628e+13 2.482463e+09 6.631864e+12 6.581607e+12 7.544424e+08 
700 101325 1.200000e+00 2.538007e+03 3.746462e+00 2.109400e-04 1.789719e-07 1.786698e-07 1.967584e-11 2.560033e+13 2.550154e+13 2.857577e+09 7.780868e+12 7.750781e+12 8.685039e+08 
700 101325 1.250000e+00 2.539066e+03 3.846417e+00 2.015600e-04 2.146042e-07 2.143677e-07 2.311772e-11 2.979031e+13 2.976466e+13 3.271295e+09 9.054896e+12 9.047135e+12 9.943110e+08 
700 101325 1.300000e+00 2.538104e+03 3.938945e+00 2.109400e-04 2.553305e-07 2.524252e-07 2.761539e-11 3.445161e+13 3.405514e+13 3.789333e+09 1.047239e+13 1.035175e+13 1.151835e+09 
700 101325 1.350000e+00 2.534177e+03 4.019097e+00 2.203100e-04 3.008410e-07 2.869860e-07 3.249898e-11 3.949779e+13 3.931588e+13 4.279370e+09 1.200692e+13 1.195157e+13 1.300864e+09 
700 101325 1.400000e+00 2.527730e+03 4.096471e+00 2.109400e-04 3.519405e-07 3.418261e-07 3.749607e-11 4.500970e+13 4.374793e+13 4.876644e+09 1.368326e+13 1.329941e+13 1.482502e+09 
700 101325 1.450000e+00 2.520621e+03 4.166015e+00 2.062500e-04 4.090740e-07 4.063608e-07 4.308174e-11 5.101225e+13 5.022515e+13 5.456181e+09 1.550879e+13 1.526931e+13 1.658766e+09 
700 101325 1.500000e+00 2.509982e+03 4.230194e+00 1.968700e-04 4.721101e-07 4.721047e-07 4.903265e-11 5.746166e+13 5.716655e+13 6.068972e+09 1.747030e+13 1.738052e+13 1.845152e+09 
700 101325 1.550000e+00 2.496925e+03 4.287405e+00 2.062500e-04 5.422277e-07 5.329621e-07 5.674070e-11 6.444395e+13 6.259208e+13 6.846818e+09 1.959411e+13 1.903069e+13 2.081728e+09 
700 101325 1.600000e+00 2.482855e+03 4.339654e+00 2.156200e-04 6.178830e-07 5.821769e-07 6.498707e-11 7.181270e+13 7.134117e+13 7.579373e+09 2.183540e+13 2.169187e+13 2.304554e+09 
700 101325 1.650000e+00 2.467432e+03 4.379949e+00 2.062500e-04 7.017894e-07 6.764698e-07 7.320602e-11 7.980806e+13 7.709244e+13 8.469635e+09 2.426735e+13 2.344124e+13 2.575341e+09 
700 101325 1.700000e+00 2.451528e+03 4.417886e+00 2.203100e-04 7.934781e-07 7.371012e-07 8.331090e-11 8.831581e+13 8.649935e+13 9.299016e+09 2.685541e+13 2.630266e+13 2.827636e+09 
700 101325 1.750000e+00 2.434951e+03 4.448133e+00 1.921900e-04 8.910487e-07 8.858982e-07 9.141501e-11 9.721344e+13 9.670204e+13 1.017126e+10 2.956195e+13 2.940633e+13 3.092980e+09 
700 101325 1.800000e+00 2.418875e+03 4.470486e+00 2.250000e-04 9.995404e-07 9.049571e-07 1.053288e-10 1.068647e+14 1.065945e+14 1.108110e+10 3.249802e+13 3.241571e+13 3.369771e+09 



700 303975 5.000000e-01 2.013068e+03 9.383429e-01 1.248300e-04 1.153716e-09 1.106471e-09 7.576833e-14 2.792923e+11 2.647686e+11 1.835591e+07 8.501312e+10 8.059115e+10 5.587256e+06 
700 303975 5.500000e-01 2.108797e+03 1.120978e+00 1.138300e-04 2.235442e-09 2.193350e-09 1.347291e-13 5.029628e+11 4.913816e+11 3.044992e+07 1.531107e+11 1.495835e+11 9.269386e+06 
700 303975 6.000000e-01 2.196685e+03 1.304449e+00 1.138300e-04 3.963393e-09 3.639590e-09 2.249464e-13 8.366312e+11 8.310055e+11 4.653966e+07 2.547055e+11 2.529920e+11 1.416853e+07 
700 303975 6.500000e-01 2.274132e+03 1.481007e+00 9.914000e-05 6.532235e-09 6.310107e-09 3.458750e-13 1.299194e+12 1.259501e+12 6.925064e+07 3.955578e+11 3.834695e+11 2.108416e+07 
700 303975 7.000000e-01 2.342194e+03 1.649760e+00 1.009700e-04 1.024383e-08 9.645234e-09 5.205649e-13 1.927210e+12 1.798965e+12 9.826914e+07 5.868044e+11 5.477473e+11 2.992105e+07 
700 303975 7.500000e-01 2.400371e+03 1.817023e+00 1.009700e-04 1.531062e-08 1.387902e-08 7.496106e-13 2.733654e+12 2.721859e+12 1.311586e+08 8.323977e+11 8.288046e+11 3.993758e+07 
700 303975 8.000000e-01 2.448802e+03 1.977806e+00 8.628000e-05 2.214574e-08 2.199008e-08 1.018779e-12 3.770155e+12 3.732003e+12 1.747945e+08 1.148072e+12 1.136448e+12 5.322728e+07 
700 303975 8.500000e-01 2.489166e+03 2.132237e+00 8.445000e-05 3.099737e-08 3.045876e-08 1.383649e-12 5.039107e+12 4.932563e+12 2.267896e+08 1.534555e+12 1.502099e+12 6.906357e+07 
700 303975 9.000000e-01 2.521561e+03 2.279812e+00 8.445000e-05 4.226522e-08 4.155283e-08 1.843583e-12 6.580935e+12 6.363209e+12 2.886446e+08 2.004169e+12 1.937845e+12 8.790363e+07 
700 303975 9.500000e-01 2.547607e+03 2.419723e+00 8.261000e-05 5.621736e-08 5.487270e-08 2.393740e-12 8.407140e+12 8.173870e+12 3.608472e+08 2.560420e+12 2.489355e+12 1.098962e+08 
700 303975 1.000000e+00 2.568099e+03 2.552992e+00 8.077000e-05 7.332721e-08 7.123185e-08 3.054775e-12 1.054133e+13 1.021431e+13 4.433109e+08 3.210495e+12 3.110873e+12 1.350151e+08 
700 303975 1.050000e+00 2.583297e+03 2.673567e+00 7.894000e-05 9.371275e-08 9.081689e-08 3.826197e-12 1.300169e+13 1.256327e+13 5.358871e+08 3.959954e+12 3.826389e+12 1.632152e+08 
700 303975 1.100000e+00 2.593617e+03 2.789374e+00 7.894000e-05 1.183108e-07 1.161245e-07 4.756676e-12 1.584552e+13 1.535825e+13 6.421525e+08 4.826235e+12 4.677788e+12 1.955860e+08 
700 303975 1.150000e+00 2.600501e+03 2.898616e+00 7.710000e-05 1.468267e-07 1.449426e-07 5.817292e-12 1.902305e+13 1.851546e+13 7.603201e+08 5.794211e+12 5.639556e+12 2.315834e+08 
700 303975 1.200000e+00 2.602444e+03 2.999179e+00 8.262000e-05 1.806777e-07 1.684077e-07 7.144796e-12 2.269047e+13 2.222685e+13 8.929175e+08 6.911428e+12 6.770165e+12 2.719774e+08 
700 303975 1.250000e+00 2.601548e+03 3.094077e+00 8.078000e-05 2.196491e-07 2.071953e-07 8.582345e-12 2.675876e+13 2.633458e+13 1.039687e+09 8.150788e+12 8.021541e+12 3.166896e+08 
700 303975 1.300000e+00 2.596303e+03 3.179961e+00 7.711000e-05 2.646994e-07 2.481085e-07 1.019809e-11 3.132232e+13 3.107896e+13 1.202797e+09 9.541056e+12 9.466895e+12 3.663809e+08 
700 303975 1.350000e+00 2.588085e+03 3.258585e+00 7.527000e-05 3.157762e-07 3.001903e-07 1.204411e-11 3.634039e+13 3.455170e+13 1.402123e+09 1.106981e+13 1.052487e+13 4.271053e+08 
700 303975 1.400000e+00 2.577214e+03 3.329207e+00 7.344000e-05 3.733660e-07 3.607796e-07 1.412609e-11 4.183770e+13 4.043669e+13 1.602462e+09 1.274461e+13 1.231775e+13 4.881400e+08 
700 303975 1.450000e+00 2.563737e+03 3.393216e+00 7.160000e-05 4.380925e-07 4.281078e-07 1.643686e-11 4.784759e+13 4.677482e+13 1.819244e+09 1.457558e+13 1.424872e+13 5.541857e+08 
700 303975 1.500000e+00 2.548488e+03 3.449700e+00 7.711000e-05 5.094636e-07 4.718421e-07 1.930460e-11 5.429258e+13 5.370872e+13 2.052281e+09 1.653915e+13 1.636124e+13 6.251844e+08 
700 303975 1.550000e+00 2.531001e+03 3.500473e+00 7.527000e-05 5.896950e-07 5.564444e-07 2.221733e-11 6.135954e+13 5.799153e+13 2.339599e+09 1.869224e+13 1.766609e+13 7.127202e+08 
700 303975 1.600000e+00 2.513546e+03 3.543032e+00 7.343000e-05 6.762385e-07 6.496791e-07 2.540692e-11 6.879041e+13 6.619907e+13 2.617529e+09 2.095623e+13 2.016669e+13 7.973987e+08 
700 303975 1.650000e+00 2.494631e+03 3.579532e+00 7.160000e-05 7.721836e-07 7.510240e-07 2.891991e-11 7.683664e+13 7.482458e+13 2.917173e+09 2.340774e+13 2.279468e+13 8.886937e+08 
700 303975 1.700000e+00 2.475388e+03 3.607826e+00 7.710000e-05 8.766294e-07 8.030062e-07 3.331153e-11 8.539340e+13 8.418171e+13 3.239053e+09 2.601482e+13 2.564561e+13 9.867649e+08 
700 303975 1.750000e+00 2.454748e+03 3.627898e+00 7.710000e-05 9.891489e-07 9.415253e-07 3.762500e-11 9.433783e+13 8.816930e+13 3.625112e+09 2.874013e+13 2.686061e+13 1.104389e+09 
700 303975 1.800000e+00 2.434987e+03 3.643219e+00 7.527000e-05 1.111719e-06 1.069759e-06 4.232495e-11 1.039486e+14 9.870817e+13 4.000132e+09 3.166842e+13 3.007164e+13 1.218653e+09 



700 607950 5.000000e-01 2.014669e+03 6.887155e-01 6.817000e-05 9.143282e-10 8.680685e-10 3.281762e-14 2.028202e+11 1.893110e+11 7.257329e+06 6.179078e+10 5.767477e+10 2.210997e+06 
700 607950 5.500000e-01 2.110611e+03 8.382341e-01 6.330000e-05 1.840188e-09 1.717927e-09 6.062896e-14 3.796328e+11 3.482349e+11 1.246114e+07 1.156636e+11 1.060969e+11 3.796556e+06 
700 607950 6.000000e-01 2.200647e+03 9.889501e-01 5.843000e-05 3.404390e-09 3.235589e-09 1.038618e-13 6.568748e+11 6.123042e+11 1.996364e+07 2.001400e+11 1.865590e+11 6.082614e+06 
700 607950 6.500000e-01 2.282140e+03 1.139838e+00 5.356000e-05 5.824594e-09 5.705289e-09 1.652188e-13 1.054247e+12 1.025108e+12 2.991647e+07 3.212256e+11 3.123457e+11 9.115427e+06 
700 607950 7.000000e-01 2.353693e+03 1.285205e+00 5.356000e-05 9.235375e-09 8.639192e-09 2.514399e-13 1.581374e+12 1.456682e+12 4.296972e+07 4.818548e+11 4.438573e+11 1.309312e+07 
700 607950 7.500000e-01 2.416542e+03 1.426644e+00 5.437000e-05 1.413477e-08 1.276980e-08 3.695697e-13 2.291121e+12 2.237759e+12 5.874505e+07 6.981384e+11 6.818764e+11 1.790047e+07 
700 607950 8.000000e-01 2.470345e+03 1.569276e+00 4.788000e-05 2.067209e-08 2.011007e-08 5.131810e-13 3.198068e+12 3.039864e+12 7.922943e+07 9.745250e+11 9.263117e+11 2.414298e+07 
700 607950 8.500000e-01 2.514878e+03 1.703659e+00 4.707000e-05 2.951344e-08 2.797042e-08 7.077944e-13 4.352038e+12 4.063410e+12 1.044422e+08 1.326196e+12 1.238236e+12 3.182662e+07 
700 607950 9.000000e-01 2.551333e+03 1.830295e+00 4.707000e-05 4.040935e-08 3.778960e-08 9.457417e-13 5.711517e+12 5.701469e+12 1.304665e+08 1.740507e+12 1.737443e+12 3.975783e+07 
700 607950 9.500000e-01 2.580355e+03 1.951894e+00 4.626000e-05 5.450548e-08 4.981130e-08 1.242656e-12 7.393638e+12 7.341470e+12 1.648789e+08 2.253154e+12 2.237251e+12 5.024547e+07 
700 607950 1.000000e+00 2.603000e+03 2.070540e+00 4.626000e-05 7.190269e-08 6.576507e-08 1.606906e-12 9.373098e+12 9.323423e+12 2.052943e+08 2.856429e+12 2.841285e+12 6.256282e+07 
700 607950 1.050000e+00 2.619547e+03 2.181446e+00 3.896000e-05 9.357049e-08 9.329870e-08 1.993657e-12 1.175510e+13 1.167815e+13 2.522893e+08 3.582392e+12 3.558938e+12 7.688564e+07 
700 607950 1.100000e+00 2.630105e+03 2.284958e+00 4.139000e-05 1.191629e-07 1.147715e-07 2.543010e-12 1.445932e+13 1.377252e+13 3.096000e+08 4.406575e+12 4.197250e+12 9.435255e+07 
700 607950 1.150000e+00 2.635796e+03 2.380921e+00 4.057000e-05 1.489860e-07 1.435620e-07 3.129533e-12 1.748464e+13 1.667936e+13 3.689370e+08 5.328631e+12 5.083193e+12 1.124374e+08 
700 607950 1.200000e+00 2.636503e+03 2.471909e+00 3.976000e-05 1.839281e-07 1.776317e-07 3.817163e-12 2.089429e+13 2.000872e+13 4.362638e+08 6.367843e+12 6.097925e+12 1.329576e+08 
700 607950 1.250000e+00 2.632606e+03 2.554695e+00 4.220000e-05 2.250567e-07 2.054197e-07 4.666644e-12 2.483492e+13 2.394482e+13 5.120449e+08 7.568892e+12 7.297589e+12 1.560547e+08 
700 607950 1.300000e+00 2.624975e+03 2.631269e+00 4.139000e-05 2.722421e-07 2.511014e-07 5.597688e-12 2.919057e+13 2.833299e+13 5.963720e+08 8.896451e+12 8.635058e+12 1.817569e+08 
700 607950 1.350000e+00 2.613806e+03 2.699867e+00 4.058000e-05 3.263046e-07 3.051171e-07 6.653294e-12 3.401338e+13 3.332843e+13 6.890570e+08 1.036641e+13 1.015763e+13 2.100067e+08 
700 607950 1.400000e+00 2.599870e+03 2.763764e+00 3.977000e-05 3.870354e-07 3.663705e-07 7.845949e-12 3.927400e+13 3.680588e+13 8.005261e+08 1.196982e+13 1.121755e+13 2.439819e+08 
700 607950 1.450000e+00 2.582348e+03 2.816549e+00 3.895000e-05 4.549227e-07 4.366421e-07 9.174655e-12 4.499281e+13 4.283470e+13 9.134151e+08 1.371291e+13 1.305511e+13 2.783903e+08 
700 607950 1.500000e+00 2.563721e+03 2.863697e+00 4.139000e-05 5.310796e-07 4.824432e-07 1.079111e-11 5.124095e+13 4.938756e+13 1.037002e+09 1.561734e+13 1.505242e+13 3.160596e+08 
700 607950 1.550000e+00 2.544714e+03 2.905312e+00 4.058000e-05 6.142153e-07 5.686975e-07 1.245693e-11 5.787995e+13 5.647493e+13 1.168354e+09 1.764093e+13 1.721266e+13 3.560964e+08 
700 607950 1.600000e+00 2.524548e+03 2.938327e+00 3.977000e-05 7.062304e-07 6.640840e-07 1.432489e-11 6.504904e+13 6.065264e+13 1.328562e+09 1.982610e+13 1.848606e+13 4.049282e+08 
700 607950 1.650000e+00 2.504546e+03 2.964015e+00 3.977000e-05 8.037260e-07 7.771250e-07 1.634059e-11 7.244856e+13 6.869177e+13 1.481315e+09 2.208153e+13 2.093643e+13 4.514882e+08 
700 607950 1.700000e+00 2.483373e+03 2.984753e+00 4.220000e-05 9.121052e-07 8.407369e-07 1.879582e-11 8.048631e+13 7.731540e+13 1.649529e+09 2.453151e+13 2.356498e+13 5.027616e+08 
700 607950 1.750000e+00 2.462811e+03 2.996779e+00 4.139000e-05 1.028459e-06 9.633519e-07 2.129228e-11 8.891481e+13 8.267615e+13 1.854087e+09 2.710061e+13 2.519902e+13 5.651125e+08 
700 607950 1.800000e+00 2.441925e+03 3.001780e+00 4.058000e-05 1.152949e-06 1.097557e-06 2.397743e-11 9.772340e+13 9.246469e+13 2.049119e+09 2.978558e+13 2.818267e+13 6.245607e+08 



700 911925 5.000000e-01 2.015713e+03 5.636724e-01 5.036000e-05 7.938881e-10 7.482518e-10 2.041550e-14 1.669926e+11 1.514337e+11 4.259824e+06 5.089103e+10 4.614932e+10 1.298182e+06 
700 911925 5.500000e-01 2.112638e+03 6.935231e-01 4.579000e-05 1.674044e-09 1.567278e-09 3.902532e-14 3.268265e+11 2.970581e+11 7.563810e+06 9.960364e+10 9.053113e+10 2.305145e+06 
700 911925 6.000000e-01 2.203334e+03 8.289624e-01 4.044000e-05 3.162549e-09 3.016820e-09 6.752542e-14 5.759336e+11 5.447795e+11 1.226002e+07 1.755264e+11 1.660312e+11 3.736466e+06 
700 911925 6.500000e-01 2.286331e+03 9.645358e-01 4.120000e-05 5.527661e-09 4.871664e-09 1.115101e-13 9.451470e+11 9.334759e+11 1.853354e+07 2.880582e+11 2.845007e+11 5.648577e+06 
700 911925 7.000000e-01 2.360437e+03 1.096727e+00 3.587000e-05 8.942890e-09 8.604136e-09 1.684690e-13 1.442023e+12 1.358185e+12 2.707044e+07 4.395035e+11 4.139499e+11 8.250594e+06 
700 911925 7.500000e-01 2.425663e+03 1.225650e+00 3.587000e-05 1.388710e-08 1.272474e-08 2.514148e-13 2.124385e+12 2.064388e+12 3.786474e+07 6.474881e+11 6.292002e+11 1.154073e+07 
700 911925 8.000000e-01 2.481602e+03 1.351291e+00 3.358000e-05 2.064289e-08 1.994182e-08 3.568329e-13 3.000253e+12 2.828567e+12 5.165067e+07 9.144586e+11 8.621269e+11 1.574279e+07 
700 911925 8.500000e-01 2.527956e+03 1.469152e+00 3.358000e-05 2.932687e-08 2.764381e-08 4.902548e-13 4.068529e+12 3.986498e+12 6.688667e+07 1.240080e+12 1.215076e+12 2.038694e+07 
700 911925 9.000000e-01 2.566861e+03 1.586414e+00 2.976000e-05 4.077423e-08 3.975269e-08 6.529220e-13 5.410298e+12 5.253683e+12 8.682130e+07 1.649074e+12 1.601333e+12 2.646336e+07 
700 911925 9.500000e-01 2.598722e+03 1.703678e+00 2.976000e-05 5.616862e-08 5.446325e-08 8.789851e-13 7.141815e+12 6.781527e+12 1.115391e+08 2.176874e+12 2.067050e+12 3.399787e+07 
700 911925 1.000000e+00 2.622207e+03 1.807679e+00 2.976000e-05 7.396752e-08 7.155951e-08 1.135958e-12 9.047382e+12 8.568860e+12 1.386892e+08 2.757735e+12 2.611869e+12 4.227389e+07 
700 911925 1.050000e+00 2.639317e+03 1.908777e+00 2.899000e-05 9.576193e-08 9.146172e-08 1.443127e-12 1.128305e+13 1.072948e+13 1.703435e+08 3.439227e+12 3.270483e+12 5.192298e+07 
700 911925 1.100000e+00 2.650297e+03 2.003191e+00 2.899000e-05 1.223343e-07 1.175186e-07 1.815525e-12 1.390714e+13 1.303186e+13 2.063251e+08 4.239125e+12 3.972315e+12 6.289129e+07 
700 911925 1.150000e+00 2.655205e+03 2.085411e+00 2.823000e-05 1.524182e-07 1.449588e-07 2.228829e-12 1.678021e+13 1.591155e+13 2.460667e+08 5.114930e+12 4.850135e+12 7.500584e+07 
700 911925 1.200000e+00 2.655189e+03 2.167157e+00 2.823000e-05 1.889186e-07 1.826550e-07 2.740600e-12 2.014760e+13 1.909757e+13 2.922963e+08 6.141431e+12 5.821343e+12 8.909826e+07 
700 911925 1.250000e+00 2.649600e+03 2.241940e+00 2.747000e-05 2.315285e-07 2.235404e-07 3.315912e-12 2.394608e+13 2.259583e+13 3.433137e+08 7.299345e+12 6.887738e+12 1.046503e+08 
700 911925 1.300000e+00 2.638504e+03 2.302814e+00 2.709000e-05 2.864378e-07 2.795044e-07 4.066931e-12 2.870367e+13 2.775086e+13 4.090671e+08 8.749637e+12 8.459184e+12 1.246945e+08 
700 911925 1.350000e+00 2.626709e+03 2.365417e+00 2.670000e-05 3.360049e-07 3.297488e-07 4.738757e-12 3.283654e+13 3.181304e+13 4.645143e+08 1.000951e+13 9.697504e+12 1.415972e+08 
700 911925 1.400000e+00 2.611184e+03 2.423757e+00 2.938000e-05 3.979011e-07 3.672494e-07 5.686236e-12 3.786654e+13 3.677022e+13 5.328279e+08 1.154287e+13 1.120866e+13 1.624222e+08 
700 911925 1.450000e+00 2.592815e+03 2.469123e+00 2.862000e-05 4.666459e-07 4.339023e-07 6.647818e-12 4.330780e+13 4.277297e+13 6.086242e+08 1.320162e+13 1.303857e+13 1.855283e+08 
700 911925 1.500000e+00 2.573772e+03 2.512428e+00 2.824000e-05 5.435410e-07 5.141048e-07 7.729342e-12 4.923964e+13 4.557502e+13 7.013452e+08 1.500992e+13 1.389278e+13 2.137938e+08 
700 911925 1.550000e+00 2.553463e+03 2.544748e+00 2.786000e-05 6.268080e-07 6.030012e-07 8.926437e-12 5.548755e+13 5.171186e+13 7.907802e+08 1.691457e+13 1.576358e+13 2.410580e+08 
700 911925 1.600000e+00 2.531886e+03 2.571893e+00 2.709000e-05 7.188398e-07 6.957806e-07 1.024214e-11 6.221447e+13 5.972045e+13 8.910290e+08 1.896529e+13 1.820498e+13 2.716187e+08 
700 911925 1.650000e+00 2.509700e+03 2.589622e+00 2.976000e-05 8.200772e-07 7.391288e-07 1.189361e-11 6.945662e+13 6.715893e+13 9.949389e+08 2.117306e+13 2.047260e+13 3.032958e+08 
700 911925 1.700000e+00 2.488122e+03 2.602047e+00 2.938000e-05 9.259882e-07 8.556951e-07 1.352440e-11 7.683942e+13 7.579201e+13 1.107888e+09 2.342372e+13 2.310441e+13 3.377286e+08 
700 911925 1.750000e+00 2.467326e+03 2.611778e+00 2.900000e-05 1.038837e-06 9.824053e-07 1.528889e-11 8.446960e+13 7.806725e+13 1.246809e+09 2.574983e+13 2.379807e+13 3.800789e+08 
700 911925 1.800000e+00 2.445936e+03 2.609738e+00 2.862000e-05 1.160235e-06 1.114732e-06 1.717818e-11 9.256095e+13 8.651624e+13 1.373555e+09 2.821651e+13 2.637377e+13 4.187181e+08 



700 1215900 5.000000e-01 2.016558e+03 4.827992e-01 3.814000e-05 7.061351e-10 6.761258e-10 1.425956e-14 1.429709e+11 1.344826e+11 2.873863e+06 4.357709e+10 4.098987e+10 8.759447e+05 
700 1215900 5.500000e-01 2.115127e+03 6.074752e-01 3.449000e-05 1.562862e-09 1.514180e-09 2.832078e-14 2.925971e+11 2.793617e+11 5.276851e+06 8.918491e+10 8.515060e+10 1.608408e+06 
700 1215900 6.000000e-01 2.204004e+03 7.252037e-01 2.935000e-05 2.963602e-09 2.942017e-09 4.857812e-14 5.184771e+11 5.093997e+11 8.483161e+06 1.580373e+11 1.552703e+11 2.585758e+06 
700 1215900 6.500000e-01 2.287772e+03 8.476905e-01 3.008000e-05 5.264431e-09 4.978117e-09 8.214231e-14 8.634007e+11 7.994811e+11 1.339335e+07 2.631784e+11 2.436944e+11 4.082510e+06 
700 1215900 7.000000e-01 2.363730e+03 9.685486e-01 2.788000e-05 8.735252e-09 8.466715e-09 1.279215e-13 1.350063e+12 1.283197e+12 1.967364e+07 4.115277e+11 3.911452e+11 5.996944e+06 
700 1215900 7.500000e-01 2.430933e+03 1.088665e+00 2.788000e-05 1.370731e-08 1.257982e-08 1.926103e-13 2.004721e+12 1.951656e+12 2.753296e+07 6.110902e+11 5.949142e+11 8.392753e+06 
700 1215900 8.000000e-01 2.489257e+03 1.205050e+00 2.531000e-05 2.054197e-08 1.987473e-08 2.741899e-13 2.854191e+12 2.680069e+12 3.786508e+07 8.700417e+11 8.169630e+11 1.154240e+07 
700 1215900 8.500000e-01 2.537747e+03 1.315525e+00 2.531000e-05 2.945014e-08 2.778007e-08 3.809338e-13 3.900899e+12 3.539318e+12 5.012956e+07 1.189123e+12 1.078899e+12 1.528115e+07 
700 1215900 9.000000e-01 2.578812e+03 1.425994e+00 2.531000e-05 4.164240e-08 3.831680e-08 5.231782e-13 5.270038e+12 5.172196e+12 6.475813e+07 1.606499e+12 1.576672e+12 1.974064e+07 
700 1215900 9.500000e-01 2.611038e+03 1.529177e+00 2.237000e-05 5.665478e-08 5.592101e-08 6.824534e-13 6.876372e+12 6.703922e+12 8.273123e+07 2.096188e+12 2.043617e+12 2.521974e+07 
700 1215900 1.000000e+00 2.635691e+03 1.627924e+00 2.237000e-05 7.496068e-08 7.381612e-08 8.857327e-13 8.738799e+12 8.422497e+12 1.030321e+08 2.663952e+12 2.567528e+12 3.140851e+07 
700 1215900 1.050000e+00 2.653204e+03 1.721548e+00 2.201000e-05 9.759355e-08 9.554367e-08 1.133260e-12 1.096445e+13 1.057216e+13 1.272096e+08 3.342453e+12 3.222862e+12 3.877917e+07 
700 1215900 1.100000e+00 2.664210e+03 1.808234e+00 2.164000e-05 1.246984e-07 1.212883e-07 1.425871e-12 1.353251e+13 1.295986e+13 1.545339e+08 4.125343e+12 3.950766e+12 4.710918e+07 
700 1215900 1.150000e+00 2.668972e+03 1.888251e+00 2.127000e-05 1.568670e-07 1.524149e-07 1.768123e-12 1.645420e+13 1.573708e+13 1.854146e+08 5.016045e+12 4.797424e+12 5.652345e+07 
700 1215900 1.200000e+00 2.667906e+03 1.961815e+00 2.127000e-05 1.925322e-07 1.888984e-07 2.153074e-12 1.960440e+13 1.896652e+13 2.190724e+08 5.976417e+12 5.781951e+12 6.678442e+07 
700 1215900 1.250000e+00 2.661598e+03 2.027682e+00 2.091000e-05 2.359085e-07 2.320629e-07 2.612326e-12 2.328382e+13 2.262099e+13 2.580441e+08 7.098131e+12 6.896060e+12 7.866547e+07 
700 1215900 1.300000e+00 2.650248e+03 2.088045e+00 2.054000e-05 2.852911e-07 2.818878e-07 3.132159e-12 2.735189e+13 2.674115e+13 3.009188e+08 8.338343e+12 8.152146e+12 9.173643e+07 
700 1215900 1.350000e+00 2.635504e+03 2.143403e+00 2.311000e-05 3.415831e-07 3.089658e-07 3.811215e-12 3.185755e+13 3.133730e+13 3.485086e+08 9.711964e+12 9.553352e+12 1.062449e+08 
700 1215900 1.400000e+00 2.618431e+03 2.192686e+00 2.275000e-05 4.039520e-07 3.704365e-07 4.493662e-12 3.670871e+13 3.634992e+13 3.996366e+08 1.119092e+13 1.108153e+13 1.218322e+08 
700 1215900 1.450000e+00 2.599375e+03 2.235120e+00 2.238000e-05 4.737172e-07 4.412686e-07 5.266048e-12 4.197611e+13 4.174405e+13 4.557009e+08 1.279678e+13 1.272603e+13 1.389245e+08 
700 1215900 1.500000e+00 2.578218e+03 2.269560e+00 2.201000e-05 5.504172e-07 5.211419e-07 6.119003e-12 4.761425e+13 4.425964e+13 5.293370e+08 1.451568e+13 1.349298e+13 1.613738e+08 
700 1215900 1.550000e+00 2.556634e+03 2.296707e+00 2.164000e-05 6.344183e-07 6.078280e-07 7.062598e-12 5.361833e+13 5.063223e+13 5.976904e+08 1.634616e+13 1.543579e+13 1.822127e+08 
700 1215900 1.600000e+00 2.535662e+03 2.317575e+00 2.128000e-05 7.221724e-07 6.996781e-07 8.061954e-12 5.972198e+13 5.724731e+13 6.684632e+08 1.820699e+13 1.745254e+13 2.037894e+08 
700 1215900 1.650000e+00 2.513814e+03 2.332852e+00 2.091000e-05 8.189661e-07 8.030938e-07 9.171736e-12 6.630754e+13 6.432020e+13 7.455688e+08 2.021475e+13 1.960887e+13 2.272968e+08 
700 1215900 1.700000e+00 2.492249e+03 2.341651e+00 2.347000e-05 9.215359e-07 8.297138e-07 1.062752e-11 7.312445e+13 7.177784e+13 8.269881e+08 2.229305e+13 2.188251e+13 2.521195e+08 
700 1215900 1.750000e+00 2.470249e+03 2.341581e+00 2.311000e-05 1.028776e-06 9.456561e-07 1.196506e-11 8.010334e+13 7.209054e+13 9.321109e+08 2.442075e+13 2.197789e+13 2.841686e+08 
700 1215900 1.800000e+00 2.448074e+03 2.333556e+00 2.274000e-05 1.139104e-06 1.068630e-06 1.339128e-11 8.710345e+13 8.037214e+13 1.025109e+09 2.655493e+13 2.450274e+13 3.125216e+08 



