T(K) p(Pa) phi Tf(K) SL(m/s) Xf(m) maxXCH mpXCH intXCH maxSM mpSM intSM maxCM mpCM intCM
300 101325 5.000000e-01 1.717279e+03 1.541307e-01 4.895900e-04 1.073263e-10 1.041935e-10 2.728611e-14 3.731090e+10 3.562036e+10 9.470484e+06 1.130375e+10 1.079075e+10 2.869126e+06 
300 101325 5.500000e-01 1.820392e+03 1.963071e-01 4.687500e-04 2.456224e-10 2.225571e-10 5.617821e-14 7.878788e+10 7.663121e+10 1.776442e+07 2.388061e+10 2.322529e+10 5.384215e+06 
300 101325 6.000000e-01 1.914007e+03 2.340864e-01 4.062500e-04 4.922216e-10 4.744634e-10 1.016224e-13 1.467103e+11 1.382253e+11 3.021856e+07 4.448366e+10 4.190699e+10 9.162207e+06 
300 101325 6.500000e-01 2.003687e+03 2.767586e-01 3.750000e-04 9.081595e-10 8.759180e-10 1.726416e-13 2.514846e+11 2.398228e+11 4.796990e+07 7.627897e+10 7.273376e+10 1.454916e+07 
300 101325 7.000000e-01 2.086939e+03 3.182877e-01 3.385400e-04 1.548701e-09 1.511684e-09 2.736855e-13 4.027182e+11 3.926854e+11 7.148768e+07 1.221810e+11 1.191310e+11 2.168825e+07 
300 101325 7.500000e-01 2.155687e+03 3.592436e-01 3.489500e-04 2.463763e-09 2.309849e-09 4.168107e-13 6.038395e+11 6.012861e+11 1.003084e+08 1.832453e+11 1.824665e+11 3.043959e+07 
300 101325 8.000000e-01 2.214403e+03 3.980404e-01 3.072900e-04 3.715607e-09 3.632087e-09 5.931753e-13 8.623391e+11 8.427272e+11 1.384577e+08 2.617467e+11 2.557802e+11 4.202497e+07 
300 101325 8.500000e-01 2.264784e+03 4.339025e-01 3.125000e-04 5.353084e-09 5.137585e-09 8.278898e-13 1.181754e+12 1.119203e+12 1.834167e+08 3.587622e+11 3.397471e+11 5.568103e+07 
300 101325 9.000000e-01 2.301268e+03 4.693990e-01 3.072900e-04 7.519538e-09 6.907287e-09 1.124653e-12 1.583339e+12 1.579021e+12 2.326256e+08 4.807576e+11 4.794414e+11 7.063203e+07 
300 101325 9.500000e-01 2.329494e+03 5.017459e-01 2.656200e-04 1.023525e-08 1.017492e-08 1.457678e-12 2.062156e+12 2.041799e+12 2.957063e+08 6.262414e+11 6.200331e+11 8.979789e+07 
300 101325 1.000000e+00 2.354120e+03 5.336102e-01 2.656200e-04 1.363821e-08 1.353676e-08 1.898229e-12 2.635851e+12 2.604926e+12 3.694051e+08 8.005663e+11 7.911403e+11 1.121929e+08 
300 101325 1.050000e+00 2.369516e+03 5.629567e-01 2.812500e-04 1.750672e-08 1.653432e-08 2.421925e-12 3.256448e+12 3.031748e+12 4.528412e+08 9.891725e+11 9.208324e+11 1.375485e+08 
300 101325 1.100000e+00 2.378993e+03 5.915595e-01 2.760400e-04 2.284508e-08 2.146018e-08 3.084051e-12 4.092256e+12 4.011470e+12 5.493954e+08 1.243178e+12 1.218586e+12 1.668956e+08 
300 101325 1.150000e+00 2.383021e+03 6.173513e-01 2.708300e-04 2.866478e-08 2.698705e-08 3.807512e-12 4.959010e+12 4.600591e+12 6.623742e+08 1.506620e+12 1.397630e+12 2.012350e+08 
300 101325 1.200000e+00 2.381689e+03 6.414967e-01 2.656200e-04 3.568230e-08 3.374759e-08 4.659674e-12 5.969685e+12 5.579905e+12 7.844096e+08 1.813868e+12 1.695301e+12 2.383321e+08 
300 101325 1.250000e+00 2.377681e+03 6.636790e-01 2.552000e-04 4.380743e-08 4.119813e-08 5.628578e-12 7.101743e+12 6.707961e+12 9.205407e+08 2.158012e+12 2.038215e+12 2.797171e+08 
300 101325 1.300000e+00 2.364879e+03 6.850336e-01 2.500000e-04 5.334508e-08 5.095091e-08 6.765219e-12 8.387194e+12 7.909697e+12 1.071091e+09 2.548817e+12 2.403549e+12 3.254886e+08 
300 101325 1.350000e+00 2.350878e+03 7.038496e-01 2.447900e-04 6.406540e-08 6.198456e-08 8.038241e-12 9.786745e+12 9.387967e+12 1.237273e+09 2.974343e+12 2.852989e+12 3.760162e+08 
300 101325 1.400000e+00 2.335063e+03 7.214964e-01 2.604200e-04 7.627280e-08 7.037920e-08 9.589443e-12 1.133339e+13 1.101785e+13 1.418820e+09 3.444621e+12 3.348565e+12 4.312186e+08 
300 101325 1.450000e+00 2.317579e+03 7.369391e-01 2.500000e-04 8.995794e-08 8.310470e-08 1.120761e-11 1.301844e+13 1.210538e+13 1.637324e+09 3.957012e+12 3.679221e+12 4.976569e+08 
300 101325 1.500000e+00 2.295757e+03 7.500290e-01 2.447900e-04 1.049924e-07 9.880690e-08 1.300106e-11 1.481836e+13 1.379347e+13 1.848969e+09 4.504360e+12 4.192531e+12 5.620175e+08 
300 101325 1.550000e+00 2.272562e+03 7.623883e-01 2.395900e-04 1.223445e-07 1.172059e-07 1.505224e-11 1.684914e+13 1.595961e+13 2.090366e+09 5.121934e+12 4.851237e+12 6.354282e+08 
300 101325 1.600000e+00 2.252952e+03 7.749815e-01 2.552100e-04 1.412103e-07 1.275305e-07 1.751156e-11 1.899629e+13 1.827825e+13 2.346982e+09 5.774928e+12 5.556366e+12 7.134712e+08 
300 101325 1.650000e+00 2.230189e+03 7.838354e-01 2.500000e-04 1.620085e-07 1.492676e-07 2.005498e-11 2.131226e+13 1.935885e+13 2.658024e+09 6.479288e+12 5.884992e+12 8.080621e+08 
300 101325 1.700000e+00 2.205824e+03 7.897000e-01 2.447900e-04 1.841699e-07 1.723628e-07 2.277061e-11 2.371913e+13 2.195680e+13 2.955760e+09 7.211321e+12 6.675101e+12 8.986169e+08 
300 101325 1.750000e+00 2.182239e+03 7.950974e-01 2.395800e-04 2.089467e-07 1.985918e-07 2.581582e-11 2.635880e+13 2.475793e+13 3.283643e+09 8.014179e+12 7.527044e+12 9.983433e+08 
300 101325 1.800000e+00 2.159862e+03 7.993383e-01 2.552000e-04 2.357157e-07 2.099828e-07 2.948635e-11 2.914909e+13 2.814821e+13 3.640103e+09 8.862876e+12 8.558236e+12 1.106766e+09 



300 303975 5.000000e-01 1.714659e+03 9.648769e-02 2.033200e-04 5.630815e-11 5.101202e-11 5.792709e-15 1.787034e+10 1.568151e+10 1.828163e+06 5.436906e+09 4.770840e+09 5.562031e+05 
300 303975 5.500000e-01 1.819575e+03 1.299200e-01 1.747200e-04 1.513774e-10 1.399856e-10 1.345176e-14 4.398460e+10 4.027303e+10 3.899514e+06 1.338398e+10 1.225431e+10 1.186576e+06 
300 303975 6.000000e-01 1.917811e+03 1.625534e-01 1.620200e-04 3.411393e-10 3.061928e-10 2.711487e-14 9.204691e+10 9.149506e+10 7.062573e+06 2.801250e+10 2.784435e+10 2.149340e+06 
300 303975 6.500000e-01 2.010397e+03 1.968453e-01 1.429500e-04 6.709532e-10 6.156420e-10 4.849005e-14 1.686655e+11 1.639740e+11 1.196022e+07 5.133539e+10 4.990666e+10 3.640231e+06 
300 303975 7.000000e-01 2.096695e+03 2.314595e-01 1.239000e-04 1.199542e-09 1.172273e-09 7.934160e-14 2.823965e+11 2.693313e+11 1.856857e+07 8.595924e+10 8.198054e+10 5.652107e+06 
300 303975 7.500000e-01 2.173851e+03 2.641398e-01 1.270700e-04 1.979377e-09 1.813568e-09 1.249726e-13 4.393667e+11 4.289196e+11 2.719994e+07 1.337507e+11 1.305686e+11 8.280111e+06 
300 303975 8.000000e-01 2.241892e+03 2.970868e-01 1.175400e-04 3.106464e-09 2.939123e-09 1.855783e-13 6.507678e+11 5.939486e+11 3.864655e+07 1.981206e+11 1.808165e+11 1.176551e+07 
300 303975 8.500000e-01 2.298998e+03 3.280004e-01 1.048300e-04 4.629232e-09 4.503553e-09 2.613885e-13 9.215080e+11 8.913576e+11 5.199851e+07 2.805631e+11 2.713781e+11 1.583143e+07 
300 303975 9.000000e-01 2.345847e+03 3.576627e-01 1.048300e-04 6.656786e-09 6.251540e-09 3.647002e-13 1.261492e+12 1.174774e+12 6.906537e+07 3.840982e+11 3.576836e+11 2.102881e+07 
300 303975 9.500000e-01 2.382508e+03 3.873436e-01 1.048300e-04 9.302326e-09 8.471174e-09 4.967156e-13 1.689387e+12 1.669968e+12 8.821295e+07 5.144083e+11 5.084915e+11 2.686031e+07 
300 303975 1.000000e+00 2.409560e+03 4.137386e-01 1.064200e-04 1.262545e-08 1.137090e-08 6.583395e-13 2.193196e+12 2.153220e+12 1.119745e+08 6.678486e+11 6.556671e+11 3.409718e+07 
300 303975 1.050000e+00 2.427314e+03 4.398229e-01 9.372000e-05 1.677211e-08 1.649363e-08 8.389896e-13 2.797060e+12 2.713913e+12 1.398599e+08 8.517668e+11 8.264340e+11 4.259033e+07 
300 303975 1.100000e+00 2.435868e+03 4.628144e-01 9.213000e-05 2.183361e-08 2.135300e-08 1.072243e-12 3.506773e+12 3.408083e+12 1.724254e+08 1.067932e+12 1.037862e+12 5.250928e+07 
300 303975 1.150000e+00 2.435120e+03 4.841876e-01 9.054000e-05 2.797742e-08 2.727437e-08 1.349996e-12 4.330978e+12 4.199796e+12 2.095135e+08 1.318981e+12 1.279007e+12 6.380608e+07 
300 303975 1.200000e+00 2.428599e+03 5.041979e-01 8.895000e-05 3.514770e-08 3.434449e-08 1.671146e-12 5.265009e+12 5.114561e+12 2.508595e+08 1.603485e+12 1.557642e+12 7.640025e+07 
300 303975 1.250000e+00 2.415490e+03 5.226202e-01 8.737000e-05 4.365331e-08 4.279376e-08 2.048960e-12 6.328150e+12 6.173969e+12 2.979671e+08 1.927326e+12 1.880345e+12 9.074980e+07 
300 303975 1.300000e+00 2.397486e+03 5.391257e-01 8.578000e-05 5.360024e-08 5.288084e-08 2.485466e-12 7.532309e+12 7.403754e+12 3.507473e+08 2.294131e+12 2.254955e+12 1.068277e+08 
300 303975 1.350000e+00 2.377884e+03 5.557211e-01 8.419000e-05 6.499060e-08 6.440975e-08 2.984515e-12 8.865301e+12 8.708134e+12 4.084524e+08 2.700193e+12 2.652298e+12 1.244063e+08 
300 303975 1.400000e+00 2.355804e+03 5.690125e-01 9.530000e-05 7.797954e-08 7.137684e-08 3.645438e-12 1.034318e+13 1.022182e+13 4.726905e+08 3.150401e+12 3.113413e+12 1.439754e+08 
300 303975 1.450000e+00 2.331044e+03 5.799334e-01 9.371000e-05 9.232317e-08 8.582107e-08 4.302941e-12 1.192531e+13 1.082604e+13 5.559091e+08 3.632378e+12 3.297475e+12 1.693261e+08 
300 303975 1.500000e+00 2.305524e+03 5.891505e-01 9.212000e-05 1.087720e-07 1.027291e-07 5.054054e-12 1.369470e+13 1.264929e+13 6.368912e+08 4.171408e+12 3.852902e+12 1.939967e+08 
300 303975 1.550000e+00 2.280982e+03 5.968136e-01 9.054000e-05 1.266095e-07 1.210929e-07 5.878262e-12 1.555847e+13 1.461116e+13 7.235231e+08 4.739203e+12 4.450572e+12 2.203890e+08 
300 303975 1.600000e+00 2.257195e+03 6.041981e-01 8.895000e-05 1.468546e-07 1.421951e-07 6.811486e-12 1.762348e+13 1.677732e+13 8.194687e+08 5.368316e+12 5.110495e+12 2.496192e+08 
300 303975 1.650000e+00 2.234060e+03 6.101139e-01 8.736000e-05 1.689669e-07 1.651258e-07 7.842951e-12 1.982091e+13 1.912352e+13 9.231354e+08 6.037784e+12 5.825277e+12 2.812022e+08 
300 303975 1.700000e+00 2.210136e+03 6.126354e-01 8.577000e-05 1.931538e-07 1.905317e-07 8.972666e-12 2.217244e+13 2.161707e+13 1.034527e+09 6.754206e+12 6.584968e+12 3.151389e+08 
300 303975 1.750000e+00 2.187193e+03 6.140085e-01 9.689000e-05 2.192633e-07 1.986625e-07 1.049065e-11 2.465023e+13 2.427593e+13 1.153979e+09 7.509109e+12 7.395035e+12 3.515322e+08 
300 303975 1.800000e+00 2.164524e+03 6.133205e-01 9.530000e-05 2.472580e-07 2.288533e-07 1.192074e-11 2.724750e+13 2.507220e+13 1.318278e+09 8.300429e+12 7.637632e+12 4.015870e+08 



300 607950 5.000000e-01 1.714413e+03 6.590610e-02 1.162800e-04 3.690949e-11 3.402538e-11 2.202368e-15 1.093778e+10 9.984849e+09 6.495973e+05 3.331482e+09 3.041211e+09 1.978574e+05 
300 607950 5.500000e-01 1.818663e+03 9.399872e-02 1.000000e-04 1.122599e-10 1.014062e-10 5.686134e-15 3.039968e+10 2.714724e+10 1.528700e+06 9.259967e+09 8.269179e+09 4.656535e+05 
300 607950 6.000000e-01 1.917782e+03 1.209809e-01 8.372000e-05 2.779024e-10 2.634662e-10 1.226564e-14 6.934211e+10 6.498667e+10 3.040320e+06 2.112345e+10 1.979654e+10 9.261638e+05 
300 607950 6.500000e-01 2.011234e+03 1.504460e-01 8.139000e-05 5.786644e-10 5.157940e-10 2.327036e-14 1.340310e+11 1.280382e+11 5.240450e+06 4.083168e+10 3.900578e+10 1.596471e+06 
300 607950 7.000000e-01 2.099077e+03 1.799173e-01 6.745000e-05 1.085843e-09 1.062041e-09 3.951485e-14 2.351803e+11 2.262863e+11 8.501725e+06 7.164966e+10 6.893961e+10 2.590125e+06 
300 607950 7.500000e-01 2.179030e+03 2.088320e-01 6.977000e-05 1.843073e-09 1.640943e-09 6.389621e-14 3.755676e+11 3.694712e+11 1.263947e+07 1.144246e+11 1.125668e+11 3.850889e+06 
300 607950 8.000000e-01 2.250272e+03 2.368104e-01 6.279000e-05 2.978302e-09 2.806246e-09 9.684860e-14 5.732227e+11 5.263830e+11 1.848781e+07 1.746510e+11 1.603783e+11 5.632921e+06 
300 607950 8.500000e-01 2.312429e+03 2.648484e-01 5.465000e-05 4.569868e-09 4.511010e-09 1.390423e-13 8.335531e+11 8.137103e+11 2.526210e+07 2.539776e+11 2.479305e+11 7.697199e+06 
300 607950 9.000000e-01 2.363866e+03 2.910996e-01 5.581000e-05 6.725119e-09 6.485972e-09 1.991739e-13 1.167963e+12 1.102829e+12 3.436508e+07 3.558811e+11 3.360319e+11 1.047113e+07 
300 607950 1.000000e+00 2.433001e+03 3.388164e-01 5.698000e-05 1.299286e-08 1.192575e-08 3.663980e-13 2.065330e+12 2.060689e+12 5.598686e+07 6.293438e+11 6.279277e+11 1.706024e+07 
300 607950 1.050000e+00 2.450840e+03 3.596376e-01 5.698000e-05 1.735160e-08 1.560431e-08 4.788153e-13 2.648595e+12 2.632231e+12 7.052591e+07 8.070919e+11 8.021035e+11 2.149102e+07 
300 607950 1.100000e+00 2.457982e+03 3.802689e-01 4.651000e-05 2.278779e-08 2.265974e-08 5.958765e-13 3.346494e+12 3.293563e+12 8.742715e+07 1.019780e+12 1.003646e+12 2.664179e+07 
300 607950 1.150000e+00 2.454949e+03 3.984524e-01 4.651000e-05 2.928919e-08 2.918430e-08 7.558669e-13 4.149913e+12 4.096926e+12 1.070077e+08 1.264630e+12 1.248478e+12 3.260919e+07 
300 607950 1.200000e+00 2.444342e+03 4.163726e-01 4.535000e-05 3.712197e-08 3.691190e-08 9.446653e-13 5.076744e+12 5.013693e+12 1.292276e+08 1.547094e+12 1.527875e+12 3.938110e+07 
300 607950 1.250000e+00 2.426472e+03 4.304594e-01 4.884000e-05 4.612492e-08 4.378816e-08 1.186557e-12 6.112605e+12 5.785943e+12 1.570209e+08 1.862795e+12 1.763233e+12 4.785160e+07 
300 607950 1.300000e+00 2.405231e+03 4.444304e-01 4.884000e-05 5.662124e-08 5.475503e-08 1.447287e-12 7.273409e+12 6.899503e+12 1.853594e+08 2.216575e+12 2.102615e+12 5.648851e+07 
300 607950 1.350000e+00 2.381653e+03 4.557290e-01 4.826000e-05 6.869174e-08 6.698884e-08 1.745020e-12 8.573186e+12 8.172937e+12 2.169841e+08 2.612722e+12 2.490727e+12 6.612704e+07 
300 607950 1.400000e+00 2.356836e+03 4.658845e-01 5.174000e-05 8.244176e-08 7.525860e-08 2.112947e-12 1.000542e+13 9.570034e+12 2.519621e+08 3.049237e+12 2.916534e+12 7.678773e+07 
300 607950 1.450000e+00 2.333824e+03 4.760923e-01 5.116000e-05 9.735775e-08 9.065383e-08 2.493312e-12 1.150669e+13 1.123081e+13 2.897924e+08 3.506801e+12 3.422713e+12 8.831788e+07 
300 607950 1.500000e+00 2.307949e+03 4.823777e-01 5.000000e-05 1.146135e-07 1.074493e-07 2.932552e-12 1.320802e+13 1.212423e+13 3.370622e+08 4.025351e+12 3.695020e+12 1.027250e+08 
300 607950 1.550000e+00 2.280505e+03 4.856126e-01 4.884000e-05 1.329768e-07 1.259461e-07 3.412685e-12 1.496610e+13 1.402064e+13 3.839313e+08 4.561197e+12 4.273022e+12 1.170103e+08 
300 607950 1.600000e+00 2.255774e+03 4.886490e-01 5.349000e-05 1.534732e-07 1.380798e-07 4.013649e-12 1.687891e+13 1.611124e+13 4.350728e+08 5.144208e+12 4.910220e+12 1.325979e+08 
300 607950 1.650000e+00 2.231418e+03 4.898898e-01 5.232000e-05 1.755741e-07 1.602572e-07 4.622716e-12 1.888949e+13 1.703995e+13 4.967651e+08 5.757027e+12 5.193298e+12 1.514013e+08 
300 607950 1.700000e+00 2.207342e+03 4.897779e-01 5.116000e-05 1.992858e-07 1.848842e-07 5.284814e-12 2.099036e+13 1.903676e+13 5.559553e+08 6.397382e+12 5.801920e+12 1.694424e+08 
300 607950 1.750000e+00 2.183345e+03 4.866297e-01 5.581000e-05 2.242408e-07 1.980086e-07 6.091035e-12 2.315342e+13 2.179136e+13 6.209641e+08 7.056687e+12 6.641518e+12 1.892571e+08 
300 607950 1.800000e+00 2.160368e+03 4.825452e-01 5.465000e-05 2.506189e-07 2.261699e-07 6.893133e-12 2.538577e+13 2.239784e+13 6.972172e+08 7.737117e+12 6.826395e+12 2.124990e+08 



300 911925 5.000000e-01 1.714252e+03 5.052479e-02 8.525000e-05 2.606801e-11 2.501084e-11 1.156051e-15 7.408153e+09 6.962399e+09 3.267560e+05 2.257275e+09 2.121448e+09 9.956307e+04 
300 911925 5.500000e-01 1.818361e+03 7.465758e-02 7.557000e-05 8.933697e-11 7.827442e-11 3.322815e-15 2.312932e+10 2.225760e+10 8.420910e+05 7.047887e+09 6.782245e+09 2.565993e+05 
300 911925 6.000000e-01 1.917981e+03 9.902200e-02 6.395000e-05 2.383795e-10 2.145599e-10 7.649669e-15 5.659216e+10 4.971432e+10 1.801414e+06 1.724530e+10 1.514936e+10 5.489447e+05 
300 911925 6.500000e-01 2.012603e+03 1.259455e-01 5.523000e-05 5.285581e-10 4.979399e-10 1.509518e-14 1.162847e+11 1.071992e+11 3.292725e+06 3.543671e+10 3.266787e+10 1.003429e+06 
300 911925 7.000000e-01 2.100609e+03 1.525659e-01 5.135000e-05 1.021428e-09 9.471954e-10 2.677363e-14 2.097824e+11 1.898511e+11 5.446564e+06 6.393129e+10 5.785698e+10 1.659846e+06 
300 911925 7.500000e-01 2.181114e+03 1.784822e-01 4.651000e-05 1.783164e-09 1.707303e-09 4.328710e-14 3.442436e+11 3.227993e+11 8.287111e+06 1.049113e+11 9.837562e+10 2.525575e+06 
300 911925 8.000000e-01 2.255033e+03 2.045696e-01 4.069000e-05 2.949014e-09 2.930380e-09 6.632014e-14 5.368173e+11 5.280476e+11 1.201096e+07 1.636039e+11 1.609310e+11 3.660546e+06 
300 911925 8.500000e-01 2.319618e+03 2.298457e-01 4.166000e-05 4.592862e-09 4.376819e-09 9.986162e-14 7.917732e+11 7.393353e+11 1.707695e+07 2.413113e+11 2.253289e+11 5.204612e+06 
300 911925 9.000000e-01 2.374087e+03 2.542863e-01 4.263000e-05 6.856091e-09 6.207995e-09 1.444289e-13 1.123777e+12 1.120047e+12 2.258744e+07 3.425043e+11 3.413673e+11 6.884208e+06 
300 911925 9.500000e-01 2.416476e+03 2.764588e-01 3.488000e-05 9.770897e-09 9.691243e-09 1.926428e-13 1.528750e+12 1.498354e+12 3.002924e+07 4.659403e+11 4.566751e+11 9.152484e+06 
300 911925 1.000000e+00 2.446697e+03 2.970445e-01 3.584000e-05 1.350242e-08 1.330536e-08 2.620961e-13 2.022915e+12 1.972499e+12 3.904919e+07 6.165647e+11 6.011967e+11 1.190183e+07 
300 911925 1.050000e+00 2.464951e+03 3.168381e-01 3.584000e-05 1.823177e-08 1.778728e-08 3.474550e-13 2.620968e+12 2.521766e+12 4.963231e+07 7.988569e+11 7.686186e+11 1.512770e+07 
300 911925 1.100000e+00 2.470835e+03 3.356198e-01 3.536000e-05 2.388726e-08 2.306527e-08 4.472440e-13 3.304530e+12 3.097054e+12 6.136959e+07 1.007217e+12 9.439751e+11 1.870542e+07 
300 911925 1.150000e+00 2.466376e+03 3.516114e-01 3.536000e-05 3.069593e-08 2.969175e-08 5.668681e-13 4.097477e+12 3.850551e+12 7.508877e+07 1.248921e+12 1.173654e+12 2.288730e+07 
300 911925 1.200000e+00 2.451940e+03 3.659961e-01 3.488000e-05 3.881560e-08 3.759706e-08 7.086689e-13 5.007293e+12 4.757353e+12 9.090070e+07 1.526254e+12 1.450066e+12 2.770714e+07 
300 911925 1.250000e+00 2.432822e+03 3.802800e-01 3.439000e-05 4.822939e-08 4.690730e-08 8.733877e-13 6.020607e+12 5.763643e+12 1.085354e+08 1.835136e+12 1.756807e+12 3.308268e+07 
300 911925 1.300000e+00 2.409254e+03 3.909996e-01 3.391000e-05 5.909503e-08 5.768542e-08 1.061456e-12 7.161552e+12 6.829711e+12 1.279139e+08 2.182929e+12 2.081774e+12 3.898981e+07 
300 911925 1.350000e+00 2.383291e+03 4.004334e-01 3.730000e-05 7.138194e-08 6.496601e-08 1.303603e-12 8.398216e+12 8.104002e+12 1.500636e+08 2.559905e+12 2.470216e+12 4.574173e+07 
300 911925 1.400000e+00 2.358031e+03 4.081366e-01 3.633000e-05 8.511182e-08 7.747449e-08 1.548535e-12 9.753767e+12 9.483383e+12 1.735959e+08 2.973121e+12 2.890696e+12 5.291518e+07 
300 911925 1.450000e+00 2.332015e+03 4.141846e-01 3.585000e-05 1.004548e-07 9.314078e-08 1.832713e-12 1.122367e+13 1.017285e+13 2.035278e+08 3.421197e+12 3.100876e+12 6.203946e+07 
300 911925 1.500000e+00 2.306505e+03 4.187545e-01 3.536000e-05 1.176404e-07 1.106606e-07 2.148009e-12 1.281156e+13 1.181204e+13 2.329923e+08 3.905250e+12 3.600561e+12 7.102135e+07 
300 911925 1.550000e+00 2.281254e+03 4.214760e-01 3.488000e-05 1.361359e-07 1.303677e-07 2.498480e-12 1.449183e+13 1.361317e+13 2.650507e+08 4.417462e+12 4.149614e+12 8.079404e+07 
300 911925 1.600000e+00 2.255887e+03 4.221240e-01 3.827000e-05 1.558478e-07 1.383830e-07 2.929498e-12 1.620444e+13 1.553514e+13 2.992519e+08 4.939546e+12 4.735509e+12 9.122000e+07 
300 911925 1.650000e+00 2.231433e+03 4.214176e-01 3.778000e-05 1.772389e-07 1.615003e-07 3.360166e-12 1.805110e+13 1.610315e+13 3.409760e+08 5.502489e+12 4.908677e+12 1.039393e+08 
300 911925 1.700000e+00 2.208180e+03 4.200575e-01 3.730000e-05 1.995204e-07 1.866190e-07 3.826496e-12 1.992174e+13 1.828568e+13 3.809676e+08 6.072744e+12 5.574008e+12 1.161305e+08 
300 911925 1.750000e+00 2.183313e+03 4.151270e-01 4.069000e-05 2.222182e-07 1.936738e-07 4.387583e-12 2.177585e+13 2.054929e+13 4.226894e+08 6.637969e+12 6.264060e+12 1.288493e+08 
300 911925 1.800000e+00 2.159594e+03 4.088255e-01 4.021000e-05 2.449845e-07 2.222333e-07 4.928108e-12 2.358331e+13 2.064665e+13 4.720840e+08 7.188976e+12 6.293762e+12 1.439070e+08 



300 1215900 5.000000e-01 1.714350e+03 4.075273e-02 7.491000e-05 1.898214e-11 1.684749e-11 6.995337e-16 5.237117e+09 4.864975e+09 1.914009e+05 1.596067e+09 1.482651e+09 5.833147e+04 
300 1215900 5.500000e-01 1.818289e+03 6.237891e-02 6.129000e-05 7.222494e-11 6.376444e-11 2.173445e-15 1.809708e+10 1.758217e+10 5.324530e+05 5.515479e+09 5.358547e+09 1.622768e+05 
300 1215900 6.000000e-01 1.918229e+03 8.664684e-02 5.278000e-05 2.052598e-10 1.814143e-10 5.294086e-15 4.704711e+10 4.582948e+10 1.179202e+06 1.433909e+10 1.396797e+10 3.593995e+05 
300 1215900 6.500000e-01 2.012646e+03 1.094320e-01 4.597000e-05 4.804166e-10 4.379080e-10 1.097060e-14 1.018396e+11 1.011719e+11 2.241257e+06 3.103969e+10 3.083618e+10 6.831137e+05 
300 1215900 7.000000e-01 2.100996e+03 1.340513e-01 4.256000e-05 9.597321e-10 8.409198e-10 1.998673e-14 1.896832e+11 1.867325e+11 3.806183e+06 5.781491e+10 5.691549e+10 1.160116e+06 
300 1215900 7.500000e-01 2.182981e+03 1.583038e-01 3.831000e-05 1.725509e-09 1.567459e-09 3.324052e-14 3.199759e+11 3.198701e+11 5.876561e+06 9.752980e+10 9.749750e+10 1.791199e+06 
300 1215900 8.000000e-01 2.258109e+03 1.826727e-01 3.320000e-05 2.928066e-09 2.830579e-09 5.222987e-14 5.112078e+11 4.865257e+11 9.047023e+06 1.558209e+11 1.482973e+11 2.757622e+06 
300 1215900 8.500000e-01 2.324645e+03 2.065638e-01 3.490000e-05 4.606206e-09 4.201124e-09 7.919351e-14 7.613778e+11 7.586886e+11 1.235507e+07 2.320789e+11 2.312592e+11 3.766012e+06 
300 1215900 9.000000e-01 2.380282e+03 2.288737e-01 2.809000e-05 6.917327e-09 6.839484e-09 1.104096e-13 1.086046e+12 1.065001e+12 1.726232e+07 3.310477e+11 3.246323e+11 5.261894e+06 
300 1215900 9.500000e-01 2.424403e+03 2.492718e-01 2.937000e-05 9.976021e-09 9.756490e-09 1.561623e-13 1.494172e+12 1.426748e+12 2.318654e+07 4.554584e+11 4.349053e+11 7.067809e+06 
300 1215900 1.000000e+00 2.456122e+03 2.690250e-01 2.937000e-05 1.381871e-08 1.315988e-08 2.120443e-13 1.981080e+12 1.847715e+12 3.012970e+07 6.038862e+11 5.632324e+11 9.184363e+06 
300 1215900 1.050000e+00 2.474631e+03 2.876205e-01 2.937000e-05 1.868138e-08 1.735716e-08 2.805738e-13 2.570608e+12 2.532309e+12 3.749541e+07 7.835996e+11 7.719239e+11 1.142976e+07 
300 1215900 1.100000e+00 2.478745e+03 3.035689e-01 2.937000e-05 2.469996e-08 2.273266e-08 3.645735e-13 3.270277e+12 3.209100e+12 4.699332e+07 9.968901e+11 9.782403e+11 1.432517e+07 
300 1215900 1.150000e+00 2.472527e+03 3.192396e-01 2.937000e-05 3.179586e-08 2.928392e-08 4.632966e-13 4.059363e+12 3.958619e+12 5.753473e+07 1.237442e+12 1.206730e+12 1.753871e+07 
300 1215900 1.200000e+00 2.455950e+03 3.317481e-01 2.894000e-05 3.988982e-08 3.673124e-08 5.766414e-13 4.926718e+12 4.807629e+12 6.918461e+07 1.501855e+12 1.465551e+12 2.109020e+07 
300 1215900 1.250000e+00 2.434675e+03 3.432667e-01 2.852000e-05 4.955356e-08 4.567209e-08 7.104434e-13 5.927564e+12 5.842710e+12 8.265654e+07 1.806967e+12 1.781098e+12 2.519718e+07 
300 1215900 1.300000e+00 2.410183e+03 3.530409e-01 2.809000e-05 6.059249e-08 5.625691e-08 8.642704e-13 7.033963e+12 6.392505e+12 9.954503e+07 2.144259e+12 1.948711e+12 3.034572e+07 
300 1215900 1.350000e+00 2.384230e+03 3.612661e-01 2.767000e-05 7.298420e-08 6.844136e-08 1.038991e-12 8.238302e+12 7.562250e+12 1.164189e+08 2.511411e+12 2.305315e+12 3.548988e+07 
300 1215900 1.400000e+00 2.358360e+03 3.676007e-01 2.724000e-05 8.688845e-08 8.250257e-08 1.236578e-12 9.548398e+12 8.875093e+12 1.350375e+08 2.910807e+12 2.705547e+12 4.116592e+07 
300 1215900 1.450000e+00 2.333164e+03 3.733388e-01 2.681000e-05 1.021149e-07 9.787273e-08 1.454940e-12 1.093887e+13 1.031293e+13 1.550768e+08 3.334711e+12 3.143887e+12 4.727516e+07 
300 1215900 1.500000e+00 2.307174e+03 3.770694e-01 2.639000e-05 1.188579e-07 1.151856e-07 1.697994e-12 1.242257e+13 1.190385e+13 1.768958e+08 3.787036e+12 3.628897e+12 5.392699e+07 
300 1215900 1.550000e+00 2.281920e+03 3.786527e-01 2.979000e-05 1.362571e-07 1.236565e-07 2.006126e-12 1.394319e+13 1.350883e+13 1.998153e+08 4.250620e+12 4.118199e+12 6.091435e+07 
300 1215900 1.600000e+00 2.257128e+03 3.782609e-01 2.936000e-05 1.554963e-07 1.442387e-07 2.307729e-12 1.553594e+13 1.392261e+13 2.292224e+08 4.736200e+12 4.244360e+12 6.987954e+07 
300 1215900 1.650000e+00 2.231127e+03 3.760401e-01 2.894000e-05 1.748346e-07 1.662354e-07 2.627692e-12 1.713765e+13 1.579528e+13 2.561094e+08 5.224510e+12 4.815275e+12 7.807651e+07 
300 1215900 1.700000e+00 2.206835e+03 3.722918e-01 3.192000e-05 1.947922e-07 1.709925e-07 3.021592e-12 1.872658e+13 1.777485e+13 2.841372e+08 5.708930e+12 5.418782e+12 8.662134e+07 
300 1215900 1.750000e+00 2.182448e+03 3.670643e-01 3.150000e-05 2.154998e-07 1.960018e-07 3.396637e-12 2.030032e+13 1.785763e+13 3.187258e+08 6.188725e+12 5.444037e+12 9.716631e+07 
300 1215900 1.800000e+00 2.158860e+03 3.600804e-01 3.065000e-05 2.349471e-07 2.188521e-07 3.766687e-12 2.176775e+13 1.993892e+13 3.485562e+08 6.636109e+12 6.078559e+12 1.062608e+08 



500 101325 5.000000e-01 1.873191e+03 4.469006e-01 4.156200e-04 2.800164e-10 2.748209e-10 6.051766e-14 8.787044e+10 8.579301e+10 1.903077e+07 2.663806e+10 2.600649e+10 5.768929e+06 
500 101325 5.500000e-01 1.970747e+03 5.366395e-01 3.645800e-04 5.615668e-10 5.571327e-10 1.099681e-13 1.636156e+11 1.613709e+11 3.214759e+07 4.961756e+10 4.893507e+10 9.748690e+06 
500 101325 6.000000e-01 2.060669e+03 6.238512e-01 3.791700e-04 1.016389e-09 9.654770e-10 1.873365e-13 2.765439e+11 2.599099e+11 5.110772e+07 8.388994e+10 7.883699e+10 1.550296e+07 
500 101325 6.500000e-01 2.139715e+03 7.100111e-01 3.208400e-04 1.711857e-09 1.694944e-09 2.912343e-13 4.376221e+11 4.304979e+11 7.484075e+07 1.327876e+11 1.306208e+11 2.270823e+07 
500 101325 7.000000e-01 2.210188e+03 7.936497e-01 3.281300e-04 2.707684e-09 2.602695e-09 4.427429e-13 6.525797e+11 6.236737e+11 1.072977e+08 1.980589e+11 1.892709e+11 3.256354e+07 
500 101325 7.500000e-01 2.265440e+03 8.728267e-01 2.989600e-04 4.061556e-09 3.984236e-09 6.290533e-13 9.284223e+11 9.076235e+11 1.447985e+08 2.818323e+11 2.755040e+11 4.395343e+07 
500 101325 8.000000e-01 2.312819e+03 9.507075e-01 2.989600e-04 5.872819e-09 5.638302e-09 8.802457e-13 1.275402e+12 1.219337e+12 1.926917e+08 3.872221e+11 3.701806e+11 5.850150e+07 
500 101325 8.500000e-01 2.351545e+03 1.024160e+00 2.989600e-04 8.195889e-09 7.722805e-09 1.192773e-12 1.701958e+12 1.691178e+12 2.454288e+08 5.168168e+11 5.135298e+11 7.452470e+07 
500 101325 9.000000e-01 2.383979e+03 1.092623e+00 2.697900e-04 1.111484e-08 1.103696e-08 1.549820e-12 2.211374e+12 2.192385e+12 3.108265e+08 6.715968e+11 6.658123e+11 9.439582e+07 
500 101325 9.500000e-01 2.408567e+03 1.158753e+00 2.625000e-04 1.474772e-08 1.455631e-08 2.002278e-12 2.814057e+12 2.759709e+12 3.854025e+08 8.547421e+11 8.382019e+11 1.170587e+08 
500 101325 1.000000e+00 2.428146e+03 1.220124e+00 2.588500e-04 1.916047e-08 1.886514e-08 2.542637e-12 3.511227e+12 3.429733e+12 4.701492e+08 1.066628e+12 1.041819e+12 1.428150e+08 
500 101325 1.050000e+00 2.445882e+03 1.279580e+00 2.552000e-04 2.446405e-08 2.419217e-08 3.179478e-12 4.336017e+12 4.275616e+12 5.678383e+08 1.317297e+12 1.298914e+12 1.725078e+08 
500 101325 1.100000e+00 2.453210e+03 1.335727e+00 2.479100e-04 3.077581e-08 3.041347e-08 3.910076e-12 5.253952e+12 5.166635e+12 6.747049e+08 1.596340e+12 1.569751e+12 2.049932e+08 
500 101325 1.150000e+00 2.459315e+03 1.387231e+00 2.406200e-04 3.800005e-08 3.770523e-08 4.750394e-12 6.298522e+12 6.214185e+12 7.936616e+08 1.913863e+12 1.888189e+12 2.411564e+08 
500 101325 1.200000e+00 2.464452e+03 1.436355e+00 2.333300e-04 4.662304e-08 4.631046e-08 5.711808e-12 7.456866e+12 7.380647e+12 9.252291e+08 2.266000e+12 2.242811e+12 2.811565e+08 
500 101325 1.250000e+00 2.463802e+03 1.482292e+00 2.552100e-04 5.637742e-08 5.238858e-08 6.929256e-12 8.757768e+12 8.716786e+12 1.067949e+09 2.661563e+12 2.649044e+12 3.245503e+08 
500 101325 1.300000e+00 2.462906e+03 1.523870e+00 2.479200e-04 6.760645e-08 6.382002e-08 8.203907e-12 1.022071e+13 9.584960e+12 1.250871e+09 3.106362e+12 2.912966e+12 3.801643e+08 
500 101325 1.350000e+00 2.453119e+03 1.562448e+00 2.406300e-04 8.028785e-08 7.691636e-08 9.605563e-12 1.180188e+13 1.125068e+13 1.426067e+09 3.587137e+12 3.419441e+12 4.334381e+08 
500 101325 1.400000e+00 2.443291e+03 1.599548e+00 2.333300e-04 9.477219e-08 9.220356e-08 1.119083e-11 1.356453e+13 1.314986e+13 1.619336e+09 4.123125e+12 3.996942e+12 4.922101e+08 
500 101325 1.450000e+00 2.432589e+03 1.630905e+00 2.260400e-04 1.106555e-07 1.090384e-07 1.291023e-11 1.544145e+13 1.517889e+13 1.823396e+09 4.693889e+12 4.613969e+12 5.542673e+08 
500 101325 1.500000e+00 2.416676e+03 1.660507e+00 2.187500e-04 1.284197e-07 1.277274e-07 1.481478e-11 1.749377e+13 1.737257e+13 2.044202e+09 5.318077e+12 5.281114e+12 6.214205e+08 
500 101325 1.550000e+00 2.402114e+03 1.685187e+00 2.406300e-04 1.479072e-07 1.388213e-07 1.729562e-11 1.969888e+13 1.839618e+13 2.325933e+09 5.988703e+12 5.592360e+12 7.070952e+08 
500 101325 1.600000e+00 2.384962e+03 1.709859e+00 2.333400e-04 1.697901e-07 1.623993e-07 1.970178e-11 2.210231e+13 2.105430e+13 2.592189e+09 6.719665e+12 6.400768e+12 7.880754e+08 
500 101325 1.650000e+00 2.365703e+03 1.730262e+00 2.260500e-04 1.939031e-07 1.882519e-07 2.233093e-11 2.469067e+13 2.389915e+13 2.877077e+09 7.506893e+12 7.266009e+12 8.747258e+08 
500 101325 1.700000e+00 2.346434e+03 1.749012e+00 2.187500e-04 2.199115e-07 2.159457e-07 2.514121e-11 2.742647e+13 2.686645e+13 3.174963e+09 8.339071e+12 8.168541e+12 9.653335e+08 
500 101325 1.750000e+00 2.326604e+03 1.765266e+00 2.442700e-04 2.482529e-07 2.268748e-07 2.883060e-11 3.034639e+13 2.995038e+13 3.489526e+09 9.227189e+12 9.106592e+12 1.061017e+09 
500 101325 1.800000e+00 2.306743e+03 1.776763e+00 2.369800e-04 2.791450e-07 2.592396e-07 3.232578e-11 3.344594e+13 3.095101e+13 3.916830e+09 1.017007e+13 9.410906e+12 1.190981e+09 



500 303975 5.000000e-01 1.875097e+03 2.978553e-01 1.525400e-04 1.729660e-10 1.681559e-10 1.422033e-14 4.912282e+10 4.742063e+10 4.035353e+06 1.494832e+10 1.443014e+10 1.227977e+06 
500 303975 5.500000e-01 1.975483e+03 3.697762e-01 1.393900e-04 3.723801e-10 3.622849e-10 2.768925e-14 9.847388e+10 9.444703e+10 7.280645e+06 2.996997e+10 2.874388e+10 2.215811e+06 
500 303975 6.000000e-01 2.069300e+03 4.425910e-01 1.236100e-04 7.181125e-10 7.103528e-10 4.832065e-14 1.767490e+11 1.738304e+11 1.187606e+07 5.379843e+10 5.290932e+10 3.614783e+06 
500 303975 6.500000e-01 2.155937e+03 5.169573e-01 1.262400e-04 1.273184e-09 1.188885e-09 8.118926e-14 2.935283e+11 2.868762e+11 1.842247e+07 8.935208e+10 8.732551e+10 5.607876e+06 
500 303975 7.000000e-01 2.232226e+03 5.866678e-01 1.183500e-04 2.107638e-09 1.988189e-09 1.263389e-13 4.577120e+11 4.259083e+11 2.737066e+07 1.393422e+11 1.296560e+11 8.332409e+06 
500 303975 7.500000e-01 2.299755e+03 6.541332e-01 1.078300e-04 3.288277e-09 3.139832e-09 1.858324e-13 6.764585e+11 6.380950e+11 3.817350e+07 2.059496e+11 1.942650e+11 1.162194e+07 
500 303975 8.000000e-01 2.355890e+03 7.194227e-01 1.104600e-04 4.909159e-09 4.579851e-09 2.681741e-13 9.596184e+11 9.429516e+11 5.155818e+07 2.921767e+11 2.870986e+11 1.569792e+07 
500 303975 8.500000e-01 2.402426e+03 7.793151e-01 9.994000e-05 7.065984e-09 6.891167e-09 3.677864e-13 1.315540e+12 1.269206e+12 6.855141e+07 4.005682e+11 3.864519e+11 2.087300e+07 
500 303975 9.000000e-01 2.440482e+03 8.394723e-01 9.994000e-05 9.790561e-09 9.396793e-09 4.970839e-13 1.745298e+12 1.651231e+12 8.854489e+07 5.314502e+11 5.027958e+11 2.696211e+07 
500 303975 9.500000e-01 2.470181e+03 8.976674e-01 9.731000e-05 1.326983e-08 1.231466e-08 6.560734e-13 2.269481e+12 2.073963e+12 1.120410e+08 6.910965e+11 6.315420e+11 3.411826e+07 
500 303975 1.000000e+00 2.492447e+03 9.518117e-01 9.731000e-05 1.756483e-08 1.622125e-08 8.502820e-13 2.887705e+12 2.847608e+12 1.372258e+08 8.793926e+11 8.671743e+11 4.178926e+07 
500 303975 1.050000e+00 2.508422e+03 1.001834e+00 9.731000e-05 2.293139e-08 2.124810e-08 1.083771e-12 3.627515e+12 3.532059e+12 1.682515e+08 1.104729e+12 1.075645e+12 5.123938e+07 
500 303975 1.100000e+00 2.518589e+03 1.049201e+00 8.416000e-05 2.926272e-08 2.890444e-08 1.329844e-12 4.463806e+12 4.371438e+12 2.037829e+08 1.359464e+12 1.331316e+12 6.206226e+07 
500 303975 1.150000e+00 2.523280e+03 1.093510e+00 8.153000e-05 3.676100e-08 3.615721e-08 1.640745e-12 5.412323e+12 5.323909e+12 2.437110e+08 1.648393e+12 1.621442e+12 7.422471e+07 
500 303975 1.200000e+00 2.523068e+03 1.135610e+00 9.205000e-05 4.547629e-08 4.173002e-08 2.047577e-12 6.506871e+12 6.421278e+12 2.882892e+08 1.981799e+12 1.955714e+12 8.780403e+07 
500 303975 1.250000e+00 2.518195e+03 1.173970e+00 8.942000e-05 5.572702e-08 5.098815e-08 2.470723e-12 7.722787e+12 7.645512e+12 3.377268e+08 2.352193e+12 2.328643e+12 1.028640e+08 
500 303975 1.300000e+00 2.509336e+03 1.209935e+00 8.942000e-05 6.741133e-08 6.345007e-08 2.963515e-12 9.076636e+12 9.003782e+12 3.915574e+08 2.764615e+12 2.742409e+12 1.192625e+08 
500 303975 1.350000e+00 2.496720e+03 1.242566e+00 8.679000e-05 8.064718e-08 7.623062e-08 3.508906e-12 1.056670e+13 9.867720e+12 4.610269e+08 3.218544e+12 3.005581e+12 1.404249e+08 
500 303975 1.400000e+00 2.481169e+03 1.272437e+00 8.548000e-05 9.595431e-08 9.206913e-08 4.138559e-12 1.223046e+13 1.149094e+13 5.288547e+08 3.725396e+12 3.500073e+12 1.610881e+08 
500 303975 1.450000e+00 2.462227e+03 1.298185e+00 8.285000e-05 1.131898e-07 1.091689e-07 4.839067e-12 1.405838e+13 1.345074e+13 6.042314e+08 4.282252e+12 4.097108e+12 1.840514e+08 
500 303975 1.500000e+00 2.443254e+03 1.321912e+00 8.153000e-05 1.323730e-07 1.295677e-07 5.625761e-12 1.605206e+13 1.560262e+13 6.859592e+08 4.889636e+12 4.752677e+12 2.089501e+08 
500 303975 1.550000e+00 2.422585e+03 1.343225e+00 7.890000e-05 1.536541e-07 1.510111e-07 6.484461e-12 1.820341e+13 1.777655e+13 7.730058e+08 5.545062e+12 5.414975e+12 2.354695e+08 
500 303975 1.600000e+00 2.400715e+03 1.359652e+00 8.811000e-05 1.769612e-07 1.611365e-07 7.598995e-12 2.047099e+13 2.021613e+13 8.673046e+08 6.235911e+12 6.158222e+12 2.641988e+08 
500 303975 1.650000e+00 2.378849e+03 1.374778e+00 8.679000e-05 2.027884e-07 1.888290e-07 8.690475e-12 2.296007e+13 2.284535e+13 9.684985e+08 6.994227e+12 6.959259e+12 2.950292e+08 
500 303975 1.700000e+00 2.355988e+03 1.385304e+00 8.548000e-05 2.312633e-07 2.194017e-07 9.910080e-12 2.564911e+13 2.380096e+13 1.102757e+09 7.813499e+12 7.250376e+12 3.359321e+08 
500 303975 1.750000e+00 2.334315e+03 1.393460e+00 8.285000e-05 2.618088e-07 2.496602e-07 1.121337e-11 2.846530e+13 2.690154e+13 1.225693e+09 8.671521e+12 8.195026e+12 3.733872e+08 
500 303975 1.800000e+00 2.312728e+03 1.400348e+00 8.153000e-05 2.951629e-07 2.857872e-07 1.265818e-11 3.145251e+13 3.023477e+13 1.357744e+09 9.581657e+12 9.210571e+12 4.136199e+08 



500 607950 5.000000e-01 1.874736e+03 2.165103e-01 8.818000e-05 1.314046e-10 1.272483e-10 6.122238e-15 3.466138e+10 3.275057e+10 1.602879e+06 1.055837e+10 9.976238e+09 4.882604e+05 
500 607950 5.500000e-01 1.975979e+03 2.771156e-01 7.715000e-05 3.090513e-10 3.015058e-10 1.269272e-14 7.521222e+10 7.169056e+10 3.067283e+06 2.291221e+10 2.183922e+10 9.343981e+05 
500 607950 6.000000e-01 2.071884e+03 3.413041e-01 7.164000e-05 6.273092e-10 5.979924e-10 2.355399e-14 1.419640e+11 1.324802e+11 5.290770e+06 4.324941e+10 4.035979e+10 1.611835e+06 
500 607950 6.500000e-01 2.159889e+03 4.029296e-01 6.614000e-05 1.150286e-09 1.112793e-09 3.984987e-14 2.436620e+11 2.284309e+11 8.368453e+06 7.423531e+10 6.959422e+10 2.549572e+06 
500 607950 7.000000e-01 2.240486e+03 4.642196e-01 6.724000e-05 1.948914e-09 1.714340e-09 6.406624e-14 3.888176e+11 3.772301e+11 1.240902e+07 1.184640e+11 1.149328e+11 3.780748e+06 
500 607950 7.500000e-01 2.311713e+03 5.238677e-01 5.952000e-05 3.116080e-09 2.923275e-09 9.597199e-14 5.873442e+11 5.464985e+11 1.799516e+07 1.789570e+11 1.665102e+11 5.482919e+06 
500 607950 8.000000e-01 2.372655e+03 5.816156e-01 5.180000e-05 4.739413e-09 4.698350e-09 1.364487e-13 8.484156e+11 8.331418e+11 2.434464e+07 2.585109e+11 2.538557e+11 7.417775e+06 
500 607950 8.500000e-01 2.423504e+03 6.341376e-01 5.291000e-05 6.940213e-09 6.801129e-09 1.941547e-13 1.183385e+12 1.140842e+12 3.295132e+07 3.605856e+11 3.476204e+11 1.004050e+07 
500 607950 9.000000e-01 2.465725e+03 6.847163e-01 5.291000e-05 9.806080e-09 9.390874e-09 2.666343e-13 1.598101e+12 1.496068e+12 4.320129e+07 4.869654e+11 4.558704e+11 1.316409e+07 
500 607950 9.500000e-01 2.497531e+03 7.338575e-01 5.291000e-05 1.341329e-08 1.261259e-08 3.561523e-13 2.095420e+12 2.045964e+12 5.462859e+07 6.385216e+11 6.234473e+11 1.664655e+07 
500 607950 1.000000e+00 2.522096e+03 7.809791e-01 5.180000e-05 1.795796e-08 1.627921e-08 4.647385e-13 2.695150e+12 2.609603e+12 6.873254e+07 8.212901e+11 7.952162e+11 2.094478e+07 
500 607950 1.050000e+00 2.538769e+03 8.254381e-01 4.739000e-05 2.354005e-08 2.281615e-08 5.890400e-13 3.401013e+12 3.239884e+12 8.479759e+07 1.036407e+12 9.872974e+11 2.584076e+07 
500 607950 1.100000e+00 2.548832e+03 8.664440e-01 4.739000e-05 3.023333e-08 2.937152e-08 7.448734e-13 4.214727e+12 4.027063e+12 1.034805e+08 1.284397e+12 1.227199e+12 3.153465e+07 
500 607950 1.150000e+00 2.551986e+03 9.039017e-01 4.629000e-05 3.823409e-08 3.693057e-08 9.268704e-13 5.148712e+12 4.872908e+12 1.245010e+08 1.569042e+12 1.484983e+12 3.794106e+07 
500 607950 1.200000e+00 2.549064e+03 9.389274e-01 4.519000e-05 4.759342e-08 4.567129e-08 1.136355e-12 6.209223e+12 5.943890e+12 1.483107e+08 1.892258e+12 1.811386e+12 4.519763e+07 
500 607950 1.250000e+00 2.541201e+03 9.719469e-01 4.519000e-05 5.830505e-08 5.680317e-08 1.381171e-12 7.379338e+12 7.081155e+12 1.744887e+08 2.248884e+12 2.157995e+12 5.317609e+07 
500 607950 1.300000e+00 2.528147e+03 1.001565e+00 4.409000e-05 7.098359e-08 6.926337e-08 1.659745e-12 8.724375e+12 8.368016e+12 2.038203e+08 2.658821e+12 2.550202e+12 6.211582e+07 
500 607950 1.350000e+00 2.511615e+03 1.028045e+00 4.739000e-05 8.532130e-08 7.756263e-08 2.006323e-12 1.019687e+13 9.841428e+12 2.362575e+08 3.107610e+12 2.999270e+12 7.200216e+07 
500 607950 1.400000e+00 2.490885e+03 1.050465e+00 4.629000e-05 1.014278e-07 9.314264e-08 2.373914e-12 1.180604e+13 1.161150e+13 2.727345e+08 3.598067e+12 3.538763e+12 8.311989e+07 
500 607950 1.450000e+00 2.469806e+03 1.071265e+00 4.629000e-05 1.198196e-07 1.131743e-07 2.792827e-12 1.359465e+13 1.254723e+13 3.163257e+08 4.143215e+12 3.823961e+12 9.640591e+07 
500 607950 1.500000e+00 2.447924e+03 1.089779e+00 4.519000e-05 1.401885e-07 1.332575e-07 3.255160e-12 1.552234e+13 1.447783e+13 3.600991e+08 4.730756e+12 4.412389e+12 1.097477e+08 
500 607950 1.550000e+00 2.425662e+03 1.104663e+00 4.409000e-05 1.625998e-07 1.561301e-07 3.768945e-12 1.758727e+13 1.655385e+13 4.076271e+08 5.360132e+12 5.045144e+12 1.242340e+08 
500 607950 1.600000e+00 2.402479e+03 1.115958e+00 4.850000e-05 1.877006e-07 1.707239e-07 4.409548e-12 1.984990e+13 1.914574e+13 4.602600e+08 6.049782e+12 5.835138e+12 1.402764e+08 
500 607950 1.650000e+00 2.379291e+03 1.124449e+00 4.740000e-05 2.149975e-07 1.974069e-07 5.052544e-12 2.225146e+13 2.163226e+13 5.156823e+08 6.781773e+12 6.593025e+12 1.571691e+08 
500 607950 1.700000e+00 2.355715e+03 1.130443e+00 4.629000e-05 2.438186e-07 2.266905e-07 5.750508e-12 2.472397e+13 2.245710e+13 5.828585e+08 7.535392e+12 6.844446e+12 1.776442e+08 
500 607950 1.750000e+00 2.332862e+03 1.133556e+00 4.629000e-05 2.754135e-07 2.636417e-07 6.531504e-12 2.736557e+13 2.572095e+13 6.496067e+08 8.340576e+12 7.839269e+12 1.979893e+08 
500 607950 1.800000e+00 2.309956e+03 1.132538e+00 4.960000e-05 3.091901e-07 2.740505e-07 7.456968e-12 3.014793e+13 2.862901e+13 7.186033e+08 9.188652e+12 8.725655e+12 2.190198e+08 



500 911925 5.000000e-01 1.874641e+03 1.740810e-01 6.434000e-05 1.080707e-10 1.037157e-10 3.664399e-15 2.710650e+10 2.539795e+10 9.144987e+05 8.259929e+09 7.739266e+09 2.786672e+05 
500 911925 5.500000e-01 1.976727e+03 2.297075e-01 5.528000e-05 2.706344e-10 2.643347e-10 7.992898e-15 6.263100e+10 5.978846e+10 1.835436e+06 1.908579e+10 1.821952e+10 5.593199e+05 
500 911925 6.000000e-01 2.072965e+03 2.852788e-01 5.026000e-05 5.801962e-10 5.540564e-10 1.545630e-14 1.245696e+11 1.168041e+11 3.295042e+06 3.796192e+10 3.559530e+10 1.004148e+06 
500 911925 6.500000e-01 2.161871e+03 3.412392e-01 4.524000e-05 1.099255e-09 1.076760e-09 2.679796e-14 2.206310e+11 2.135736e+11 5.342686e+06 6.723828e+10 6.508727e+10 1.628208e+06 
500 911925 7.000000e-01 2.243765e+03 3.973827e-01 4.624000e-05 1.898277e-09 1.692770e-09 4.382874e-14 3.582183e+11 3.559141e+11 7.926361e+06 1.091716e+11 1.084692e+11 2.415662e+06 
500 911925 7.500000e-01 2.317608e+03 4.539094e-01 4.021000e-05 3.107819e-09 3.048608e-09 6.665217e-14 5.533219e+11 5.270442e+11 1.175574e+07 1.686361e+11 1.606268e+11 3.582803e+06 
500 911925 8.000000e-01 2.380900e+03 5.025050e-01 4.021000e-05 4.840602e-09 4.474963e-09 9.972757e-14 8.174239e+11 7.970879e+11 1.643677e+07 2.491317e+11 2.429332e+11 5.009552e+06 
500 911925 8.500000e-01 2.434729e+03 5.519843e-01 3.720000e-05 7.113898e-09 6.895743e-09 1.399534e-13 1.143900e+12 1.092069e+12 2.233201e+07 3.486405e+11 3.328424e+11 6.806416e+06 
500 911925 9.000000e-01 2.478747e+03 5.992578e-01 3.720000e-05 1.011519e-08 9.465601e-09 1.929318e-13 1.553474e+12 1.421826e+12 2.936948e+07 4.734800e+11 4.333532e+11 8.951474e+06 
500 911925 9.500000e-01 2.513569e+03 6.450322e-01 3.720000e-05 1.395437e-08 1.263241e-08 2.593538e-13 2.051324e+12 1.994443e+12 3.722009e+07 6.252290e+11 6.078900e+11 1.134443e+07 
500 911925 1.000000e+00 2.539391e+03 6.876743e-01 3.368000e-05 1.869827e-08 1.832118e-08 3.344676e-13 2.641437e+12 2.534571e+12 4.690727e+07 8.051023e+11 7.725272e+11 1.429722e+07 
500 911925 1.050000e+00 2.556256e+03 7.276108e-01 3.318000e-05 2.464639e-08 2.385204e-08 4.320021e-13 3.351530e+12 3.196426e+12 5.838791e+07 1.021550e+12 9.742707e+11 1.779673e+07 
500 911925 1.100000e+00 2.565591e+03 7.651493e-01 3.318000e-05 3.174074e-08 3.069628e-08 5.478390e-13 4.164184e+12 3.917791e+12 7.131867e+07 1.269263e+12 1.194157e+12 2.173830e+07 
500 911925 1.150000e+00 2.567540e+03 7.997472e-01 3.267000e-05 4.012650e-08 3.859550e-08 6.821325e-13 5.088839e+12 4.750126e+12 8.586835e+07 1.551120e+12 1.447871e+12 2.617341e+07 
500 911925 1.200000e+00 2.562689e+03 8.310361e-01 3.217000e-05 5.007445e-08 4.821530e-08 8.405386e-13 6.143784e+12 5.808320e+12 1.026784e+08 1.872696e+12 1.770435e+12 3.129758e+07 
500 911925 1.250000e+00 2.552054e+03 8.604623e-01 3.167000e-05 6.159712e-08 5.935936e-08 1.022516e-12 7.321928e+12 6.963007e+12 1.212292e+08 2.231826e+12 2.122416e+12 3.695243e+07 
500 911925 1.300000e+00 2.536633e+03 8.864499e-01 3.117000e-05 7.484061e-08 7.248497e-08 1.231215e-12 8.656176e+12 8.281197e+12 1.419025e+08 2.638549e+12 2.524240e+12 4.325432e+07 
500 911925 1.350000e+00 2.516731e+03 9.075758e-01 3.066000e-05 8.966186e-08 8.756472e-08 1.465036e-12 1.009533e+13 9.730848e+12 1.644721e+08 3.077252e+12 2.966142e+12 5.013432e+07 
500 911925 1.400000e+00 2.495873e+03 9.275806e-01 3.016000e-05 1.064161e-07 1.047561e-07 1.729198e-12 1.166899e+13 1.135960e+13 1.892878e+08 3.556961e+12 3.462644e+12 5.769909e+07 
500 911925 1.450000e+00 2.473704e+03 9.445817e-01 3.368000e-05 1.253585e-07 1.136379e-07 2.071187e-12 1.340789e+13 1.314590e+13 2.166033e+08 4.087044e+12 4.007173e+12 6.602591e+07 
500 911925 1.500000e+00 2.450766e+03 9.583627e-01 3.318000e-05 1.462306e-07 1.346593e-07 2.414494e-12 1.526572e+13 1.509002e+13 2.461164e+08 4.653387e+12 4.599820e+12 7.502272e+07 
500 911925 1.550000e+00 2.426992e+03 9.690321e-01 3.267000e-05 1.693836e-07 1.583408e-07 2.795670e-12 1.728306e+13 1.586106e+13 2.842226e+08 5.268355e+12 4.834870e+12 8.663900e+07 
500 911925 1.600000e+00 2.402916e+03 9.762241e-01 3.217000e-05 1.944852e-07 1.848598e-07 3.217196e-12 1.940489e+13 1.811662e+13 3.202570e+08 5.915182e+12 5.522462e+12 9.762385e+07 
500 911925 1.650000e+00 2.379905e+03 9.831836e-01 3.167000e-05 2.219221e-07 2.133433e-07 3.680270e-12 2.167286e+13 2.055500e+13 3.590593e+08 6.606564e+12 6.265786e+12 1.094526e+08 
500 911925 1.700000e+00 2.356642e+03 9.868743e-01 3.117000e-05 2.501444e-07 2.428670e-07 4.162851e-12 2.395119e+13 2.304468e+13 3.986339e+08 7.301108e+12 7.024755e+12 1.215168e+08 
500 911925 1.750000e+00 2.334266e+03 9.854566e-01 3.468000e-05 2.811485e-07 2.515850e-07 4.799334e-12 2.639021e+13 2.568944e+13 4.419909e+08 8.044642e+12 7.831007e+12 1.347341e+08 
500 911925 1.800000e+00 2.311997e+03 9.828403e-01 3.418000e-05 3.139692e-07 2.877352e-07 5.405827e-12 2.893791e+13 2.599204e+13 4.974938e+08 8.821308e+12 7.923272e+12 1.516540e+08 



500 1215900 5.000000e-01 1.874789e+03 1.473966e-01 5.678000e-05 9.025234e-11 8.005177e-11 2.496410e-15 2.193722e+10 2.151146e+10 5.894881e+05 6.685919e+09 6.556152e+09 1.796614e+05 
500 1215900 5.500000e-01 1.976127e+03 1.970098e-01 4.827000e-05 2.412468e-10 2.173058e-10 5.766495e-15 5.386401e+10 5.355700e+10 1.238715e+06 1.641692e+10 1.632334e+10 3.775417e+05 
500 1215900 6.000000e-01 2.072773e+03 2.502578e-01 3.691000e-05 5.367657e-10 5.338106e-10 1.111223e-14 1.110051e+11 1.099197e+11 2.288745e+06 3.383355e+10 3.350270e+10 6.975937e+05 
500 1215900 6.500000e-01 2.163074e+03 3.014471e-01 3.881000e-05 1.049302e-09 9.357915e-10 2.043101e-14 2.024895e+11 2.024895e+11 3.740435e+06 6.171877e+10 6.171877e+10 1.140086e+06 
500 1215900 7.000000e-01 2.245974e+03 3.532151e-01 3.313000e-05 1.868021e-09 1.811094e-09 3.332204e-14 3.383914e+11 3.241085e+11 5.989031e+06 1.031438e+11 9.879009e+10 1.825496e+06 
500 1215900 7.500000e-01 2.320710e+03 4.052031e-01 3.455000e-05 3.068384e-09 2.791075e-09 5.236774e-14 5.245446e+11 5.076585e+11 8.701759e+06 1.598873e+11 1.547400e+11 2.652402e+06 
500 1215900 8.000000e-01 2.386381e+03 4.504405e-01 3.123000e-05 4.867504e-09 4.555354e-09 7.819468e-14 7.868067e+11 7.236700e+11 1.252470e+07 2.398318e+11 2.205862e+11 3.817743e+06 
500 1215900 8.500000e-01 2.442015e+03 4.971899e-01 2.792000e-05 7.245839e-09 7.082391e-09 1.100850e-13 1.115051e+12 1.078272e+12 1.682500e+07 3.398912e+11 3.286796e+11 5.128625e+06 
500 1215900 9.000000e-01 2.488179e+03 5.434862e-01 2.839000e-05 1.035843e-08 9.913559e-09 1.531761e-13 1.521165e+12 1.410881e+12 2.226302e+07 4.636891e+11 4.300709e+11 6.786340e+06 
500 1215900 9.500000e-01 2.524847e+03 5.857076e-01 2.839000e-05 1.435061e-08 1.328497e-08 2.072723e-13 2.017410e+12 1.825319e+12 2.886296e+07 6.149644e+11 5.564085e+11 8.798276e+06 
500 1215900 1.000000e+00 2.551412e+03 6.253093e-01 2.839000e-05 1.930063e-08 1.739290e-08 2.727119e-13 2.609344e+12 2.567233e+12 3.568803e+07 7.954116e+11 7.825739e+11 1.087888e+07 
500 1215900 1.050000e+00 2.568337e+03 6.629590e-01 2.461000e-05 2.548359e-08 2.515364e-08 3.438170e-13 3.311391e+12 3.241149e+12 4.448815e+07 1.009428e+12 9.880146e+11 1.356157e+07 
500 1215900 1.100000e+00 2.577287e+03 6.980121e-01 2.461000e-05 3.288053e-08 3.241263e-08 4.371603e-13 4.120840e+12 3.983162e+12 5.444695e+07 1.256188e+12 1.214217e+12 1.659752e+07 
500 1215900 1.150000e+00 2.577841e+03 7.294026e-01 2.414000e-05 4.153532e-08 4.069415e-08 5.445863e-13 5.037137e+12 4.883621e+12 6.572661e+07 1.535523e+12 1.488723e+12 2.003616e+07 
500 1215900 1.200000e+00 2.571376e+03 7.567009e-01 2.414000e-05 5.175670e-08 5.101311e-08 6.712002e-13 6.082649e+12 5.884800e+12 7.834960e+07 1.854252e+12 1.793935e+12 2.388434e+07 
500 1215900 1.250000e+00 2.558579e+03 7.819307e-01 2.366000e-05 6.376177e-08 6.288582e-08 8.171933e-13 7.263220e+12 7.027377e+12 9.260058e+07 2.214155e+12 2.142257e+12 2.822886e+07 
500 1215900 1.300000e+00 2.541271e+03 8.040442e-01 2.319000e-05 7.734338e-08 7.635341e-08 9.824298e-13 8.559333e+12 8.315038e+12 1.082626e+08 2.609287e+12 2.534810e+12 3.300356e+07 
500 1215900 1.350000e+00 2.521411e+03 8.254628e-01 2.272000e-05 9.273392e-08 9.197109e-08 1.168575e-12 9.997008e+12 9.842417e+12 1.257146e+08 3.047576e+12 3.000446e+12 3.832398e+07 
500 1215900 1.400000e+00 2.499096e+03 8.422997e-01 2.602000e-05 1.102070e-07 9.869426e-08 1.418534e-12 1.156742e+13 1.142554e+13 1.445766e+08 3.526333e+12 3.483079e+12 4.407432e+07 
500 1215900 1.450000e+00 2.475222e+03 8.557220e-01 2.602000e-05 1.291383e-07 1.192072e-07 1.667113e-12 1.321641e+13 1.262503e+13 1.678205e+08 4.029049e+12 3.848761e+12 5.116050e+07 
500 1215900 1.500000e+00 2.451535e+03 8.674166e-01 2.555000e-05 1.503629e-07 1.405196e-07 1.939572e-12 1.501888e+13 1.446777e+13 1.906027e+08 4.578561e+12 4.410546e+12 5.810601e+07 
500 1215900 1.550000e+00 2.427543e+03 8.757616e-01 2.508000e-05 1.735037e-07 1.638845e-07 2.240038e-12 1.695041e+13 1.554420e+13 2.176507e+08 5.167421e+12 4.738720e+12 6.635202e+07 
500 1215900 1.600000e+00 2.404008e+03 8.821587e-01 2.460000e-05 1.985107e-07 1.897348e-07 2.570152e-12 1.899115e+13 1.794414e+13 2.452029e+08 5.789577e+12 5.470379e+12 7.475179e+07 
500 1215900 1.650000e+00 2.380531e+03 8.845163e-01 2.413000e-05 2.249825e-07 2.172362e-07 2.926843e-12 2.109759e+13 2.016295e+13 2.739183e+08 6.431767e+12 6.146822e+12 8.350622e+07 
500 1215900 1.700000e+00 2.356687e+03 8.839586e-01 2.603000e-05 2.528728e-07 2.376313e-07 3.362756e-12 2.326015e+13 2.120394e+13 3.074565e+08 7.091067e+12 6.464198e+12 9.373097e+07 
500 1215900 1.750000e+00 2.333417e+03 8.812111e-01 2.745000e-05 2.823152e-07 2.524867e-07 3.826297e-12 2.548528e+13 2.366316e+13 3.401505e+08 7.769449e+12 7.213941e+12 1.036984e+08 
500 1215900 1.800000e+00 2.311083e+03 8.756764e-01 2.697000e-05 3.131197e-07 2.858863e-07 4.293574e-12 2.776066e+13 2.496769e+13 3.792201e+08 8.463152e+12 7.611665e+12 1.156096e+08 



700 101325 5.000000e-01 2.026786e+03 1.067615e+00 3.937500e-04 6.553149e-10 6.461600e-10 1.288018e-13 1.883256e+11 1.823887e+11 3.705538e+07 5.711753e+10 5.531418e+10 1.123815e+07 
700 101325 5.500000e-01 2.114425e+03 1.229476e+00 3.609400e-04 1.177794e-09 1.165252e-09 2.151524e-13 3.162726e+11 3.118967e+11 5.809875e+07 9.595078e+10 9.462025e+10 1.762533e+07 
700 101325 6.000000e-01 2.192297e+03 1.384590e+00 3.656200e-04 1.951134e-09 1.848494e-09 3.394585e-13 4.913234e+11 4.913234e+11 8.482771e+07 1.490928e+11 1.490928e+11 2.574057e+07 
700 101325 6.500000e-01 2.259987e+03 1.533579e+00 3.281200e-04 3.049124e-09 2.983658e-09 4.999021e-13 7.250531e+11 7.107280e+11 1.200531e+08 2.200660e+11 2.157124e+11 3.643730e+07 
700 101325 7.000000e-01 2.317361e+03 1.677181e+00 3.281200e-04 4.524720e-09 4.317571e-09 7.125462e-13 1.022479e+12 1.022479e+12 1.593873e+08 3.104019e+11 3.104019e+11 4.838523e+07 
700 101325 7.500000e-01 2.362473e+03 1.810359e+00 2.906200e-04 6.488185e-09 6.488185e-09 9.697534e-13 1.394305e+12 1.389340e+12 2.103819e+08 4.233488e+11 4.218385e+11 6.387635e+07 
700 101325 8.000000e-01 2.403027e+03 1.937815e+00 2.859400e-04 9.013940e-09 8.979308e-09 1.305022e-12 1.851159e+12 1.834824e+12 2.703286e+08 5.621531e+11 5.571779e+11 8.208964e+07 
700 101325 8.500000e-01 2.433611e+03 2.059888e+00 2.812500e-04 1.217207e-08 1.210523e-08 1.710674e-12 2.392721e+12 2.362638e+12 3.394502e+08 7.267030e+11 7.175526e+11 1.030934e+08 
700 101325 9.000000e-01 2.461313e+03 2.173279e+00 2.718700e-04 1.608493e-08 1.593496e-08 2.198563e-12 3.035991e+12 3.004916e+12 4.196287e+08 9.221922e+11 9.127295e+11 1.274597e+08 
700 101325 9.500000e-01 2.482859e+03 2.281634e+00 2.671900e-04 2.083644e-08 2.068640e-08 2.772615e-12 3.783402e+12 3.734249e+12 5.085238e+08 1.149345e+12 1.134383e+12 1.544781e+08 
700 101325 1.000000e+00 2.500060e+03 2.382611e+00 2.578100e-04 2.648282e-08 2.627441e-08 3.441593e-12 4.635845e+12 4.597670e+12 6.100112e+08 1.408445e+12 1.396819e+12 1.853264e+08 
700 101325 1.050000e+00 2.512437e+03 2.475144e+00 2.484400e-04 3.318038e-08 3.296576e-08 4.212756e-12 5.610079e+12 5.572528e+12 7.217088e+08 1.704591e+12 1.693149e+12 2.192814e+08 
700 101325 1.100000e+00 2.523862e+03 2.563903e+00 2.390600e-04 4.102192e-08 4.084813e-08 5.083219e-12 6.709898e+12 6.681709e+12 8.434003e+08 2.038916e+12 2.030337e+12 2.562776e+08 
700 101325 1.150000e+00 2.530077e+03 2.646899e+00 2.343700e-04 5.009285e-08 5.009252e-08 6.085656e-12 7.940056e+12 7.916330e+12 9.771730e+08 2.412916e+12 2.405691e+12 2.969496e+08 
700 101325 1.200000e+00 2.534747e+03 2.723925e+00 2.250000e-04 6.044333e-08 6.044333e-08 7.200888e-12 9.296926e+12 9.296900e+12 1.125412e+09 2.825472e+12 2.825464e+12 3.420229e+08 
700 101325 1.250000e+00 2.536964e+03 2.796815e+00 2.531200e-04 7.232951e-08 6.851089e-08 8.703001e-12 1.081066e+13 1.078693e+13 1.282256e+09 3.285716e+12 3.278545e+12 3.897159e+08 
700 101325 1.300000e+00 2.537182e+03 2.865023e+00 2.437500e-04 8.608729e-08 8.326201e-08 1.019424e-11 1.251199e+13 1.250621e+13 1.485201e+09 3.803074e+12 3.801271e+12 4.514232e+08 
700 101325 1.350000e+00 2.536669e+03 2.925461e+00 2.343700e-04 1.012918e-07 9.911780e-08 1.180755e-11 1.434065e+13 1.405077e+13 1.695800e+09 4.359131e+12 4.270911e+12 5.154629e+08 
700 101325 1.400000e+00 2.532524e+03 2.983874e+00 2.250000e-04 1.182701e-07 1.171615e-07 1.357739e-11 1.632753e+13 1.618571e+13 1.903091e+09 4.963331e+12 4.920160e+12 5.785046e+08 
700 101325 1.450000e+00 2.524915e+03 3.034488e+00 2.156200e-04 1.368739e-07 1.365445e-07 1.549276e-11 1.843555e+13 1.840341e+13 2.121652e+09 5.604467e+12 5.594630e+12 6.449768e+08 
700 101325 1.500000e+00 2.516571e+03 3.083385e+00 2.062500e-04 1.579358e-07 1.579350e-07 1.756265e-11 2.078064e+13 2.078064e+13 2.352670e+09 6.317667e+12 6.317667e+12 7.152417e+08 
700 101325 1.550000e+00 2.506254e+03 3.129151e+00 2.343700e-04 1.812853e-07 1.716919e-07 2.055578e-11 2.331969e+13 2.317594e+13 2.652459e+09 7.089883e+12 7.046097e+12 8.064154e+08 
700 101325 1.600000e+00 2.495144e+03 3.160200e+00 2.250000e-04 2.065803e-07 2.004180e-07 2.317397e-11 2.600586e+13 2.528953e+13 2.961192e+09 7.906872e+12 7.688897e+12 9.003144e+08 
700 101325 1.650000e+00 2.483414e+03 3.197473e+00 2.343700e-04 2.345412e-07 2.193162e-07 2.634738e-11 2.891155e+13 2.862080e+13 3.260151e+09 8.790662e+12 8.702156e+12 9.912507e+08 
700 101325 1.700000e+00 2.469914e+03 3.227113e+00 2.062500e-04 2.643291e-07 2.636185e-07 2.893967e-11 3.190765e+13 3.185712e+13 3.556541e+09 9.702085e+12 9.686610e+12 1.081411e+09 
700 101325 1.750000e+00 2.454556e+03 3.255782e+00 2.343700e-04 2.974068e-07 2.721271e-07 3.316837e-11 3.520648e+13 3.520633e+13 3.870721e+09 1.070551e+13 1.070546e+13 1.176987e+09 
700 101325 1.800000e+00 2.437918e+03 3.281700e+00 2.296900e-04 3.333126e-07 3.190487e-07 3.699801e-11 3.871881e+13 3.665790e+13 4.352917e+09 1.177390e+13 1.114682e+13 1.323647e+09 



700 303975 5.000000e-01 2.034533e+03 7.221570e-01 1.358500e-04 4.218664e-10 4.059275e-10 3.009692e-14 1.093459e+11 1.046863e+11 7.786372e+06 3.328035e+10 3.186163e+10 2.369832e+06 
700 303975 5.500000e-01 2.129747e+03 8.558376e-01 1.248400e-04 8.042775e-10 7.850876e-10 5.277809e-14 1.945519e+11 1.884144e+11 1.275144e+07 5.921974e+10 5.735075e+10 3.881389e+06 
700 303975 6.000000e-01 2.215991e+03 9.856947e-01 1.248400e-04 1.404480e-09 1.264520e-09 8.691553e-14 3.185355e+11 3.131552e+11 1.932913e+07 9.696791e+10 9.532912e+10 5.884094e+06 
700 303975 6.500000e-01 2.292603e+03 1.113369e+00 1.138200e-04 2.297284e-09 2.216293e-09 1.332749e-13 4.915939e+11 4.660126e+11 2.847515e+07 1.496623e+11 1.418711e+11 8.668960e+06 
700 303975 7.000000e-01 2.358366e+03 1.236540e+00 1.138200e-04 3.562716e-09 3.284523e-09 1.978049e-13 7.222095e+11 7.192226e+11 3.927134e+07 2.198862e+11 2.189756e+11 1.195659e+07 
700 303975 7.500000e-01 2.413853e+03 1.353342e+00 9.913000e-05 5.285708e-09 5.215377e-09 2.770125e-13 1.018884e+12 9.933315e+11 5.345889e+07 3.102314e+11 3.024471e+11 1.627711e+07 
700 303975 8.000000e-01 2.460078e+03 1.465792e+00 9.913000e-05 7.528180e-09 7.346887e-09 3.830095e-13 1.384846e+12 1.330590e+12 7.050268e+07 4.216837e+11 4.051554e+11 2.146774e+07 
700 303975 8.500000e-01 2.497398e+03 1.571923e+00 9.546000e-05 1.046550e-08 9.872443e-09 5.147990e-13 1.841892e+12 1.755437e+12 9.108468e+07 5.608797e+11 5.345432e+11 2.773619e+07 
700 303975 9.000000e-01 2.528242e+03 1.672508e+00 9.730000e-05 1.416678e-08 1.353695e-08 6.802987e-13 2.391633e+12 2.244989e+12 1.149482e+08 7.283149e+11 6.836433e+11 3.500439e+07 
700 303975 9.500000e-01 2.552933e+03 1.768520e+00 9.546000e-05 1.872718e-08 1.771905e-08 8.775777e-13 3.038075e+12 2.815756e+12 1.426130e+08 9.252058e+11 8.574852e+11 4.343067e+07 
700 303975 1.000000e+00 2.571788e+03 1.861189e+00 9.363000e-05 2.443285e-08 2.301895e-08 1.114994e-12 3.819481e+12 3.744662e+12 1.728828e+08 1.163217e+12 1.140419e+12 5.265081e+07 
700 303975 1.050000e+00 2.586527e+03 1.947405e+00 9.179000e-05 3.115982e-08 2.934119e-08 1.395097e-12 4.700651e+12 4.605767e+12 2.088422e+08 1.431619e+12 1.402710e+12 6.360422e+07 
700 303975 1.100000e+00 2.597056e+03 2.026195e+00 8.995000e-05 3.901088e-08 3.669622e-08 1.715402e-12 5.694438e+12 5.588512e+12 2.483973e+08 1.734341e+12 1.702061e+12 7.565325e+07 
700 303975 1.150000e+00 2.604006e+03 2.103863e+00 8.812000e-05 4.832724e-08 4.571230e-08 2.089566e-12 6.831589e+12 6.716943e+12 2.930167e+08 2.080734e+12 2.045800e+12 8.924527e+07 
700 303975 1.200000e+00 2.606880e+03 2.173747e+00 8.628000e-05 5.905186e-08 5.623212e-08 2.519814e-12 8.097795e+12 7.582781e+12 3.469745e+08 2.466449e+12 2.309549e+12 1.056820e+08 
700 303975 1.250000e+00 2.607088e+03 2.239523e+00 8.445000e-05 7.154651e-08 6.892680e-08 3.009653e-12 9.529470e+12 9.021905e+12 4.028576e+08 2.902594e+12 2.747945e+12 1.227059e+08 
700 303975 1.300000e+00 2.603994e+03 2.299551e+00 8.261000e-05 8.580055e-08 8.330998e-08 3.564449e-12 1.111415e+13 1.065692e+13 4.643628e+08 3.385346e+12 3.246026e+12 1.414429e+08 
700 303975 1.350000e+00 2.598027e+03 2.355971e+00 8.077000e-05 1.019966e-07 1.001342e-07 4.186111e-12 1.286355e+13 1.246807e+13 5.314524e+08 3.918289e+12 3.797776e+12 1.618814e+08 
700 303975 1.400000e+00 2.589453e+03 2.407589e+00 7.710000e-05 1.201748e-07 1.178635e-07 4.868644e-12 1.477267e+13 1.450060e+13 6.045595e+08 4.499899e+12 4.416979e+12 1.841536e+08 
700 303975 1.450000e+00 2.578148e+03 2.454618e+00 8.262000e-05 1.407941e-07 1.316204e-07 5.725728e-12 1.688335e+13 1.671307e+13 6.840997e+08 5.142925e+12 5.091018e+12 2.083860e+08 
700 303975 1.500000e+00 2.563173e+03 2.492923e+00 8.078000e-05 1.628826e-07 1.553251e-07 6.582215e-12 1.908000e+13 1.787700e+13 7.760491e+08 5.812156e+12 5.445606e+12 2.363988e+08 
700 303975 1.550000e+00 2.548486e+03 2.532179e+00 7.895000e-05 1.879701e-07 1.820240e-07 7.541101e-12 2.152021e+13 2.059328e+13 8.698093e+08 6.555599e+12 6.273144e+12 2.649642e+08 
700 303975 1.600000e+00 2.532041e+03 2.565871e+00 7.711000e-05 2.155433e-07 2.118197e-07 8.594834e-12 2.413958e+13 2.344699e+13 9.706857e+08 7.353634e+12 7.142570e+12 2.956980e+08 
700 303975 1.650000e+00 2.514633e+03 2.593976e+00 8.261000e-05 2.459884e-07 2.306074e-07 9.890523e-12 2.696888e+13 2.657065e+13 1.078128e+09 8.215640e+12 8.094252e+12 3.284327e+08 
700 303975 1.700000e+00 2.496026e+03 2.619785e+00 8.078000e-05 2.793315e-07 2.671803e-07 1.118461e-11 2.999847e+13 2.823540e+13 1.210273e+09 9.138678e+12 8.601448e+12 3.686930e+08 
700 303975 1.750000e+00 2.477008e+03 2.640561e+00 7.894000e-05 3.155379e-07 3.058404e-07 1.258299e-11 3.322227e+13 3.185706e+13 1.336028e+09 1.012090e+13 9.704871e+12 4.070079e+08 
700 303975 1.800000e+00 2.457878e+03 2.657927e+00 7.711000e-05 3.546912e-07 3.481495e-07 1.410120e-11 3.663801e+13 3.555727e+13 1.469971e+09 1.116161e+13 1.083225e+13 4.478177e+08 



700 607950 5.000000e-01 2.036646e+03 5.407116e-01 7.304000e-05 3.418053e-10 3.351982e-10 1.336515e-14 8.161590e+10 7.826543e+10 3.167445e+06 2.486353e+10 2.384269e+10 9.649318e+05 
700 607950 5.500000e-01 2.133082e+03 6.519121e-01 6.817000e-05 6.859055e-10 6.603215e-10 2.458626e-14 1.525399e+11 1.447396e+11 5.433965e+06 4.647231e+10 4.409557e+10 1.655492e+06 
700 607950 6.000000e-01 2.222043e+03 7.613080e-01 6.330000e-05 1.241423e-09 1.195285e-09 4.113096e-14 2.583539e+11 2.462901e+11 8.525164e+06 7.871302e+10 7.503680e+10 2.597364e+06 
700 607950 6.500000e-01 2.302272e+03 8.715401e-01 5.843000e-05 2.088975e-09 2.058974e-09 6.472070e-14 4.100916e+11 3.941985e+11 1.261069e+07 1.249479e+11 1.201047e+11 3.842257e+06 
700 607950 7.000000e-01 2.372409e+03 9.768396e-01 5.843000e-05 3.302457e-09 3.118683e-09 9.814024e-14 6.134793e+11 5.689923e+11 1.811450e+07 1.869231e+11 1.733667e+11 5.519366e+06 
700 607950 7.500000e-01 2.432648e+03 1.079492e+00 5.194000e-05 4.995340e-09 4.907431e-09 1.397154e-13 8.820469e+11 8.576002e+11 2.457844e+07 2.687625e+11 2.613120e+11 7.489120e+06 
700 607950 8.000000e-01 2.483452e+03 1.177627e+00 5.194000e-05 7.277153e-09 6.986859e-09 1.965690e-13 1.222053e+12 1.159902e+12 3.293087e+07 3.723745e+11 3.534328e+11 1.003441e+07 
700 607950 8.500000e-01 2.525523e+03 1.273134e+00 5.194000e-05 1.020975e-08 9.610426e-09 2.682093e-13 1.642017e+12 1.522286e+12 4.293861e+07 5.003544e+11 4.638657e+11 1.308421e+07 
700 607950 9.000000e-01 2.559914e+03 1.361841e+00 5.194000e-05 1.392000e-08 1.288373e-08 3.564171e-13 2.144955e+12 2.105064e+12 5.333523e+07 6.536239e+11 6.414654e+11 1.625263e+07 
700 607950 9.500000e-01 2.587209e+03 1.447933e+00 5.113000e-05 1.854295e-08 1.674663e-08 4.630200e-13 2.745928e+12 2.689549e+12 6.686497e+07 8.367731e+11 8.195892e+11 2.037591e+07 
700 607950 1.000000e+00 2.608083e+03 1.528311e+00 4.464000e-05 2.436413e-08 2.417546e-08 5.803513e-13 3.476310e+12 3.411441e+12 8.276132e+07 1.059364e+12 1.039592e+12 2.522051e+07 
700 607950 1.050000e+00 2.623718e+03 1.604240e+00 4.383000e-05 3.133937e-08 3.106015e-08 7.326141e-13 4.319282e+12 4.178292e+12 1.006100e+08 1.316273e+12 1.273300e+12 3.066020e+07 
700 607950 1.100000e+00 2.634589e+03 1.675530e+00 4.301000e-05 3.965695e-08 3.919735e-08 9.105000e-13 5.277287e+12 5.151134e+12 1.212159e+08 1.608245e+12 1.569791e+12 3.694029e+07 
700 607950 1.150000e+00 2.640895e+03 1.742243e+00 4.220000e-05 4.942038e-08 4.892290e-08 1.116242e-12 6.377106e+12 6.277209e+12 1.443004e+08 1.943440e+12 1.912988e+12 4.397589e+07 
700 607950 1.200000e+00 2.643000e+03 1.804552e+00 4.139000e-05 6.083641e-08 6.022296e-08 1.353899e-12 7.606639e+12 7.498292e+12 1.698778e+08 2.318172e+12 2.285146e+12 5.177135e+07 
700 607950 1.250000e+00 2.641269e+03 1.863134e+00 4.058000e-05 7.398222e-08 7.350975e-08 1.623964e-12 8.984191e+12 8.896256e+12 1.980902e+08 2.738028e+12 2.711219e+12 6.037003e+07 
700 607950 1.300000e+00 2.634444e+03 1.912776e+00 4.301000e-05 8.869285e-08 8.550608e-08 1.958974e-12 1.048951e+13 1.002303e+13 2.318465e+08 3.196827e+12 3.054639e+12 7.065837e+07 
700 607950 1.350000e+00 2.625640e+03 1.962493e+00 4.220000e-05 1.057573e-07 1.028789e-07 2.314188e-12 1.217991e+13 1.175589e+13 2.668776e+08 3.712038e+12 3.582789e+12 8.133546e+07 
700 607950 1.400000e+00 2.613689e+03 2.006149e+00 4.464000e-05 1.251621e-07 1.163397e-07 2.739321e-12 1.404826e+13 1.353442e+13 3.042487e+08 4.281492e+12 4.124864e+12 9.272587e+07 
700 607950 1.450000e+00 2.599023e+03 2.045357e+00 4.382000e-05 1.469529e-07 1.387224e-07 3.190202e-12 1.609231e+13 1.565942e+13 3.457223e+08 4.904502e+12 4.772547e+12 1.053668e+08 
700 607950 1.500000e+00 2.581919e+03 2.078845e+00 4.301000e-05 1.709032e-07 1.634337e-07 3.697982e-12 1.828012e+13 1.707924e+13 3.953922e+08 5.571337e+12 5.205302e+12 1.205058e+08 
700 607950 1.550000e+00 2.563910e+03 2.112101e+00 4.220000e-05 1.971096e-07 1.909880e-07 4.247737e-12 2.061202e+13 1.954330e+13 4.444077e+08 6.282097e+12 5.956337e+12 1.354457e+08 
700 607950 1.600000e+00 2.544769e+03 2.138155e+00 4.464000e-05 2.265296e-07 2.096943e-07 4.911342e-12 2.317716e+13 2.230439e+13 4.977476e+08 7.063950e+12 6.797913e+12 1.517037e+08 
700 607950 1.650000e+00 2.524707e+03 2.160839e+00 4.383000e-05 2.587962e-07 2.437933e-07 5.598108e-12 2.592563e+13 2.522257e+13 5.552696e+08 7.901689e+12 7.687375e+12 1.692366e+08 
700 607950 1.700000e+00 2.504325e+03 2.178942e+00 4.302000e-05 2.941357e-07 2.808706e-07 6.341983e-12 2.887160e+13 2.695813e+13 6.231436e+08 8.799630e+12 8.216379e+12 1.899247e+08 
700 607950 1.750000e+00 2.483903e+03 2.192613e+00 4.220000e-05 3.322011e-07 3.213574e-07 7.159027e-12 3.197437e+13 3.029404e+13 6.903690e+08 9.745372e+12 9.233177e+12 2.104154e+08 
700 607950 1.800000e+00 2.463722e+03 2.204440e+00 4.463000e-05 3.734305e-07 3.447095e-07 8.132335e-12 3.526345e+13 3.388711e+13 7.618623e+08 1.074791e+13 1.032837e+13 2.322071e+08 



700 911925 5.000000e-01 2.036506e+03 4.443149e-01 5.800000e-05 3.046277e-10 2.732286e-10 8.668667e-15 6.910096e+10 6.602856e+10 1.914371e+06 2.105768e+10 2.012134e+10 5.833814e+05 
700 911925 5.500000e-01 2.134011e+03 5.443135e-01 4.731000e-05 6.318127e-10 6.057673e-10 1.598780e-14 1.330741e+11 1.268496e+11 3.348859e+06 4.055414e+10 3.865709e+10 1.020560e+06 
700 911925 6.000000e-01 2.224424e+03 6.428178e-01 4.349000e-05 1.176186e-09 1.154922e-09 2.737695e-14 2.318334e+11 2.244548e+11 5.358940e+06 7.065308e+10 6.840416e+10 1.633180e+06 
700 911925 6.500000e-01 2.306488e+03 7.443987e-01 4.425000e-05 2.015732e-09 1.858163e-09 4.448018e-14 3.738673e+11 3.704539e+11 7.972934e+06 1.139421e+11 1.129016e+11 2.429881e+06 
700 911925 7.000000e-01 2.379353e+03 8.412469e-01 3.892000e-05 3.240899e-09 3.166352e-09 6.671652e-14 5.683309e+11 5.463299e+11 1.161603e+07 1.732121e+11 1.665062e+11 3.540259e+06 
700 911925 7.500000e-01 2.442407e+03 9.341847e-01 3.892000e-05 4.976725e-09 4.659296e-09 9.829953e-14 8.275189e+11 7.546306e+11 1.621358e+07 2.522109e+11 2.299949e+11 4.941573e+06 
700 911925 8.000000e-01 2.495968e+03 1.024722e+00 3.892000e-05 7.306957e-09 6.515221e-09 1.392434e-13 1.157777e+12 1.145153e+12 2.130929e+07 3.528737e+11 3.490253e+11 6.494765e+06 
700 911925 8.500000e-01 2.540284e+03 1.109138e+00 3.281000e-05 1.037760e-08 1.023128e-08 1.863794e-13 1.572066e+12 1.530793e+12 2.811104e+07 4.791509e+11 4.665699e+11 8.567986e+06 
700 911925 9.000000e-01 2.576483e+03 1.192743e+00 3.281000e-05 1.427463e-08 1.395934e-08 2.503529e-13 2.073450e+12 1.994238e+12 3.615448e+07 6.319783e+11 6.078322e+11 1.101972e+07 
700 911925 9.500000e-01 2.605166e+03 1.267869e+00 3.281000e-05 1.920633e-08 1.864884e-08 3.289993e-13 2.680697e+12 2.554876e+12 4.563469e+07 8.170752e+11 7.787217e+11 1.390944e+07 
700 911925 1.000000e+00 2.626883e+03 1.342650e+00 3.204000e-05 2.530952e-08 2.419144e-08 4.227956e-13 3.400414e+12 3.168720e+12 5.645920e+07 1.036458e+12 9.658319e+11 1.720896e+07 
700 911925 1.050000e+00 2.643240e+03 1.413244e+00 3.204000e-05 3.257877e-08 3.118835e-08 5.350539e-13 4.223821e+12 3.943333e+12 6.895453e+07 1.287450e+12 1.201949e+12 2.101782e+07 
700 911925 1.100000e+00 2.654023e+03 1.478171e+00 3.128000e-05 4.131120e-08 3.900939e-08 6.662869e-13 5.172705e+12 4.866598e+12 8.326518e+07 1.576692e+12 1.483382e+12 2.538008e+07 
700 911925 1.150000e+00 2.659648e+03 1.538107e+00 3.128000e-05 5.164029e-08 4.917988e-08 8.212230e-13 6.264731e+12 5.834969e+12 9.915336e+07 1.909572e+12 1.778567e+12 3.022326e+07 
700 911925 1.200000e+00 2.660675e+03 1.593951e+00 3.052000e-05 6.365658e-08 6.042462e-08 9.986292e-13 7.492736e+12 6.927410e+12 1.169968e+08 2.283906e+12 2.111575e+12 3.566250e+07 
700 911925 1.250000e+00 2.657400e+03 1.647199e+00 3.052000e-05 7.753580e-08 7.472677e-08 1.204625e-12 8.860247e+12 8.351651e+12 1.371699e+08 2.700766e+12 2.545728e+12 4.181195e+07 
700 911925 1.300000e+00 2.649840e+03 1.694008e+00 2.976000e-05 9.339246e-08 8.993373e-08 1.434649e-12 1.038317e+13 9.807354e+12 1.590087e+08 3.165006e+12 2.989474e+12 4.846919e+07 
700 911925 1.350000e+00 2.638855e+03 1.736985e+00 2.899000e-05 1.115364e-07 1.077381e-07 1.695906e-12 1.207299e+13 1.141748e+13 1.831922e+08 3.680125e+12 3.480297e+12 5.584124e+07 
700 911925 1.400000e+00 2.624958e+03 1.777361e+00 2.823000e-05 1.313650e-07 1.273439e-07 1.984142e-12 1.386554e+13 1.342533e+13 2.097871e+08 4.226568e+12 4.092368e+12 6.394843e+07 
700 911925 1.450000e+00 2.608865e+03 1.810826e+00 2.823000e-05 1.542927e-07 1.517862e-07 2.315704e-12 1.589231e+13 1.545635e+13 2.384669e+08 4.844409e+12 4.711501e+12 7.269122e+07 
700 911925 1.500000e+00 2.591024e+03 1.843673e+00 3.053000e-05 1.795715e-07 1.658804e-07 2.722484e-12 1.806508e+13 1.762577e+13 2.694056e+08 5.506758e+12 5.372833e+12 8.212267e+07 
700 911925 1.550000e+00 2.570474e+03 1.867628e+00 2.976000e-05 2.067658e-07 1.925341e-07 3.129812e-12 2.034349e+13 2.000507e+13 3.024758e+08 6.201324e+12 6.098147e+12 9.220396e+07 
700 911925 1.600000e+00 2.550461e+03 1.888168e+00 2.976000e-05 2.373772e-07 2.268242e-07 3.587156e-12 2.285937e+13 2.144045e+13 3.449999e+08 6.968274e+12 6.535719e+12 1.051672e+08 
700 911925 1.650000e+00 2.529809e+03 1.906430e+00 2.900000e-05 2.704556e-07 2.605587e-07 4.076272e-12 2.551220e+13 2.408136e+13 3.843794e+08 7.776978e+12 7.340790e+12 1.171719e+08 
700 911925 1.700000e+00 2.508847e+03 1.919812e+00 2.824000e-05 3.064460e-07 2.969296e-07 4.618488e-12 2.833365e+13 2.703870e+13 4.272890e+08 8.637090e+12 8.242323e+12 1.302528e+08 
700 911925 1.750000e+00 2.486236e+03 1.927193e+00 3.129000e-05 3.453191e-07 3.169523e-07 5.297606e-12 3.132174e+13 3.053655e+13 4.734755e+08 9.548017e+12 9.308640e+12 1.443327e+08 
700 911925 1.800000e+00 2.465195e+03 1.931962e+00 3.052000e-05 3.873404e-07 3.592670e-07 5.948874e-12 3.448831e+13 3.372640e+13 5.211800e+08 1.051334e+13 1.028107e+13 1.588755e+08 



700 1215900 5.000000e-01 2.037389e+03 3.833211e-01 4.548000e-05 2.748548e-10 2.517959e-10 6.188846e-15 5.997466e+10 5.268052e+10 1.336028e+06 1.827953e+10 1.605632e+10 4.072047e+05 
700 1215900 5.500000e-01 2.135407e+03 4.763754e-01 4.108000e-05 5.877371e-10 5.207142e-10 1.191924e-14 1.190857e+11 1.166624e+11 2.332637e+06 3.629678e+10 3.555813e+10 7.109776e+05 
700 1215900 6.000000e-01 2.226586e+03 5.673263e-01 3.669000e-05 1.135702e-09 1.039992e-09 2.098413e-14 2.147867e+11 2.138494e+11 3.805470e+06 6.546751e+10 6.518178e+10 1.159918e+06 
700 1215900 6.500000e-01 2.309540e+03 6.605358e-01 3.155000e-05 1.986561e-09 1.920305e-09 3.369445e-14 3.531885e+11 3.358790e+11 5.944370e+06 1.076549e+11 1.023786e+11 1.811896e+06 
700 1215900 7.000000e-01 2.384298e+03 7.512475e-01 3.228000e-05 3.237902e-09 2.954729e-09 5.244846e-14 5.437431e+11 5.424142e+11 8.386214e+06 1.657405e+11 1.653354e+11 2.556238e+06 
700 1215900 7.500000e-01 2.449164e+03 8.374426e-01 2.715000e-05 5.026230e-09 5.000450e-09 7.540185e-14 8.003602e+11 7.918392e+11 1.195238e+07 2.439648e+11 2.413672e+11 3.643312e+06 
700 1215900 8.000000e-01 2.504632e+03 9.227262e-01 2.715000e-05 7.409870e-09 7.232707e-09 1.077523e-13 1.123531e+12 1.081591e+12 1.622405e+07 3.424783e+11 3.296932e+11 4.945468e+06 
700 1215900 8.500000e-01 2.550497e+03 1.002537e+00 2.715000e-05 1.059380e-08 1.009226e-08 1.496107e-13 1.533960e+12 1.432363e+12 2.147624e+07 4.675925e+11 4.366217e+11 6.546542e+06 
700 1215900 9.000000e-01 2.588248e+03 1.077269e+00 2.715000e-05 1.472092e-08 1.371770e-08 2.025762e-13 2.042185e+12 2.012582e+12 2.734988e+07 6.225200e+11 6.134955e+11 8.337087e+06 
700 1215900 9.500000e-01 2.618466e+03 1.151888e+00 2.715000e-05 1.982220e-08 1.815622e-08 2.663654e-13 2.639099e+12 2.584282e+12 3.460473e+07 8.044866e+11 7.877749e+11 1.054870e+07 
700 1215900 1.000000e+00 2.641270e+03 1.220541e+00 2.421000e-05 2.620901e-08 2.580812e-08 3.377463e-13 3.358416e+12 3.207952e+12 4.291576e+07 1.023769e+12 9.778991e+11 1.308231e+07 
700 1215900 1.050000e+00 2.657799e+03 1.283201e+00 2.384000e-05 3.377726e-08 3.304247e-08 4.272897e-13 4.176619e+12 3.985793e+12 5.248636e+07 1.273198e+12 1.215023e+12 1.599992e+07 
700 1215900 1.100000e+00 2.668586e+03 1.343129e+00 2.347000e-05 4.283993e-08 4.179662e-08 5.335065e-13 5.119876e+12 4.908303e+12 6.347029e+07 1.560751e+12 1.496252e+12 1.934841e+07 
700 1215900 1.150000e+00 2.673873e+03 1.398856e+00 2.347000e-05 5.367318e-08 5.254239e-08 6.584479e-13 6.211051e+12 5.926114e+12 7.575531e+07 1.893401e+12 1.806536e+12 2.309357e+07 
700 1215900 1.200000e+00 2.673157e+03 1.445700e+00 2.311000e-05 6.665982e-08 6.516468e-08 8.065760e-13 7.488854e+12 7.150595e+12 9.003333e+07 2.282948e+12 2.179826e+12 2.744633e+07 
700 1215900 1.250000e+00 2.669655e+03 1.500488e+00 2.274000e-05 8.029755e-08 7.859759e-08 9.620445e-13 8.765587e+12 8.384191e+12 1.044229e+08 2.672172e+12 2.555899e+12 3.183315e+07 
700 1215900 1.300000e+00 2.660807e+03 1.543015e+00 2.237000e-05 9.678636e-08 9.521605e-08 1.147462e-12 1.027368e+13 9.898224e+12 1.212540e+08 3.131931e+12 3.017466e+12 3.696429e+07 
700 1215900 1.350000e+00 2.648672e+03 1.583492e+00 2.201000e-05 1.153221e-07 1.140595e-07 1.355831e-12 1.192230e+13 1.156319e+13 1.396630e+08 3.634533e+12 3.525052e+12 4.257653e+07 
700 1215900 1.400000e+00 2.633552e+03 1.619071e+00 2.458000e-05 1.362286e-07 1.245099e-07 1.622883e-12 1.373741e+13 1.342689e+13 1.597754e+08 4.187892e+12 4.093223e+12 4.870807e+07 
700 1215900 1.450000e+00 2.615455e+03 1.648910e+00 2.385000e-05 1.594353e-07 1.456536e-07 1.889449e-12 1.569015e+13 1.544403e+13 1.816381e+08 4.783215e+12 4.708178e+12 5.537327e+07 
700 1215900 1.500000e+00 2.596014e+03 1.675640e+00 2.348000e-05 1.851703e-07 1.718200e-07 2.185901e-12 1.781157e+13 1.764434e+13 2.050957e+08 5.429966e+12 5.378979e+12 6.252471e+07 
700 1215900 1.550000e+00 2.575601e+03 1.697951e+00 2.311000e-05 2.134284e-07 2.005848e-07 2.515486e-12 2.007650e+13 1.849814e+13 2.358195e+08 6.120470e+12 5.639281e+12 7.189137e+07 
700 1215900 1.600000e+00 2.554129e+03 1.715587e+00 2.275000e-05 2.443415e-07 2.325666e-07 2.877141e-12 2.250088e+13 2.109802e+13 2.642826e+08 6.859586e+12 6.431899e+12 8.056888e+07 
700 1215900 1.650000e+00 2.532721e+03 1.728785e+00 2.238000e-05 2.780386e-07 2.679310e-07 3.273910e-12 2.508004e+13 2.382141e+13 2.949610e+08 7.645897e+12 7.262175e+12 8.992180e+07 
700 1215900 1.700000e+00 2.510929e+03 1.738203e+00 2.201000e-05 3.143512e-07 3.066038e-07 3.700759e-12 2.780349e+13 2.680360e+13 3.273692e+08 8.476197e+12 8.171354e+12 9.980213e+07 
700 1215900 1.750000e+00 2.489693e+03 1.744526e+00 2.457000e-05 3.528424e-07 3.147197e-07 4.247303e-12 3.062378e+13 2.983233e+13 3.615242e+08 9.336021e+12 9.094728e+12 1.102150e+08 
700 1215900 1.800000e+00 2.468365e+03 1.745934e+00 2.457000e-05 3.942897e-07 3.641750e-07 4.778265e-12 3.361201e+13 3.305891e+13 3.979067e+08 1.024705e+13 1.007842e+13 1.213071e+08 



