T(K) p(Pa) phi Tf(K) SL(m/s) Xf(m) maxXCH mpXCH intXCH maxSM mpSM intSM maxCM mpCM intCM
300 101325 5.000000e-01 1.724804e+03 1.386379e-01 5.312500e-04 6.578804e-11 5.999030e-11 1.744254e-14 2.363289e+10 2.146804e+10 6.259038e+06 7.158996e+09 6.502144e+09 1.895901e+06 
300 101325 5.500000e-01 1.827677e+03 1.756608e-01 4.791700e-04 1.532460e-10 1.407724e-10 3.607242e-14 5.066376e+10 4.956177e+10 1.176605e+07 1.535403e+10 1.501923e+10 3.565704e+06 
300 101325 6.000000e-01 1.924348e+03 2.125176e-01 4.166700e-04 3.093949e-10 2.990684e-10 6.577985e-14 9.474870e+10 8.984942e+10 2.011874e+07 2.872633e+10 2.723766e+10 6.099358e+06 
300 101325 6.500000e-01 2.009798e+03 2.463435e-01 3.854200e-04 5.598218e-10 5.384217e-10 1.101190e-13 1.605593e+11 1.508936e+11 3.149447e+07 4.869391e+10 4.575771e+10 9.551206e+06 
300 101325 7.000000e-01 2.091970e+03 2.831337e-01 3.541600e-04 9.402717e-10 9.219148e-10 1.728235e-13 2.531247e+11 2.452820e+11 4.648317e+07 7.678969e+10 7.440478e+10 1.410096e+07 
300 101325 7.500000e-01 2.160050e+03 3.176498e-01 3.593700e-04 1.495663e-09 1.385479e-09 2.618672e-13 3.782163e+11 3.768593e+11 6.526900e+07 1.147647e+11 1.143516e+11 1.980480e+07 
300 101325 8.000000e-01 2.220469e+03 3.514134e-01 3.229200e-04 2.249107e-09 2.195467e-09 3.727718e-13 5.383761e+11 5.214035e+11 8.964525e+07 1.633986e+11 1.582385e+11 2.720714e+07 
300 101325 8.500000e-01 2.268132e+03 3.834058e-01 3.229200e-04 3.243662e-09 3.058968e-09 5.194951e-13 7.398874e+11 6.984392e+11 1.190023e+08 2.246033e+11 2.120020e+11 3.612372e+07 
300 101325 9.000000e-01 2.299836e+03 4.121890e-01 2.812500e-04 4.526213e-09 4.507351e-09 6.866050e-13 9.855744e+11 9.819069e+11 1.506115e+08 2.992357e+11 2.981155e+11 4.572691e+07 
300 101325 9.500000e-01 2.331278e+03 4.401098e-01 2.812500e-04 6.140815e-09 6.092789e-09 9.100809e-13 1.280411e+12 1.261780e+12 1.906973e+08 3.888068e+11 3.831365e+11 5.790575e+07 
300 101325 1.000000e+00 2.353445e+03 4.669252e-01 2.760400e-04 8.152618e-09 8.004375e-09 1.179052e-12 1.630347e+12 1.603646e+12 2.375612e+08 4.951442e+11 4.870077e+11 7.214576e+07 
300 101325 1.050000e+00 2.369134e+03 4.930636e-01 2.760400e-04 1.060618e-08 1.043581e-08 1.504235e-12 2.041366e+12 1.995552e+12 2.909617e+08 6.200368e+11 6.060949e+11 8.837391e+07 
300 101325 1.100000e+00 2.382239e+03 5.159268e-01 2.708300e-04 1.354096e-08 1.329458e-08 1.879955e-12 2.512323e+12 2.445774e+12 3.507425e+08 7.631737e+11 7.429176e+11 1.065428e+08 
300 101325 1.150000e+00 2.382860e+03 5.381808e-01 2.656200e-04 1.697560e-08 1.667985e-08 2.318153e-12 3.044194e+12 2.971192e+12 4.179648e+08 9.248257e+11 9.026091e+11 1.269753e+08 
300 101325 1.200000e+00 2.385858e+03 5.591977e-01 2.552100e-04 2.107706e-08 2.059877e-08 2.822366e-12 3.653536e+12 3.581534e+12 4.936470e+08 1.110064e+12 1.088131e+12 1.499812e+08 
300 101325 1.250000e+00 2.379576e+03 5.779682e-01 2.708300e-04 2.583000e-08 2.415663e-08 3.451689e-12 4.340781e+12 4.005198e+12 5.831639e+08 1.318979e+12 1.216897e+12 1.771924e+08 
300 101325 1.300000e+00 2.370143e+03 5.958681e-01 2.656200e-04 3.126515e-08 2.966095e-08 4.128973e-12 5.099729e+12 4.789541e+12 6.774021e+08 1.549712e+12 1.455334e+12 2.058428e+08 
300 101325 1.350000e+00 2.357399e+03 6.120048e-01 2.604100e-04 3.756504e-08 3.625660e-08 4.903988e-12 5.953583e+12 5.688369e+12 7.823006e+08 1.809316e+12 1.728596e+12 2.377361e+08 
300 101325 1.400000e+00 2.339906e+03 6.266295e-01 2.500000e-04 4.473780e-08 4.333210e-08 5.766705e-12 6.905575e+12 6.616833e+12 8.955440e+08 2.098733e+12 2.010882e+12 2.721684e+08 
300 101325 1.450000e+00 2.322491e+03 6.405189e-01 2.656300e-04 5.274981e-08 4.877496e-08 6.823311e-12 7.933343e+12 7.727103e+12 1.019803e+09 2.411248e+12 2.348474e+12 3.099525e+08 
300 101325 1.500000e+00 2.302348e+03 6.521637e-01 2.604200e-04 6.169398e-08 5.828722e-08 7.919908e-12 9.048805e+12 8.439009e+12 1.167982e+09 2.750445e+12 2.564927e+12 3.550086e+08 
300 101325 1.550000e+00 2.279580e+03 6.640394e-01 2.500000e-04 7.189894e-08 6.805765e-08 9.155140e-12 1.029027e+13 9.792233e+12 1.321280e+09 3.127973e+12 2.976421e+12 4.016267e+08 
300 101325 1.600000e+00 2.260060e+03 6.739355e-01 2.447900e-04 8.332234e-08 8.008551e-08 1.053902e-11 1.164819e+13 1.109929e+13 1.483306e+09 3.540931e+12 3.373889e+12 4.509008e+08 
300 101325 1.650000e+00 2.236500e+03 6.808464e-01 2.604200e-04 9.529179e-08 8.699519e-08 1.215696e-11 1.303279e+13 1.258451e+13 1.653151e+09 3.962022e+12 3.825577e+12 5.025554e+08 
300 101325 1.700000e+00 2.214469e+03 6.874335e-01 2.552100e-04 1.085297e-07 1.008513e-07 1.382420e-11 1.453154e+13 1.334764e+13 1.862052e+09 4.417843e+12 4.057642e+12 5.660849e+08 
300 101325 1.750000e+00 2.191931e+03 6.923351e-01 2.500000e-04 1.228146e-07 1.160682e-07 1.563320e-11 1.611404e+13 1.504247e+13 2.064067e+09 4.899152e+12 4.573101e+12 6.275271e+08 
300 101325 1.800000e+00 2.168275e+03 6.961174e-01 2.656200e-04 1.382229e-07 1.225974e-07 1.777806e-11 1.778180e+13 1.687162e+13 2.276388e+09 5.406412e+12 5.129430e+12 6.921064e+08 



300 303975 5.000000e-01 1.723642e+03 8.785308e-02 2.033200e-04 3.525213e-11 3.338492e-11 3.758128e-15 1.159838e+10 1.083718e+10 1.229089e+06 3.528516e+09 3.296844e+09 3.739163e+05 
300 303975 5.500000e-01 1.828848e+03 1.177205e-01 1.747200e-04 9.417511e-11 8.943545e-11 8.660580e-15 2.844334e+10 2.670338e+10 2.596804e+06 8.654517e+09 8.124885e+09 7.901323e+05 
300 303975 6.000000e-01 1.926609e+03 1.464025e-01 1.620200e-04 2.097138e-10 1.922112e-10 1.725470e-14 5.855282e+10 5.654332e+10 4.733965e+06 1.781842e+10 1.720650e+10 1.440601e+06 
300 303975 6.500000e-01 2.019507e+03 1.770898e-01 1.461300e-04 4.085399e-10 3.852343e-10 3.060689e-14 1.064117e+11 9.893114e+10 7.920968e+06 3.238619e+10 3.010862e+10 2.410721e+06 
300 303975 7.000000e-01 2.104453e+03 2.060897e-01 1.397800e-04 7.246619e-10 6.741438e-10 5.062641e-14 1.771009e+11 1.715936e+11 1.208360e+07 5.390563e+10 5.222836e+10 3.677974e+06 
300 303975 7.500000e-01 2.182248e+03 2.358561e-01 1.302500e-04 1.199281e-09 1.113333e-09 7.848698e-14 2.754697e+11 2.714783e+11 1.768124e+07 8.385414e+10 8.263834e+10 5.382252e+06 
300 303975 8.000000e-01 2.249704e+03 2.638521e-01 1.207200e-04 1.870952e-09 1.788834e-09 1.160377e-13 4.075491e+11 3.765758e+11 2.505954e+07 1.240697e+11 1.146371e+11 7.628818e+06 
300 303975 8.500000e-01 2.305436e+03 2.904306e-01 1.207200e-04 2.783786e-09 2.495225e-09 1.661230e-13 5.757509e+11 5.581816e+11 3.368049e+07 1.752867e+11 1.699351e+11 1.025398e+07 
300 303975 9.000000e-01 2.351052e+03 3.163373e-01 1.080100e-04 3.986503e-09 3.775139e-09 2.270410e-13 7.868086e+11 7.345853e+11 4.460699e+07 2.395580e+11 2.236519e+11 1.358136e+07 
300 303975 9.500000e-01 2.386764e+03 3.409856e-01 1.111900e-04 5.548481e-09 5.197670e-09 3.081270e-13 1.044210e+12 9.412495e+11 5.763586e+07 3.179477e+11 2.865870e+11 1.754918e+07 
300 303975 1.000000e+00 2.412480e+03 3.633885e-01 1.080100e-04 7.491829e-09 6.685870e-09 4.050918e-13 1.355204e+12 1.330506e+12 7.174923e+07 4.126596e+11 4.051335e+11 2.184758e+07 
300 303975 1.050000e+00 2.430027e+03 3.861766e-01 9.531000e-05 9.944324e-09 9.702879e-09 5.150012e-13 1.725294e+12 1.673687e+12 8.938847e+07 5.253751e+11 5.096518e+11 2.721993e+07 
300 303975 1.100000e+00 2.438681e+03 4.065281e-01 9.531000e-05 1.291155e-08 1.260953e-08 6.575455e-13 2.157934e+12 2.095548e+12 1.099101e+08 6.571467e+11 6.381384e+11 3.347038e+07 
300 303975 1.150000e+00 2.439612e+03 4.252316e-01 9.372000e-05 1.643702e-08 1.600380e-08 8.238565e-13 2.652503e+12 2.566639e+12 1.329600e+08 8.077875e+11 7.816239e+11 4.049115e+07 
300 303975 1.200000e+00 2.433694e+03 4.423117e-01 9.213000e-05 2.062839e-08 2.011107e-08 1.017935e-12 3.218267e+12 3.120318e+12 1.589575e+08 9.801146e+11 9.502696e+11 4.840997e+07 
300 303975 1.250000e+00 2.420486e+03 4.576960e-01 9.054000e-05 2.558361e-08 2.504618e-08 1.245192e-12 3.864967e+12 3.767030e+12 1.884733e+08 1.177100e+12 1.147258e+12 5.740066e+07 
300 303975 1.300000e+00 2.403994e+03 4.725402e-01 8.895000e-05 3.127958e-08 3.082232e-08 1.505374e-12 4.582893e+12 4.500225e+12 2.211627e+08 1.395788e+12 1.370597e+12 6.735837e+07 
300 303975 1.350000e+00 2.383421e+03 4.844389e-01 1.000700e-04 3.785357e-08 3.417645e-08 1.844185e-12 5.388192e+12 5.289706e+12 2.569250e+08 1.641097e+12 1.611085e+12 7.825234e+07 
300 303975 1.400000e+00 2.360658e+03 4.949266e-01 9.848000e-05 4.525172e-08 4.157142e-08 2.191213e-12 6.267760e+12 5.966179e+12 3.006070e+08 1.909036e+12 1.817149e+12 9.155881e+07 
300 303975 1.450000e+00 2.338267e+03 5.049802e-01 9.689000e-05 5.377535e-08 5.013756e-08 2.590096e-12 7.253003e+12 6.609700e+12 3.489091e+08 2.209173e+12 2.013183e+12 1.062731e+08 
300 303975 1.500000e+00 2.312180e+03 5.125850e-01 9.530000e-05 6.293753e-08 5.963728e-08 3.026319e-12 8.280474e+12 7.680284e+12 3.978694e+08 2.522181e+12 2.339318e+12 1.211883e+08 
300 303975 1.550000e+00 2.287516e+03 5.199238e-01 9.212000e-05 7.336539e-08 6.958621e-08 3.510462e-12 9.421494e+12 8.883615e+12 4.516754e+08 2.869785e+12 2.705899e+12 1.375800e+08 
300 303975 1.600000e+00 2.263932e+03 5.263164e-01 9.054000e-05 8.504170e-08 8.166550e-08 4.064045e-12 1.066803e+13 1.019292e+13 5.111691e+08 3.249540e+12 3.104772e+12 1.557046e+08 
300 303975 1.650000e+00 2.240354e+03 5.309482e-01 8.895000e-05 9.784656e-08 9.508697e-08 4.670913e-12 1.200291e+13 1.161629e+13 5.750195e+08 3.656219e+12 3.538403e+12 1.751569e+08 
300 303975 1.700000e+00 2.216849e+03 5.338740e-01 1.000700e-04 1.118214e-07 9.820921e-08 5.463644e-12 1.342583e+13 1.312074e+13 6.440758e+08 4.089723e+12 3.996746e+12 1.961955e+08 
300 303975 1.750000e+00 2.193419e+03 5.350631e-01 1.000700e-04 1.269335e-07 1.159703e-07 6.241474e-12 1.493039e+13 1.473034e+13 7.177435e+08 4.548107e+12 4.487131e+12 2.186392e+08 
300 303975 1.800000e+00 2.170778e+03 5.350800e-01 9.848000e-05 1.433171e-07 1.334454e-07 7.082645e-12 1.652678e+13 1.504566e+13 8.167491e+08 5.034474e+12 4.583193e+12 2.488016e+08 



300 607950 5.000000e-01 1.722780e+03 5.996582e-02 1.232500e-04 2.271514e-11 2.114658e-11 1.433096e-15 6.965181e+09 6.306498e+09 4.359662e+05 2.121411e+09 1.920775e+09 1.327837e+05 
300 607950 5.500000e-01 1.827102e+03 8.449835e-02 1.093000e-04 6.943095e-11 6.147194e-11 3.702474e-15 1.944502e+10 1.921111e+10 9.937229e+05 5.922905e+09 5.851636e+09 3.026856e+05 
300 607950 6.000000e-01 1.926485e+03 1.090017e-01 8.372000e-05 1.703957e-10 1.668189e-10 7.784097e-15 4.398731e+10 4.214398e+10 1.994208e+06 1.339930e+10 1.283771e+10 6.074715e+05 
300 607950 6.500000e-01 2.020042e+03 1.350908e-01 8.139000e-05 3.526699e-10 3.274286e-10 1.479370e-14 8.478858e+10 7.790811e+10 3.524540e+06 2.582959e+10 2.373333e+10 1.073700e+06 
300 607950 7.000000e-01 2.108220e+03 1.613047e-01 7.675000e-05 6.592956e-10 5.959879e-10 2.542200e-14 1.480513e+11 1.456838e+11 5.554330e+06 4.510392e+10 4.438248e+10 1.692134e+06 
300 607950 7.500000e-01 2.187829e+03 1.864952e-01 7.093000e-05 1.119720e-09 1.032498e-09 4.045484e-14 2.369366e+11 2.122830e+11 8.465137e+06 7.218615e+10 6.467429e+10 2.579027e+06 
300 607950 8.000000e-01 2.258804e+03 2.115188e-01 6.395000e-05 1.793529e-09 1.722351e-09 6.068062e-14 3.585966e+11 3.375569e+11 1.202476e+07 1.092558e+11 1.028446e+11 3.663663e+06 
300 607950 8.500000e-01 2.319698e+03 2.355343e-01 6.511000e-05 2.732245e-09 2.464586e-09 8.900935e-14 5.181475e+11 5.101237e+11 1.631501e+07 1.578726e+11 1.554272e+11 4.970976e+06 
300 607950 9.000000e-01 2.370945e+03 2.584532e-01 5.698000e-05 3.999508e-09 3.890955e-09 1.230499e-13 7.228216e+11 6.918657e+11 2.208346e+07 2.202411e+11 2.108074e+11 6.728761e+06 
300 607950 9.500000e-01 2.408311e+03 2.791723e-01 5.814000e-05 5.605552e-09 5.360172e-09 1.684760e-13 9.684781e+11 9.054506e+11 2.887234e+07 2.950998e+11 2.758926e+11 8.797554e+06 
300 607950 1.000000e+00 2.436038e+03 2.984810e-01 5.814000e-05 7.659959e-09 7.130457e-09 2.247879e-13 1.269414e+12 1.148778e+12 3.690962e+07 3.868063e+11 3.500431e+11 1.124683e+07 
300 607950 1.050000e+00 2.454202e+03 3.181510e-01 5.814000e-05 1.025174e-08 9.366722e-09 2.945587e-13 1.630463e+12 1.622628e+12 4.508465e+07 4.968334e+11 4.944452e+11 1.373820e+07 
300 607950 1.100000e+00 2.460770e+03 3.331418e-01 5.698000e-05 1.334828e-08 1.182911e-08 3.761764e-13 2.045790e+12 2.023770e+12 5.558440e+07 6.234042e+11 6.166924e+11 1.693803e+07 
300 607950 1.150000e+00 2.458799e+03 3.498098e-01 5.698000e-05 1.716014e-08 1.525500e-08 4.763833e-13 2.537629e+12 2.514280e+12 6.795260e+07 7.732954e+11 7.661781e+11 2.070735e+07 
300 607950 1.200000e+00 2.449093e+03 3.652265e-01 5.581000e-05 2.164176e-08 1.904881e-08 5.923565e-13 3.094855e+12 3.053357e+12 8.164541e+07 9.431174e+11 9.304677e+11 2.488043e+07 
300 607950 1.250000e+00 2.431350e+03 3.768500e-01 5.116000e-05 2.686308e-08 2.605699e-08 7.201164e-13 3.720269e+12 3.542435e+12 9.921541e+07 1.133721e+12 1.079520e+12 3.023513e+07 
300 607950 1.300000e+00 2.410647e+03 3.883674e-01 5.000000e-05 3.297790e-08 3.199493e-08 8.744644e-13 4.432131e+12 4.231655e+12 1.169558e+08 1.350677e+12 1.289573e+12 3.564190e+07 
300 607950 1.350000e+00 2.387858e+03 3.990825e-01 5.349000e-05 3.997812e-08 3.631343e-08 1.065709e-12 5.217918e+12 4.995960e+12 1.366582e+08 1.590164e+12 1.522512e+12 4.164674e+07 
300 607950 1.400000e+00 2.363254e+03 4.072809e-01 5.232000e-05 4.778871e-08 4.370390e-08 1.269107e-12 6.068334e+12 5.854847e+12 1.582593e+08 1.849350e+12 1.784280e+12 4.823031e+07 
300 607950 1.450000e+00 2.338948e+03 4.149569e-01 5.232000e-05 5.675062e-08 5.329711e-08 1.503633e-12 7.021467e+12 6.452679e+12 1.850740e+08 2.139851e+12 1.966490e+12 5.640289e+07 
300 607950 1.500000e+00 2.313323e+03 4.203154e-01 5.116000e-05 6.670769e-08 6.318668e-08 1.763788e-12 8.049157e+12 7.456890e+12 2.119405e+08 2.453074e+12 2.272555e+12 6.459137e+07 
300 607950 1.550000e+00 2.288667e+03 4.250978e-01 5.000000e-05 7.777053e-08 7.419021e-08 2.056180e-12 9.159643e+12 8.581876e+12 2.414309e+08 2.791535e+12 2.615434e+12 7.357972e+07 
300 607950 1.600000e+00 2.263913e+03 4.277318e-01 5.000000e-05 8.981473e-08 8.755012e-08 2.382452e-12 1.034142e+13 9.949042e+12 2.737773e+08 3.151734e+12 3.032130e+12 8.343860e+07 
300 607950 1.650000e+00 2.237913e+03 4.286461e-01 5.349000e-05 1.025527e-07 9.474246e-08 2.777310e-12 1.155546e+13 1.041564e+13 3.116412e+08 3.521765e+12 3.174351e+12 9.497914e+07 
300 607950 1.700000e+00 2.213361e+03 4.285338e-01 5.232000e-05 1.167938e-07 1.091953e-07 3.179604e-12 1.288551e+13 1.180780e+13 3.497170e+08 3.927159e+12 3.598672e+12 1.065844e+08 
300 607950 1.750000e+00 2.189869e+03 4.276747e-01 5.697000e-05 1.318343e-07 1.177169e-07 3.667565e-12 1.425496e+13 1.351452e+13 3.908182e+08 4.344563e+12 4.118871e+12 1.191120e+08 
300 607950 1.800000e+00 2.167797e+03 4.260814e-01 5.581000e-05 1.477459e-07 1.346199e-07 4.150783e-12 1.566919e+13 1.392837e+13 4.387553e+08 4.775622e+12 4.245026e+12 1.337231e+08 



300 911925 5.000000e-01 1.722164e+03 4.570672e-02 9.689000e-05 1.613128e-11 1.449603e-11 7.637421e-16 4.741784e+09 4.493240e+09 2.204393e+05 1.444791e+09 1.369058e+09 6.716648e+04 
300 911925 5.500000e-01 1.826621e+03 6.746784e-02 7.363000e-05 5.527244e-11 5.238587e-11 2.141028e-15 1.477723e+10 1.390930e+10 5.695938e+05 4.502761e+09 4.238285e+09 1.735608e+05 
300 911925 6.000000e-01 1.926224e+03 9.074200e-02 6.201000e-05 1.450724e-10 1.379994e-10 4.848761e-15 3.567989e+10 3.366198e+10 1.185705e+06 1.087249e+10 1.025755e+10 3.613121e+05 
300 911925 6.500000e-01 2.020714e+03 1.130184e-01 5.523000e-05 3.206023e-10 3.137880e-10 9.539447e-15 7.310822e+10 7.061118e+10 2.159423e+06 2.227861e+10 2.151763e+10 6.580524e+05 
300 911925 7.000000e-01 2.109083e+03 1.366945e-01 5.135000e-05 6.202919e-10 5.968974e-10 1.694178e-14 1.321657e+11 1.249077e+11 3.576381e+06 4.027685e+10 3.806487e+10 1.089886e+06 
300 911925 7.500000e-01 2.190831e+03 1.603237e-01 4.651000e-05 1.091602e-09 1.066008e-09 2.755250e-14 2.183453e+11 2.098562e+11 5.468557e+06 6.654159e+10 6.395432e+10 1.666568e+06 
300 911925 8.000000e-01 2.263647e+03 1.831187e-01 4.845000e-05 1.786699e-09 1.612555e-09 4.323399e-14 3.377864e+11 3.348460e+11 7.838385e+06 1.029445e+11 1.020482e+11 2.388847e+06 
300 911925 8.500000e-01 2.326122e+03 2.046022e-01 4.263000e-05 2.761629e-09 2.700717e-09 6.269197e-14 4.951303e+11 4.693038e+11 1.111125e+07 1.509003e+11 1.430287e+11 3.386370e+06 
300 911925 9.000000e-01 2.379470e+03 2.250895e-01 4.263000e-05 4.074374e-09 3.751097e-09 8.947574e-14 6.956472e+11 6.212309e+11 1.510388e+07 2.120162e+11 1.893349e+11 4.603299e+06 
300 911925 9.500000e-01 2.421090e+03 2.452242e-01 4.359000e-05 5.807693e-09 5.125155e-09 1.239469e-13 9.467069e+11 9.398187e+11 1.934387e+07 2.885384e+11 2.864386e+11 5.895659e+06 
300 911925 1.000000e+00 2.450587e+03 2.628525e-01 3.584000e-05 8.003309e-09 7.900829e-09 1.612235e-13 1.250116e+12 1.221377e+12 2.503222e+07 3.810181e+11 3.722580e+11 7.629493e+06 
300 911925 1.050000e+00 2.468659e+03 2.797908e-01 3.584000e-05 1.073379e-08 1.048688e-08 2.125154e-13 1.610245e+12 1.551491e+12 3.166217e+07 4.907879e+11 4.728789e+11 9.650364e+06 
300 911925 1.100000e+00 2.474460e+03 2.948217e-01 3.584000e-05 1.404959e-08 1.366810e-08 2.741137e-13 2.030025e+12 1.945010e+12 3.931869e+07 6.187415e+11 5.928279e+11 1.198418e+07 
300 911925 1.150000e+00 2.470252e+03 3.088319e-01 3.584000e-05 1.803814e-08 1.756489e-08 3.472025e-13 2.515740e+12 2.414065e+12 4.806973e+07 7.667951e+11 7.358027e+11 1.465165e+07 
300 911925 1.200000e+00 2.457532e+03 3.220161e-01 3.536000e-05 2.280449e-08 2.218408e-08 4.329938e-13 3.074410e+12 2.913456e+12 5.787804e+07 9.370889e+11 8.880265e+11 1.764143e+07 
300 911925 1.250000e+00 2.437319e+03 3.332770e-01 3.488000e-05 2.833467e-08 2.773972e-08 5.322591e-13 3.699390e+12 3.561858e+12 6.908456e+07 1.127597e+12 1.085673e+12 2.105744e+07 
300 911925 1.300000e+00 2.414850e+03 3.429002e-01 3.439000e-05 3.473407e-08 3.410374e-08 6.467486e-13 4.402029e+12 4.235496e+12 8.141444e+07 1.341779e+12 1.291014e+12 2.481592e+07 
300 911925 1.350000e+00 2.390326e+03 3.510342e-01 3.391000e-05 4.197611e-08 4.142724e-08 7.768569e-13 5.168620e+12 5.055511e+12 9.529496e+07 1.575459e+12 1.540977e+12 2.904711e+07 
300 911925 1.400000e+00 2.362780e+03 3.563396e-01 3.730000e-05 4.986130e-08 4.661554e-08 9.417793e-13 5.981759e+12 5.461737e+12 1.120789e+08 1.823327e+12 1.664810e+12 3.416336e+07 
300 911925 1.450000e+00 2.338104e+03 3.631905e-01 3.682000e-05 5.888618e-08 5.593545e-08 1.112282e-12 6.878554e+12 6.316482e+12 1.289218e+08 2.096703e+12 1.925364e+12 3.929763e+07 
300 911925 1.500000e+00 2.313026e+03 3.674122e-01 3.633000e-05 6.915372e-08 6.636177e-08 1.305342e-12 7.884674e+12 7.361966e+12 1.477860e+08 2.403402e+12 2.244062e+12 4.504812e+07 
300 911925 1.550000e+00 2.287861e+03 3.698774e-01 3.923000e-05 7.992992e-08 7.029366e-08 1.536221e-12 8.908623e+12 8.453504e+12 1.677363e+08 2.715540e+12 2.576802e+12 5.112973e+07 
300 911925 1.600000e+00 2.262662e+03 3.710888e-01 3.875000e-05 9.198979e-08 8.302020e-08 1.778644e-12 1.001784e+13 9.659058e+12 1.897561e+08 3.053675e+12 2.944302e+12 5.784222e+07 
300 911925 1.650000e+00 2.238531e+03 3.715190e-01 3.778000e-05 1.048507e-07 9.556132e-08 2.037437e-12 1.118205e+13 1.008655e+13 2.164377e+08 3.408577e+12 3.074625e+12 6.597583e+07 
300 911925 1.700000e+00 2.214536e+03 3.700552e-01 3.778000e-05 1.185655e-07 1.119238e-07 2.330165e-12 1.239472e+13 1.149543e+13 2.424869e+08 3.778249e+12 3.504109e+12 7.391673e+07 
300 911925 1.750000e+00 2.190626e+03 3.668039e-01 4.069000e-05 1.326889e-07 1.156300e-07 2.675423e-12 1.361215e+13 1.280841e+13 2.693040e+08 4.149377e+12 3.904364e+12 8.209179e+07 
300 911925 1.800000e+00 2.167196e+03 3.622614e-01 4.069000e-05 1.475785e-07 1.349756e-07 3.020977e-12 1.484606e+13 1.327894e+13 3.027472e+08 4.525538e+12 4.047813e+12 9.228676e+07 



300 1215900 5.000000e-01 1.721958e+03 3.708129e-02 7.831000e-05 1.179051e-11 1.086374e-11 4.589422e-16 3.360814e+09 3.018345e+09 1.300672e+05 1.024223e+09 9.198529e+08 3.963859e+04 
300 1215900 5.500000e-01 1.826780e+03 5.653913e-02 5.959000e-05 4.496510e-11 4.334320e-11 1.410801e-15 1.164827e+10 1.095465e+10 3.622336e+05 3.550002e+09 3.338607e+09 1.103968e+05 
300 1215900 6.000000e-01 1.926372e+03 7.773506e-02 5.193000e-05 1.264770e-10 1.207939e-10 3.407129e-15 2.999059e+10 2.819827e+10 8.023578e+05 9.140431e+09 8.594163e+09 2.445402e+05 
300 1215900 6.500000e-01 2.020916e+03 9.845856e-02 4.512000e-05 2.921756e-10 2.805064e-10 6.965672e-15 6.417558e+10 6.057235e+10 1.517431e+06 1.955978e+10 1.846154e+10 4.624916e+05 
300 1215900 7.000000e-01 2.109625e+03 1.204975e-01 4.256000e-05 5.875379e-10 5.495536e-10 1.278252e-14 1.203195e+11 1.099437e+11 2.591052e+06 3.667255e+10 3.351001e+10 7.897359e+05 
300 1215900 7.500000e-01 2.192374e+03 1.423141e-01 3.831000e-05 1.062610e-09 1.006699e-09 2.131383e-14 2.041634e+11 1.895556e+11 4.053948e+06 6.222896e+10 5.777640e+10 1.235645e+06 
300 1215900 8.000000e-01 2.266465e+03 1.637030e-01 3.320000e-05 1.771417e-09 1.743309e-09 3.284034e-14 3.211065e+11 3.126008e+11 5.909411e+06 9.787508e+10 9.528238e+10 1.801226e+06 
300 1215900 8.500000e-01 2.331429e+03 1.838463e-01 3.490000e-05 2.775476e-09 2.614901e-09 4.990798e-14 4.767436e+11 4.391577e+11 8.473954e+06 1.453166e+11 1.338598e+11 2.582960e+06 
300 1215900 9.000000e-01 2.386225e+03 2.035536e-01 3.575000e-05 4.146231e-09 3.636929e-09 7.193098e-14 6.776612e+11 6.737137e+11 1.120284e+07 2.065618e+11 2.053584e+11 3.414809e+06 
300 1215900 9.500000e-01 2.429198e+03 2.215573e-01 2.979000e-05 5.944702e-09 5.895923e-09 9.701109e-14 9.274748e+11 8.979035e+11 1.497756e+07 2.827128e+11 2.736986e+11 4.565471e+06 
300 1215900 1.000000e+00 2.459992e+03 2.384493e-01 2.979000e-05 8.235162e-09 7.990056e-09 1.316174e-13 1.230945e+12 1.175703e+12 1.948488e+07 3.752213e+11 3.583819e+11 5.939472e+06 
300 1215900 1.050000e+00 2.477780e+03 2.538582e-01 3.022000e-05 1.110134e-08 1.066742e-08 1.741552e-13 1.593027e+12 1.485491e+12 2.470012e+07 4.855984e+11 4.528175e+11 7.529292e+06 
300 1215900 1.100000e+00 2.483313e+03 2.683046e-01 2.979000e-05 1.458855e-08 1.373141e-08 2.247942e-13 2.016118e+12 1.856517e+12 3.073336e+07 6.145745e+11 5.659222e+11 9.368492e+06 
300 1215900 1.150000e+00 2.477096e+03 2.812423e-01 2.979000e-05 1.876795e-08 1.766622e-08 2.854287e-13 2.502941e+12 2.271069e+12 3.760331e+07 7.629808e+11 6.922967e+11 1.146278e+07 
300 1215900 1.200000e+00 2.461266e+03 2.923577e-01 2.937000e-05 2.368091e-08 2.227317e-08 3.556554e-13 3.052792e+12 3.024144e+12 4.453487e+07 9.306022e+11 9.218681e+11 1.357587e+07 
300 1215900 1.250000e+00 2.439655e+03 3.015589e-01 2.894000e-05 2.930121e-08 2.772416e-08 4.371010e-13 3.665325e+12 3.538937e+12 5.371182e+07 1.117333e+12 1.078804e+12 1.637348e+07 
300 1215900 1.300000e+00 2.415412e+03 3.104073e-01 2.852000e-05 3.575953e-08 3.394671e-08 5.302040e-13 4.339719e+12 4.034277e+12 6.376824e+07 1.322925e+12 1.229811e+12 1.943922e+07 
300 1215900 1.350000e+00 2.390599e+03 3.177048e-01 2.809000e-05 4.310402e-08 4.126765e-08 6.374433e-13 5.082401e+12 4.786603e+12 7.459470e+07 1.549335e+12 1.459161e+12 2.273974e+07 
300 1215900 1.400000e+00 2.364643e+03 3.233871e-01 2.767000e-05 5.138184e-08 4.955808e-08 7.570765e-13 5.903632e+12 5.600206e+12 8.637505e+07 1.799695e+12 1.707194e+12 2.633108e+07 
300 1215900 1.450000e+00 2.339012e+03 3.280263e-01 3.064000e-05 6.050165e-08 5.346907e-08 9.085345e-13 6.770124e+12 6.505249e+12 9.934619e+07 2.063852e+12 1.983104e+12 3.028546e+07 
300 1215900 1.500000e+00 2.313169e+03 3.307166e-01 3.021000e-05 7.063236e-08 6.349091e-08 1.062646e-12 7.723134e+12 7.491280e+12 1.133249e+08 2.354390e+12 2.283706e+12 3.454702e+07 
300 1215900 1.550000e+00 2.288097e+03 3.326480e-01 2.979000e-05 8.112868e-08 7.450519e-08 1.230414e-12 8.680529e+12 7.790217e+12 1.305356e+08 2.646264e+12 2.374847e+12 3.979392e+07 
300 1215900 1.600000e+00 2.262745e+03 3.327375e-01 2.936000e-05 9.299076e-08 8.695383e-08 1.416879e-12 9.721386e+12 8.915841e+12 1.472992e+08 2.963586e+12 2.718008e+12 4.490454e+07 
300 1215900 1.650000e+00 2.237608e+03 3.310387e-01 2.894000e-05 1.050620e-07 1.004165e-07 1.615886e-12 1.077248e+13 1.010700e+13 1.648494e+08 3.284030e+12 3.081149e+12 5.025501e+07 
300 1215900 1.700000e+00 2.213767e+03 3.285313e-01 3.192000e-05 1.177147e-07 1.042362e-07 1.865852e-12 1.184180e+13 1.136291e+13 1.834233e+08 3.610031e+12 3.464035e+12 5.591757e+07 
300 1215900 1.750000e+00 2.190516e+03 3.248886e-01 3.150000e-05 1.311877e-07 1.197873e-07 2.105353e-12 1.292889e+13 1.158945e+13 2.066074e+08 3.941453e+12 3.533109e+12 6.298564e+07 
300 1215900 1.800000e+00 2.166300e+03 3.197037e-01 3.107000e-05 1.445330e-07 1.360415e-07 2.353778e-12 1.400446e+13 1.297605e+13 2.273634e+08 4.269366e+12 3.955840e+12 6.931352e+07 



500 101325 5.000000e-01 1.882169e+03 3.984331e-01 4.302000e-04 1.732378e-10 1.693122e-10 3.869284e-14 5.574267e+10 5.430192e+10 1.246470e+07 1.689687e+10 1.645894e+10 3.778162e+06 
500 101325 5.500000e-01 1.980236e+03 4.779086e-01 3.864600e-04 3.442500e-10 3.411869e-10 6.993056e-14 1.027711e+11 1.016400e+11 2.094230e+07 3.116399e+10 3.081940e+10 6.350194e+06 
500 101325 6.000000e-01 2.068699e+03 5.551495e-01 3.645800e-04 6.221454e-10 6.117143e-10 1.175988e-13 1.735408e+11 1.697343e+11 3.292837e+07 5.264052e+10 5.148242e+10 9.987764e+06 
500 101325 6.500000e-01 2.147765e+03 6.278808e-01 3.427100e-04 1.035595e-09 1.018212e-09 1.837759e-13 2.717470e+11 2.662567e+11 4.841830e+07 8.245099e+10 8.078069e+10 1.469010e+07 
500 101325 7.000000e-01 2.213274e+03 6.979709e-01 3.500000e-04 1.627265e-09 1.546968e-09 2.766646e-13 4.030032e+11 3.996027e+11 6.800610e+07 1.223047e+11 1.212676e+11 2.063786e+07 
500 101325 7.500000e-01 2.269524e+03 7.654557e-01 3.208300e-04 2.427173e-09 2.354889e-09 3.925630e-13 5.707725e+11 5.499017e+11 9.277695e+07 1.732536e+11 1.669067e+11 2.816064e+07 
500 101325 8.000000e-01 2.319047e+03 8.300726e-01 3.208300e-04 3.490866e-09 3.290678e-09 5.458003e-13 7.807580e+11 7.737727e+11 1.211317e+08 2.370368e+11 2.349062e+11 3.677392e+07 
500 101325 8.500000e-01 2.354844e+03 8.924007e-01 2.916600e-04 4.863106e-09 4.803275e-09 7.276184e-13 1.040705e+12 1.021692e+12 1.566602e+08 3.160030e+11 3.102168e+11 4.756739e+07 
500 101325 9.000000e-01 2.384488e+03 9.524820e-01 2.843700e-04 6.603311e-09 6.407414e-09 9.601914e-13 1.354110e+12 1.307838e+12 1.979871e+08 4.112235e+11 3.971491e+11 6.012413e+07 
500 101325 9.500000e-01 2.407728e+03 1.007388e+00 2.843700e-04 8.737411e-09 8.483597e-09 1.240525e-12 1.719982e+12 1.663668e+12 2.456899e+08 5.224012e+11 5.052692e+11 7.461994e+07 
500 101325 1.000000e+00 2.428252e+03 1.060552e+00 2.770800e-04 1.133408e-08 1.090831e-08 1.570151e-12 2.144037e+12 2.050301e+12 2.993936e+08 6.512773e+11 6.227611e+11 9.094113e+07 
500 101325 1.050000e+00 2.440626e+03 1.107881e+00 2.697900e-04 1.434694e-08 1.370785e-08 1.947405e-12 2.619825e+12 2.494763e+12 3.583671e+08 7.958734e+11 7.578395e+11 1.088658e+08 
500 101325 1.100000e+00 2.451162e+03 1.155461e+00 2.697900e-04 1.804916e-08 1.754015e-08 2.404672e-12 3.183391e+12 3.087780e+12 4.275840e+08 9.671864e+11 9.380869e+11 1.299057e+08 
500 101325 1.150000e+00 2.457566e+03 1.198428e+00 2.625000e-04 2.227489e-08 2.177480e-08 2.918287e-12 3.810058e+12 3.696069e+12 5.025130e+08 1.157672e+12 1.122992e+12 1.526837e+08 
500 101325 1.200000e+00 2.460757e+03 1.239403e+00 2.552000e-04 2.723384e-08 2.670197e-08 3.497211e-12 4.497794e+12 4.405067e+12 5.840926e+08 1.366775e+12 1.338527e+12 1.774857e+08 
500 101325 1.250000e+00 2.463656e+03 1.278851e+00 2.479100e-04 3.297951e-08 3.255175e-08 4.166140e-12 5.296384e+12 5.204625e+12 6.758498e+08 1.609560e+12 1.581612e+12 2.053834e+08 
500 101325 1.300000e+00 2.460277e+03 1.314066e+00 2.406200e-04 3.939841e-08 3.917409e-08 4.901900e-12 6.161402e+12 6.108138e+12 7.737075e+08 1.872558e+12 1.856322e+12 2.351381e+08 
500 101325 1.350000e+00 2.454106e+03 1.346665e+00 2.625000e-04 4.667347e-08 4.392107e-08 5.842125e-12 7.112438e+12 7.052004e+12 8.791068e+08 2.161727e+12 2.143319e+12 2.671877e+08 
500 101325 1.400000e+00 2.448463e+03 1.377947e+00 2.515600e-04 5.495221e-08 5.213512e-08 6.798161e-12 8.163919e+12 7.689787e+12 1.016116e+09 2.481457e+12 2.337212e+12 3.088460e+08 
500 101325 1.450000e+00 2.437217e+03 1.405704e+00 2.442700e-04 6.420905e-08 6.216202e-08 7.854759e-12 9.307088e+12 8.950640e+12 1.145883e+09 2.829085e+12 2.720619e+12 3.483088e+08 
500 101325 1.500000e+00 2.423526e+03 1.430999e+00 2.369800e-04 7.464073e-08 7.345921e-08 9.030701e-12 1.056253e+13 1.033577e+13 1.287091e+09 3.210871e+12 3.141846e+12 3.912526e+08 
500 101325 1.550000e+00 2.405948e+03 1.454877e+00 2.296900e-04 8.638334e-08 8.570993e-08 1.030012e-11 1.190690e+13 1.173611e+13 1.433485e+09 3.619722e+12 3.567716e+12 4.357761e+08 
500 101325 1.600000e+00 2.391426e+03 1.474452e+00 2.515700e-04 9.885375e-08 9.275078e-08 1.191775e-11 1.332652e+13 1.326187e+13 1.587851e+09 4.051471e+12 4.031768e+12 4.827266e+08 
500 101325 1.650000e+00 2.371835e+03 1.491150e+00 2.442700e-04 1.122948e-07 1.075192e-07 1.344769e-11 1.481931e+13 1.398721e+13 1.789855e+09 4.505491e+12 4.252313e+12 5.441591e+08 
500 101325 1.700000e+00 2.352375e+03 1.506884e+00 2.369800e-04 1.274413e-07 1.240641e-07 1.518090e-11 1.647005e+13 1.585325e+13 1.980429e+09 5.007554e+12 4.819862e+12 6.021238e+08 
500 101325 1.750000e+00 2.333105e+03 1.523977e+00 2.296900e-04 1.445635e-07 1.422543e-07 1.708394e-11 1.827300e+13 1.785839e+13 2.185466e+09 5.555930e+12 5.429748e+12 6.644900e+08 
500 101325 1.800000e+00 2.313413e+03 1.535231e+00 2.224000e-04 1.624118e-07 1.609387e-07 1.905108e-11 2.018256e+13 1.997389e+13 2.396489e+09 6.136803e+12 6.073257e+12 7.286801e+08 



500 303975 5.000000e-01 1.883491e+03 2.666382e-01 1.735800e-04 1.053341e-10 9.263680e-11 9.158585e-15 3.082876e+10 3.017253e+10 2.621508e+06 9.380919e+09 9.181128e+09 7.977007e+05 
500 303975 5.500000e-01 1.984178e+03 3.309095e-01 1.420200e-04 2.268726e-10 2.213873e-10 1.744693e-14 6.164693e+10 5.964971e+10 4.722799e+06 1.876110e+10 1.815298e+10 1.437291e+06 
500 303975 6.000000e-01 2.078153e+03 3.948549e-01 1.262400e-04 4.362033e-10 4.325961e-10 3.051740e-14 1.106176e+11 1.088607e+11 7.719877e+06 3.366817e+10 3.313306e+10 2.349656e+06 
500 303975 6.500000e-01 2.163922e+03 4.576879e-01 1.315000e-04 7.676783e-10 7.261430e-10 5.086902e-14 1.827675e+11 1.671132e+11 1.201927e+07 5.563349e+10 5.086680e+10 3.658582e+06 
500 303975 7.000000e-01 2.239953e+03 5.196595e-01 1.236100e-04 1.261432e-09 1.199045e-09 7.872106e-14 2.831112e+11 2.603020e+11 1.754516e+07 8.618474e+10 7.923892e+10 5.341073e+06 
500 303975 7.500000e-01 2.306202e+03 5.770092e-01 1.130900e-04 1.959853e-09 1.877614e-09 1.152101e-13 4.166008e+11 3.948092e+11 2.442311e+07 1.268315e+11 1.201941e+11 7.435403e+06 
500 303975 8.000000e-01 2.361761e+03 6.324398e-01 1.130900e-04 2.906735e-09 2.654604e-09 1.646769e-13 5.877860e+11 5.715318e+11 3.275528e+07 1.789591e+11 1.740073e+11 9.972714e+06 
500 303975 8.500000e-01 2.407776e+03 6.855915e-01 1.052000e-04 4.148957e-09 4.036627e-09 2.252390e-13 7.998076e+11 7.574747e+11 4.325208e+07 2.435266e+11 2.306309e+11 1.316933e+07 
500 303975 9.000000e-01 2.444186e+03 7.331396e-01 1.025700e-04 5.753788e-09 5.399684e-09 3.030022e-13 1.063193e+12 9.845097e+11 5.584227e+07 3.237377e+11 2.997710e+11 1.700364e+07 
500 303975 9.500000e-01 2.473184e+03 7.818747e-01 1.025700e-04 7.761785e-09 7.186277e-09 3.989440e-13 1.375298e+12 1.355363e+12 6.941095e+07 4.187910e+11 4.127169e+11 2.113625e+07 
500 303975 1.000000e+00 2.494731e+03 8.274106e-01 1.025700e-04 1.021987e-08 9.407652e-09 5.143102e-13 1.740693e+12 1.713513e+12 8.616398e+07 5.300794e+11 5.217980e+11 2.623880e+07 
500 303975 1.050000e+00 2.510271e+03 8.703141e-01 9.994000e-05 1.320065e-08 1.187036e-08 6.504638e-13 2.170475e+12 2.105932e+12 1.051351e+08 6.609836e+11 6.413196e+11 3.201714e+07 
500 303975 1.100000e+00 2.520875e+03 9.114373e-01 8.942000e-05 1.689537e-08 1.664764e-08 8.031028e-13 2.678945e+12 2.614687e+12 1.275319e+08 8.158610e+11 7.962807e+11 3.883911e+07 
500 303975 1.150000e+00 2.525832e+03 9.473317e-01 9.731000e-05 2.120414e-08 1.894686e-08 1.007306e-12 3.246721e+12 3.161536e+12 1.520411e+08 9.888093e+11 9.628484e+11 4.630472e+07 
500 303975 1.200000e+00 2.525788e+03 9.834386e-01 8.679000e-05 2.624891e-08 2.598809e-08 1.210682e-12 3.905165e+12 3.847449e+12 1.803513e+08 1.189371e+12 1.171783e+12 5.492835e+07 
500 303975 1.250000e+00 2.521594e+03 1.017075e+00 9.468000e-05 3.218952e-08 2.940267e-08 1.484793e-12 4.634457e+12 4.552734e+12 2.107474e+08 1.411532e+12 1.386624e+12 6.418766e+07 
500 303975 1.300000e+00 2.512997e+03 1.044746e+00 9.205000e-05 3.883733e-08 3.557136e-08 1.774100e-12 5.447583e+12 5.390183e+12 2.448300e+08 1.659224e+12 1.641731e+12 7.457016e+07 
500 303975 1.350000e+00 2.501096e+03 1.073201e+00 8.942000e-05 4.655278e-08 4.281967e-08 2.099380e-12 6.329560e+12 6.250825e+12 2.809926e+08 1.927912e+12 1.903906e+12 8.558652e+07 
500 303975 1.400000e+00 2.485991e+03 1.097943e+00 8.942000e-05 5.528144e-08 5.252510e-08 2.476177e-12 7.337308e+12 6.898680e+12 3.292958e+08 2.234903e+12 2.101256e+12 1.003011e+08 
500 303975 1.450000e+00 2.468370e+03 1.120286e+00 8.679000e-05 6.499580e-08 6.234709e-08 2.893278e-12 8.424988e+12 7.989031e+12 3.754034e+08 2.566249e+12 2.433418e+12 1.143475e+08 
500 303975 1.500000e+00 2.449355e+03 1.140766e+00 8.548000e-05 7.614896e-08 7.399605e-08 3.360396e-12 9.594814e+12 9.183972e+12 4.251736e+08 2.922649e+12 2.797448e+12 1.295099e+08 
500 303975 1.550000e+00 2.429287e+03 1.159983e+00 8.285000e-05 8.837588e-08 8.631300e-08 3.870282e-12 1.090300e+13 1.048104e+13 4.786889e+08 3.321182e+12 3.192598e+12 1.458136e+08 
500 303975 1.600000e+00 2.408499e+03 1.175301e+00 8.153000e-05 1.018027e-07 1.005610e-07 4.432654e-12 1.227215e+13 1.207122e+13 5.376915e+08 3.738296e+12 3.677060e+12 1.637893e+08 
500 303975 1.650000e+00 2.386827e+03 1.188012e+00 9.074000e-05 1.167505e-07 1.081346e-07 5.172578e-12 1.378186e+13 1.360277e+13 6.000420e+08 4.198248e+12 4.143661e+12 1.827852e+08 
500 303975 1.700000e+00 2.363825e+03 1.196026e+00 8.811000e-05 1.324822e-07 1.236508e-07 5.860562e-12 1.532981e+13 1.395234e+13 6.787835e+08 4.669858e+12 4.250154e+12 2.067742e+08 
500 303975 1.750000e+00 2.341734e+03 1.204454e+00 8.679000e-05 1.500746e-07 1.429740e-07 6.640033e-12 1.702815e+13 1.606445e+13 7.557495e+08 5.187296e+12 4.893635e+12 2.302233e+08 
500 303975 1.800000e+00 2.319530e+03 1.209568e+00 8.548000e-05 1.694488e-07 1.635546e-07 7.486469e-12 1.882814e+13 1.805486e+13 8.362861e+08 5.735687e+12 5.500054e+12 2.547606e+08 



500 607950 5.000000e-01 1.882576e+03 1.940749e-01 8.818000e-05 7.898105e-11 7.814497e-11 3.827733e-15 2.149576e+10 2.092811e+10 1.034015e+06 6.547749e+09 6.374804e+09 3.149677e+05 
500 607950 5.500000e-01 1.983852e+03 2.477851e-01 8.597000e-05 1.858796e-10 1.716061e-10 8.121925e-15 4.665158e+10 4.147830e+10 2.017993e+06 1.421128e+10 1.263523e+10 6.147334e+05 
500 607950 6.000000e-01 2.079743e+03 3.028917e-01 7.274000e-05 3.778049e-10 3.665626e-10 1.477377e-14 8.835832e+10 8.342804e+10 3.421445e+06 2.691780e+10 2.541558e+10 1.042321e+06 
500 607950 6.500000e-01 2.167764e+03 3.574063e-01 6.614000e-05 6.899333e-10 6.681542e-10 2.483780e-14 1.511547e+11 1.453378e+11 5.410125e+06 4.605058e+10 4.427802e+10 1.648240e+06 
500 607950 7.000000e-01 2.248173e+03 4.116964e-01 6.944000e-05 1.166573e-09 1.060509e-09 3.999673e-14 2.405571e+11 2.365923e+11 7.991817e+06 7.329087e+10 7.208258e+10 2.434880e+06 
500 607950 7.500000e-01 2.319568e+03 4.646393e-01 6.173000e-05 1.855310e-09 1.772076e-09 5.958552e-14 3.622348e+11 3.381248e+11 1.152957e+07 1.103669e+11 1.030198e+11 3.512864e+06 
500 607950 8.000000e-01 2.379514e+03 5.142014e-01 6.283000e-05 2.807728e-09 2.553587e-09 8.677937e-14 5.209340e+11 5.150528e+11 1.557621e+07 1.587252e+11 1.569324e+11 4.745966e+06 
500 607950 8.500000e-01 2.429239e+03 5.574484e-01 5.401000e-05 4.075590e-09 3.976759e-09 1.186448e-13 7.212317e+11 6.930119e+11 2.086691e+07 2.197609e+11 2.111605e+11 6.358193e+06 
500 607950 9.000000e-01 2.469507e+03 6.023255e-01 5.401000e-05 5.696615e-09 5.422755e-09 1.615662e-13 9.645198e+11 9.125304e+11 2.721155e+07 2.938992e+11 2.780549e+11 8.291640e+06 
500 607950 9.500000e-01 2.501395e+03 6.430207e-01 5.401000e-05 7.797387e-09 7.264821e-09 2.155341e-13 1.265120e+12 1.149463e+12 3.471426e+07 3.855040e+11 3.502576e+11 1.057805e+07 
500 607950 1.000000e+00 2.525416e+03 6.827255e-01 5.401000e-05 1.040418e-08 9.548214e-09 2.812192e-13 1.624212e+12 1.619993e+12 4.216160e+07 4.949374e+11 4.936503e+11 1.284767e+07 
500 607950 1.050000e+00 2.542021e+03 7.197898e-01 5.401000e-05 1.359037e-08 1.237856e-08 3.601639e-13 2.043962e+12 2.036908e+12 5.214471e+07 6.228578e+11 6.207063e+11 1.589009e+07 
500 607950 1.100000e+00 2.551392e+03 7.547229e-01 4.850000e-05 1.740844e-08 1.678078e-08 4.478452e-13 2.527942e+12 2.385999e+12 6.465972e+07 7.703556e+11 7.270934e+11 1.970414e+07 
500 607950 1.150000e+00 2.554799e+03 7.862788e-01 4.850000e-05 2.197036e-08 2.130008e-08 5.572468e-13 3.083652e+12 2.933866e+12 7.784175e+07 9.397144e+11 8.940622e+11 2.372158e+07 
500 607950 1.200000e+00 2.552641e+03 8.170231e-01 4.739000e-05 2.741325e-08 2.643617e-08 6.830244e-13 3.727625e+12 3.532663e+12 9.247488e+07 1.135978e+12 1.076555e+12 2.818133e+07 
500 607950 1.250000e+00 2.544918e+03 8.444040e-01 4.629000e-05 3.356898e-08 3.243029e-08 8.261609e-13 4.428011e+12 4.194552e+12 1.086135e+08 1.349435e+12 1.278280e+12 3.309999e+07 
500 607950 1.300000e+00 2.532675e+03 8.689033e-01 4.629000e-05 4.078109e-08 3.994198e-08 9.939417e-13 5.228855e+12 5.039750e+12 1.270691e+08 1.593516e+12 1.535875e+12 3.872485e+07 
500 607950 1.350000e+00 2.516759e+03 8.911482e-01 4.960000e-05 4.902796e-08 4.507528e-08 1.199373e-12 6.114416e+12 5.928403e+12 1.471706e+08 1.863415e+12 1.806717e+12 4.485142e+07 
500 607950 1.400000e+00 2.498177e+03 9.114936e-01 4.850000e-05 5.829150e-08 5.412464e-08 1.417376e-12 7.080091e+12 6.899926e+12 1.692756e+08 2.157742e+12 2.102820e+12 5.158869e+07 
500 607950 1.450000e+00 2.477418e+03 9.300860e-01 4.739000e-05 6.889788e-08 6.436717e-08 1.662664e-12 8.160827e+12 7.997292e+12 1.935224e+08 2.487133e+12 2.437281e+12 5.897881e+07 
500 607950 1.500000e+00 2.454482e+03 9.440492e-01 4.629000e-05 8.052265e-08 7.597348e-08 1.934943e-12 9.311081e+12 8.775896e+12 2.237178e+08 2.837717e+12 2.674589e+12 6.818197e+07 
500 607950 1.550000e+00 2.432362e+03 9.572667e-01 4.629000e-05 9.340181e-08 9.033323e-08 2.243165e-12 1.055360e+13 1.002431e+13 2.529794e+08 3.216423e+12 3.055094e+12 7.710069e+07 
500 607950 1.600000e+00 2.409626e+03 9.674083e-01 4.960000e-05 1.075552e-07 9.705918e-08 2.613563e-12 1.188650e+13 1.140641e+13 2.845920e+08 3.622692e+12 3.476346e+12 8.673606e+07 
500 607950 1.650000e+00 2.386491e+03 9.749658e-01 4.850000e-05 1.231967e-07 1.124765e-07 2.989709e-12 1.332909e+13 1.285931e+13 3.184875e+08 4.062384e+12 3.919184e+12 9.706731e+07 
500 607950 1.700000e+00 2.363919e+03 9.811452e-01 4.850000e-05 1.402485e-07 1.320993e-07 3.412063e-12 1.486635e+13 1.370021e+13 3.608939e+08 4.530938e+12 4.175491e+12 1.099926e+08 
500 607950 1.750000e+00 2.341658e+03 9.851885e-01 4.740000e-05 1.585668e-07 1.506236e-07 3.866580e-12 1.647988e+13 1.538038e+13 4.012992e+08 5.022740e+12 4.687603e+12 1.223081e+08 
500 607950 1.800000e+00 2.318415e+03 9.855466e-01 4.629000e-05 1.780082e-07 1.708538e-07 4.352785e-12 1.814978e+13 1.711258e+13 4.437419e+08 5.531743e+12 5.215583e+12 1.352448e+08 



500 911925 5.000000e-01 1.882096e+03 1.557294e-01 7.037000e-05 6.499609e-11 5.863243e-11 2.343718e-15 1.682612e+10 1.512753e+10 6.038964e+05 5.127171e+09 4.609565e+09 1.840165e+05 
500 911925 5.500000e-01 1.984428e+03 2.052976e-01 6.333000e-05 1.621052e-10 1.494582e-10 5.128616e-15 3.872682e+10 3.431810e+10 1.211195e+06 1.180117e+10 1.045764e+10 3.690857e+05 
500 911925 6.000000e-01 2.079335e+03 2.501366e-01 5.127000e-05 3.459846e-10 3.404104e-10 9.647629e-15 7.685660e+10 7.483261e+10 2.127629e+06 2.342126e+10 2.280439e+10 6.483736e+05 
500 911925 6.500000e-01 2.169981e+03 3.039106e-01 4.524000e-05 6.565182e-10 6.477736e-10 1.664397e-14 1.362149e+11 1.331835e+11 3.431684e+06 4.151142e+10 4.058753e+10 1.045806e+06 
500 911925 7.000000e-01 2.251631e+03 3.526598e-01 4.725000e-05 1.137377e-09 1.050664e-09 2.745080e-14 2.219888e+11 2.001849e+11 5.301993e+06 6.765291e+10 6.100768e+10 1.615829e+06 
500 911925 7.500000e-01 2.324599e+03 4.013306e-01 4.021000e-05 1.841850e-09 1.807497e-09 4.111571e-14 3.398619e+11 3.288124e+11 7.533759e+06 1.035784e+11 1.002105e+11 2.296037e+06 
500 911925 8.000000e-01 2.387524e+03 4.470029e-01 4.122000e-05 2.828473e-09 2.668651e-09 6.096014e-14 4.953677e+11 4.576313e+11 1.057134e+07 1.509745e+11 1.394729e+11 3.221861e+06 
500 911925 8.500000e-01 2.439525e+03 4.858668e-01 3.820000e-05 4.161345e-09 4.071097e-09 8.542906e-14 6.947731e+11 6.691057e+11 1.414844e+07 2.117523e+11 2.039285e+11 4.312152e+06 
500 911925 9.000000e-01 2.482725e+03 5.271823e-01 3.820000e-05 5.899671e-09 5.599804e-09 1.177897e-13 9.411827e+11 8.734775e+11 1.861404e+07 2.868580e+11 2.662210e+11 5.673276e+06 
500 911925 9.500000e-01 2.516737e+03 5.662965e-01 3.820000e-05 8.115705e-09 7.469750e-09 1.576657e-13 1.241632e+12 1.210858e+12 2.348494e+07 3.784360e+11 3.690556e+11 7.157970e+06 
500 911925 1.000000e+00 2.541883e+03 6.022287e-01 3.820000e-05 1.086662e-08 9.778814e-09 2.065235e-13 1.596451e+12 1.541348e+12 2.962195e+07 4.865882e+11 4.697917e+11 9.028604e+06 
500 911925 1.050000e+00 2.559112e+03 6.363880e-01 3.418000e-05 1.427004e-08 1.389509e-08 2.612988e-13 2.019278e+12 1.933641e+12 3.673335e+07 6.154723e+11 5.893676e+11 1.119627e+07 
500 911925 1.100000e+00 2.568650e+03 6.681096e-01 3.418000e-05 1.836845e-08 1.786715e-08 3.310411e-13 2.508455e+12 2.399459e+12 4.491172e+07 7.645822e+11 7.313566e+11 1.368919e+07 
500 911925 1.150000e+00 2.570507e+03 6.971025e-01 3.368000e-05 2.319952e-08 2.245832e-08 4.118714e-13 3.064161e+12 2.891490e+12 5.396551e+07 9.339716e+11 8.813375e+11 1.644899e+07 
500 911925 1.200000e+00 2.566356e+03 7.235707e-01 3.318000e-05 2.891871e-08 2.793755e-08 5.063878e-13 3.705076e+12 3.526701e+12 6.441486e+07 1.129338e+12 1.074964e+12 1.963422e+07 
500 911925 1.250000e+00 2.556626e+03 7.484269e-01 3.267000e-05 3.550959e-08 3.436115e-08 6.142464e-13 4.411293e+12 4.155831e+12 7.574223e+07 1.344613e+12 1.266739e+12 2.308712e+07 
500 911925 1.300000e+00 2.542041e+03 7.705055e-01 3.217000e-05 4.309508e-08 4.196847e-08 7.382579e-13 5.192164e+12 4.987351e+12 8.869056e+07 1.582644e+12 1.520210e+12 2.703418e+07 
500 911925 1.350000e+00 2.523777e+03 7.898730e-01 3.167000e-05 5.168897e-08 5.056797e-08 8.780379e-13 6.075419e+12 5.822232e+12 1.025699e+08 1.851889e+12 1.774707e+12 3.126505e+07 
500 911925 1.400000e+00 2.503552e+03 8.078430e-01 3.117000e-05 6.154430e-08 6.056271e-08 1.038119e-12 7.027285e+12 6.878663e+12 1.184579e+08 2.142049e+12 2.096742e+12 3.610828e+07 
500 911925 1.450000e+00 2.480008e+03 8.208467e-01 3.468000e-05 7.206087e-08 6.602851e-08 1.236232e-12 8.051575e+12 7.915669e+12 1.348513e+08 2.454292e+12 2.412859e+12 4.110561e+07 
500 911925 1.500000e+00 2.457386e+03 8.329968e-01 3.418000e-05 8.418819e-08 7.842602e-08 1.440970e-12 9.165874e+12 9.037245e+12 1.530011e+08 2.793971e+12 2.754758e+12 4.663837e+07 
500 911925 1.550000e+00 2.434044e+03 8.427880e-01 3.368000e-05 9.747368e-08 9.196268e-08 1.666202e-12 1.039364e+13 9.507579e+12 1.764958e+08 3.168245e+12 2.898138e+12 5.380043e+07 
500 911925 1.600000e+00 2.410189e+03 8.501272e-01 3.318000e-05 1.121228e-07 1.071895e-07 1.917996e-12 1.168140e+13 1.087880e+13 1.989619e+08 3.560805e+12 3.316141e+12 6.064904e+07 
500 911925 1.650000e+00 2.387446e+03 8.572712e-01 3.267000e-05 1.281293e-07 1.239058e-07 2.193673e-12 1.308226e+13 1.234979e+13 2.230590e+08 3.987853e+12 3.764559e+12 6.799491e+07 
500 911925 1.700000e+00 2.364614e+03 8.605457e-01 3.217000e-05 1.450190e-07 1.418951e-07 2.488699e-12 1.450977e+13 1.389620e+13 2.483414e+08 4.423020e+12 4.235975e+12 7.570213e+07 
500 911925 1.750000e+00 2.341513e+03 8.609725e-01 3.569000e-05 1.634025e-07 1.481411e-07 2.869387e-12 1.604632e+13 1.558272e+13 2.754745e+08 4.891434e+12 4.750102e+12 8.397356e+07 
500 911925 1.800000e+00 2.319240e+03 8.592921e-01 3.519000e-05 1.829373e-07 1.692465e-07 3.234924e-12 1.764375e+13 1.603975e+13 3.107557e+08 5.378407e+12 4.889434e+12 9.472886e+07 



500 1215900 5.000000e-01 1.881855e+03 1.317509e-01 5.584000e-05 5.427372e-11 5.186203e-11 1.573023e-15 1.359445e+10 1.285528e+10 3.916281e+05 4.143186e+09 3.917902e+09 1.193568e+05 
500 1215900 5.500000e-01 1.983942e+03 1.759720e-01 4.827000e-05 1.443194e-10 1.385646e-10 3.615922e-15 3.322720e+10 3.099334e+10 8.248278e+05 1.012699e+10 9.446143e+09 2.513915e+05 
500 1215900 6.000000e-01 2.080220e+03 2.224711e-01 4.448000e-05 3.202619e-10 2.952909e-10 7.193685e-15 6.840846e+10 6.186040e+10 1.521585e+06 2.085013e+10 1.885431e+10 4.637626e+05 
500 1215900 6.500000e-01 2.170779e+03 2.683571e-01 3.975000e-05 6.304650e-10 5.967793e-10 1.285880e-14 1.256174e+11 1.142132e+11 2.530471e+06 3.828773e+10 3.481167e+10 7.712792e+05 
500 1215900 7.000000e-01 2.253706e+03 3.148381e-01 3.408000e-05 1.116249e-09 1.107165e-09 2.075634e-14 2.090239e+11 2.031312e+11 3.850113e+06 6.371107e+10 6.191484e+10 1.173527e+06 
500 1215900 7.500000e-01 2.327935e+03 3.592205e-01 3.502000e-05 1.837818e-09 1.719539e-09 3.274550e-14 3.251472e+11 3.168223e+11 5.608602e+06 9.910764e+10 9.656997e+10 1.709553e+06 
500 1215900 8.000000e-01 2.393278e+03 4.020511e-01 3.218000e-05 2.863149e-09 2.763599e-09 4.819537e-14 4.798629e+11 4.455380e+11 7.973581e+06 1.462688e+11 1.358057e+11 2.430460e+06 
500 1215900 8.500000e-01 2.447519e+03 4.390322e-01 3.265000e-05 4.249658e-09 3.900457e-09 6.909213e-14 6.788529e+11 6.619044e+11 1.069243e+07 2.069267e+11 2.017602e+11 3.259252e+06 
500 1215900 9.000000e-01 2.492446e+03 4.775161e-01 2.934000e-05 6.073577e-09 5.912046e-09 9.398815e-14 9.265700e+11 8.817849e+11 1.418913e+07 2.824393e+11 2.687871e+11 4.325170e+06 
500 1215900 9.500000e-01 2.528592e+03 5.148803e-01 2.934000e-05 8.417788e-09 7.978777e-09 1.267520e-13 1.231014e+12 1.223880e+12 1.787577e+07 3.752453e+11 3.730702e+11 5.449010e+06 
500 1215900 1.000000e+00 2.554837e+03 5.486151e-01 2.934000e-05 1.129976e-08 1.045432e-08 1.665370e-13 1.587370e+12 1.565832e+12 2.260421e+07 4.838774e+11 4.773111e+11 6.890442e+06 
500 1215900 1.050000e+00 2.572359e+03 5.813300e-01 2.934000e-05 1.484900e-08 1.352777e-08 2.146834e-13 2.011221e+12 1.970331e+12 2.811944e+07 6.130858e+11 6.006202e+11 8.571738e+06 
500 1215900 1.100000e+00 2.581671e+03 6.107848e-01 2.508000e-05 1.910709e-08 1.885282e-08 2.646475e-13 2.499339e+12 2.442204e+12 3.439156e+07 7.618872e+11 7.444692e+11 1.048379e+07 
500 1215900 1.150000e+00 2.581608e+03 6.368529e-01 2.508000e-05 2.411722e-08 2.383767e-08 3.300199e-13 3.049610e+12 2.964397e+12 4.139820e+07 9.296373e+11 9.036596e+11 1.261977e+07 
500 1215900 1.200000e+00 2.575424e+03 6.608707e-01 2.461000e-05 2.997439e-08 2.958856e-08 4.049521e-13 3.670996e+12 3.593901e+12 4.934528e+07 1.119068e+12 1.095565e+12 1.504246e+07 
500 1215900 1.250000e+00 2.563781e+03 6.834812e-01 2.414000e-05 3.680186e-08 3.631482e-08 4.913901e-13 4.378662e+12 4.281748e+12 5.815826e+07 1.334803e+12 1.305258e+12 1.772915e+07 
500 1215900 1.300000e+00 2.547483e+03 7.034270e-01 2.792000e-05 4.463870e-08 4.040691e-08 6.066481e-13 5.160560e+12 5.064645e+12 6.794296e+07 1.573170e+12 1.543929e+12 2.071209e+07 
500 1215900 1.350000e+00 2.527112e+03 7.198741e-01 2.744000e-05 5.350282e-08 4.879051e-08 7.223426e-13 6.015108e+12 5.661808e+12 7.976054e+07 1.833686e+12 1.725980e+12 2.431478e+07 
500 1215900 1.400000e+00 2.505459e+03 7.336806e-01 2.697000e-05 6.353759e-08 5.845289e-08 8.541642e-13 6.964757e+12 6.609959e+12 9.189401e+07 2.123197e+12 2.015032e+12 2.801379e+07 
500 1215900 1.450000e+00 2.482272e+03 7.450671e-01 2.650000e-05 7.459670e-08 6.943675e-08 1.000295e-12 7.985579e+12 7.639788e+12 1.050090e+08 2.434406e+12 2.328987e+12 3.201206e+07 
500 1215900 1.500000e+00 2.458790e+03 7.561821e-01 2.602000e-05 8.686753e-08 8.165927e-08 1.162450e-12 9.087323e+12 8.260272e+12 1.204410e+08 2.770287e+12 2.518152e+12 3.671669e+07 
500 1215900 1.550000e+00 2.434942e+03 7.636450e-01 2.555000e-05 1.004605e-07 9.548414e-08 1.341379e-12 1.027118e+13 9.621901e+12 1.363520e+08 3.131203e+12 2.933262e+12 4.156742e+07 
500 1215900 1.600000e+00 2.411533e+03 7.693895e-01 2.508000e-05 1.151503e-07 1.104415e-07 1.539467e-12 1.151887e+13 1.091281e+13 1.533416e+08 3.511581e+12 3.326815e+12 4.674697e+07 
500 1215900 1.650000e+00 2.388160e+03 7.725490e-01 2.508000e-05 1.309992e-07 1.280836e-07 1.757949e-12 1.283484e+13 1.231394e+13 1.714322e+08 3.912776e+12 3.753973e+12 5.226219e+07 
500 1215900 1.700000e+00 2.364571e+03 7.735739e-01 2.460000e-05 1.480579e-07 1.459328e-07 1.987641e-12 1.422147e+13 1.378505e+13 1.903874e+08 4.335518e+12 4.202466e+12 5.804105e+07 
500 1215900 1.750000e+00 2.342578e+03 7.724686e-01 2.792000e-05 1.660557e-07 1.493004e-07 2.307380e-12 1.564991e+13 1.544056e+13 2.114766e+08 4.771006e+12 4.707182e+12 6.447051e+07 
500 1215900 1.800000e+00 2.319335e+03 7.685068e-01 2.745000e-05 1.849152e-07 1.694401e-07 2.590286e-12 1.711921e+13 1.548149e+13 2.388052e+08 5.218953e+12 4.719669e+12 7.280212e+07 



700 101325 5.000000e-01 2.032617e+03 9.332029e-01 4.125000e-04 3.905624e-10 3.744190e-10 7.995457e-14 1.145448e+11 1.090976e+11 2.350027e+07 3.473830e+10 3.308410e+10 7.126710e+06 
700 101325 5.500000e-01 2.121469e+03 1.070697e+00 3.843700e-04 6.948365e-10 6.696673e-10 1.323584e-13 1.905517e+11 1.833094e+11 3.645442e+07 5.780597e+10 5.560585e+10 1.105849e+07 
700 101325 6.000000e-01 2.196388e+03 1.203669e+00 3.562500e-04 1.154770e-09 1.141313e-09 2.065186e-13 2.975656e+11 2.931743e+11 5.358150e+07 9.029386e+10 8.895765e+10 1.625819e+07 
700 101325 6.500000e-01 2.260704e+03 1.331205e+00 3.609400e-04 1.802853e-09 1.733020e-09 3.090835e-13 4.393091e+11 4.380752e+11 7.447727e+07 1.333338e+11 1.329575e+11 2.260368e+07 
700 101325 7.000000e-01 2.318231e+03 1.450222e+00 3.234400e-04 2.675032e-09 2.657055e-09 4.346580e-13 6.173395e+11 6.109932e+11 1.012105e+08 1.873999e+11 1.854708e+11 3.072298e+07 
700 101325 7.500000e-01 2.363181e+03 1.564712e+00 3.187500e-04 3.808443e-09 3.741491e-09 5.981868e-13 8.395459e+11 8.235182e+11 1.328678e+08 2.549017e+11 2.500246e+11 4.033962e+07 
700 101325 8.000000e-01 2.400953e+03 1.672948e+00 3.140600e-04 5.286328e-09 5.140290e-09 8.035009e-13 1.112598e+12 1.080583e+12 1.704802e+08 3.378571e+11 3.281188e+11 5.176697e+07 
700 101325 8.500000e-01 2.433970e+03 1.774520e+00 3.093700e-04 7.134494e-09 6.902173e-09 1.052684e-12 1.435659e+12 1.434631e+12 2.091459e+08 4.360209e+11 4.357057e+11 6.351724e+07 
700 101325 9.000000e-01 2.458212e+03 1.870388e+00 3.000000e-04 9.396401e-09 9.000348e-09 1.348133e-12 1.819725e+12 1.819724e+12 2.577781e+08 5.527301e+11 5.527299e+11 7.829646e+07 
700 101325 9.500000e-01 2.480767e+03 1.960814e+00 2.953100e-04 1.218135e-08 1.174633e-08 1.703393e-12 2.270361e+12 2.270361e+12 3.128654e+08 6.896837e+11 6.896837e+11 9.503912e+07 
700 101325 1.000000e+00 2.497745e+03 2.046310e+00 2.859400e-04 1.545050e-08 1.486474e-08 2.110405e-12 2.777958e+12 2.768238e+12 3.741553e+08 8.439654e+11 8.410184e+11 1.136689e+08 
700 101325 1.050000e+00 2.511218e+03 2.128274e+00 2.765600e-04 1.938062e-08 1.872869e-08 2.586694e-12 3.367072e+12 3.355133e+12 4.500185e+08 1.023027e+12 1.019392e+12 1.367283e+08 
700 101325 1.100000e+00 2.521570e+03 2.203213e+00 2.671900e-04 2.402289e-08 2.333640e-08 3.136270e-12 4.038697e+12 3.926135e+12 5.332272e+08 1.227199e+12 1.192954e+12 1.620229e+08 
700 101325 1.150000e+00 2.527761e+03 2.274001e+00 2.625000e-04 2.930387e-08 2.891696e-08 3.760745e-12 4.775522e+12 4.670700e+12 6.189844e+08 1.451212e+12 1.419308e+12 1.880955e+08 
700 101325 1.200000e+00 2.533909e+03 2.339362e+00 2.531200e-04 3.532367e-08 3.504309e-08 4.447625e-12 5.589963e+12 5.502948e+12 7.112001e+08 1.698818e+12 1.672338e+12 2.161340e+08 
700 101325 1.250000e+00 2.534528e+03 2.400587e+00 2.437500e-04 4.228022e-08 4.213415e-08 5.219902e-12 6.502704e+12 6.443858e+12 8.120549e+08 1.976351e+12 1.958426e+12 2.468009e+08 
700 101325 1.300000e+00 2.535690e+03 2.456815e+00 2.343700e-04 5.001807e-08 5.001763e-08 6.069813e-12 7.489134e+12 7.460708e+12 9.198560e+08 2.276282e+12 2.267627e+12 2.795821e+08 
700 101325 1.350000e+00 2.537215e+03 2.505527e+00 2.250000e-04 5.894124e-08 5.894124e-08 7.024354e-12 8.594155e+12 8.588036e+12 1.038070e+09 2.612323e+12 2.610446e+12 3.155314e+08 
700 101325 1.400000e+00 2.529952e+03 2.555877e+00 2.531200e-04 6.903356e-08 6.625051e-08 8.323582e-12 9.817214e+12 9.724236e+12 1.184632e+09 2.984247e+12 2.955924e+12 3.600991e+08 
700 101325 1.450000e+00 2.527617e+03 2.599094e+00 2.437500e-04 7.999535e-08 7.811666e-08 9.524076e-12 1.110853e+13 1.073128e+13 1.337130e+09 3.376942e+12 3.262152e+12 4.064748e+08 
700 101325 1.500000e+00 2.519612e+03 2.639790e+00 2.343700e-04 9.216023e-08 9.135510e-08 1.082523e-11 1.250746e+13 1.230043e+13 1.486506e+09 3.802387e+12 3.739373e+12 4.519064e+08 
700 101325 1.550000e+00 2.510606e+03 2.678598e+00 2.250000e-04 1.054431e-07 1.054120e-07 1.222727e-11 1.399356e+13 1.392479e+13 1.643726e+09 4.254356e+12 4.233422e+12 4.997261e+08 
700 101325 1.600000e+00 2.502426e+03 2.712124e+00 2.156200e-04 1.201028e-07 1.201028e-07 1.371327e-11 1.559310e+13 1.558559e+13 1.806709e+09 4.740910e+12 4.738596e+12 5.493013e+08 
700 101325 1.650000e+00 2.488701e+03 2.744235e+00 2.437500e-04 1.363625e-07 1.311708e-07 1.585191e-11 1.734032e+13 1.721845e+13 2.017790e+09 5.272344e+12 5.235188e+12 6.135000e+08 
700 101325 1.700000e+00 2.475188e+03 2.770479e+00 2.296900e-04 1.537726e-07 1.491525e-07 1.766944e-11 1.916997e+13 1.865365e+13 2.235161e+09 5.828862e+12 5.671690e+12 6.796157e+08 
700 101325 1.750000e+00 2.460652e+03 2.796955e+00 2.203100e-04 1.728730e-07 1.706847e-07 1.963943e-11 2.113933e+13 2.091219e+13 2.439338e+09 6.427897e+12 6.358710e+12 7.417254e+08 
700 101325 1.800000e+00 2.445246e+03 2.817111e+00 2.109400e-04 1.932359e-07 1.925877e-07 2.170097e-11 2.319687e+13 2.313429e+13 2.648781e+09 7.053766e+12 7.034693e+12 8.054400e+08 



700 303975 5.000000e-01 2.042078e+03 6.370358e-01 1.431900e-04 2.523257e-10 2.451205e-10 1.878083e-14 6.710473e+10 6.365019e+10 4.958758e+06 2.042330e+10 1.937147e+10 1.509181e+06 
700 303975 5.500000e-01 2.137343e+03 7.509246e-01 1.285100e-04 4.795634e-10 4.613672e-10 3.271714e-14 1.190913e+11 1.140311e+11 8.100635e+06 3.624919e+10 3.470829e+10 2.465664e+06 
700 303975 6.000000e-01 2.222949e+03 8.621261e-01 1.321800e-04 8.339506e-10 7.543494e-10 5.379901e-14 1.942775e+11 1.910496e+11 1.229065e+07 5.914019e+10 5.815667e+10 3.741366e+06 
700 303975 6.500000e-01 2.298797e+03 9.724699e-01 1.174900e-04 1.358847e-09 1.278400e-09 8.188779e-14 2.988340e+11 2.795191e+11 1.798762e+07 9.097550e+10 8.509309e+10 5.475999e+06 
700 303975 7.000000e-01 2.363743e+03 1.077214e+00 1.064800e-04 2.098700e-09 2.088398e-09 1.189691e-13 4.372493e+11 4.319790e+11 2.479651e+07 1.331229e+11 1.315172e+11 7.549385e+06 
700 303975 7.500000e-01 2.418394e+03 1.176118e+00 1.064800e-04 3.090794e-09 3.032526e-09 1.693358e-13 6.128720e+11 5.940080e+11 3.356857e+07 1.866036e+11 1.808575e+11 1.022069e+07 
700 303975 8.000000e-01 2.463848e+03 1.273400e+00 1.046400e-04 4.414616e-09 4.220513e-09 2.336597e-13 8.358549e+11 7.966745e+11 4.428364e+07 2.545107e+11 2.425758e+11 1.348388e+07 
700 303975 8.500000e-01 2.500997e+03 1.363859e+00 1.046400e-04 6.116270e-09 5.793950e-09 3.144529e-13 1.108520e+12 1.031782e+12 5.694957e+07 3.375511e+11 3.141767e+11 1.734136e+07 
700 303975 9.000000e-01 2.531003e+03 1.448352e+00 1.028000e-04 8.262793e-09 7.696892e-09 4.130701e-13 1.437510e+12 1.433401e+12 7.001676e+07 4.377500e+11 4.364975e+11 2.132138e+07 
700 303975 9.500000e-01 2.554847e+03 1.528576e+00 1.009700e-04 1.091001e-08 1.002405e-08 5.314586e-13 1.826367e+12 1.819850e+12 8.678535e+07 5.561877e+11 5.542000e+11 2.642878e+07 
700 303975 1.000000e+00 2.574024e+03 1.605917e+00 8.445000e-05 1.411712e-08 1.411677e-08 6.530541e-13 2.277716e+12 2.277716e+12 1.061671e+08 6.936612e+11 6.936612e+11 3.233231e+07 
700 303975 1.050000e+00 2.588629e+03 1.678064e+00 8.262000e-05 1.796252e-08 1.792285e-08 8.135537e-13 2.800068e+12 2.793559e+12 1.278345e+08 8.527704e+11 8.507857e+11 3.893223e+07 
700 303975 1.100000e+00 2.599003e+03 1.747699e+00 8.812000e-05 2.260601e-08 2.203236e-08 1.022773e-12 3.408894e+12 3.321170e+12 1.550632e+08 1.038220e+12 1.011491e+12 4.722615e+07 
700 303975 1.150000e+00 2.605520e+03 1.809622e+00 8.629000e-05 2.792485e-08 2.732032e-08 1.244250e-12 4.081396e+12 3.949525e+12 1.825058e+08 1.243079e+12 1.202894e+12 5.558565e+07 
700 303975 1.200000e+00 2.609113e+03 1.868769e+00 8.445000e-05 3.413829e-08 3.356898e-08 1.496857e-12 4.842446e+12 4.705054e+12 2.132322e+08 1.474909e+12 1.433043e+12 6.494567e+07 
700 303975 1.250000e+00 2.609905e+03 1.923063e+00 8.995000e-05 4.125923e-08 3.860799e-08 1.806970e-12 5.687949e+12 5.571824e+12 2.470780e+08 1.732473e+12 1.697084e+12 7.525619e+07 
700 303975 1.300000e+00 2.607393e+03 1.974431e+00 8.812000e-05 4.944950e-08 4.693184e-08 2.138520e-12 6.632722e+12 6.537779e+12 2.843056e+08 2.020282e+12 1.991347e+12 8.659715e+07 
700 303975 1.350000e+00 2.601644e+03 2.022281e+00 8.628000e-05 5.863588e-08 5.633224e-08 2.510370e-12 7.661325e+12 7.260055e+12 3.292520e+08 2.333636e+12 2.211373e+12 1.002895e+08 
700 303975 1.400000e+00 2.593572e+03 2.066614e+00 8.445000e-05 6.910139e-08 6.737471e-08 2.923906e-12 8.803758e+12 8.467555e+12 3.742919e+08 2.681673e+12 2.579229e+12 1.140108e+08 
700 303975 1.450000e+00 2.583226e+03 2.105990e+00 8.077000e-05 8.068987e-08 7.869752e-08 3.374602e-12 1.003494e+13 9.800378e+12 4.230570e+08 3.056753e+12 2.985272e+12 1.288672e+08 
700 303975 1.500000e+00 2.570676e+03 2.141317e+00 8.629000e-05 9.360831e-08 8.700084e-08 3.930247e-12 1.137402e+13 1.112377e+13 4.740958e+08 3.464714e+12 3.388448e+12 1.444167e+08 
700 303975 1.550000e+00 2.556550e+03 2.175219e+00 8.445000e-05 1.080076e-07 1.026856e-07 4.503877e-12 1.283112e+13 1.199314e+13 5.376570e+08 3.908635e+12 3.653302e+12 1.637809e+08 
700 303975 1.600000e+00 2.540656e+03 2.203604e+00 8.262000e-05 1.237684e-07 1.196817e-07 5.126055e-12 1.438899e+13 1.375305e+13 5.994034e+08 4.383263e+12 4.189476e+12 1.825929e+08 
700 303975 1.650000e+00 2.521804e+03 2.228217e+00 8.078000e-05 1.407547e-07 1.382396e-07 5.796350e-12 1.602579e+13 1.556357e+13 6.644669e+08 4.881946e+12 4.741083e+12 2.024158e+08 
700 303975 1.700000e+00 2.503744e+03 2.249235e+00 8.445000e-05 1.594801e-07 1.469670e-07 6.607870e-12 1.779650e+13 1.753731e+13 7.345924e+08 5.421435e+12 5.342423e+12 2.237812e+08 
700 303975 1.750000e+00 2.485185e+03 2.268572e+00 8.261000e-05 1.800018e-07 1.693343e-07 7.430546e-12 1.969855e+13 1.860297e+13 8.201620e+08 6.000944e+12 5.667094e+12 2.498516e+08 
700 303975 1.800000e+00 2.465699e+03 2.284461e+00 8.078000e-05 2.023195e-07 1.940241e-07 8.321868e-12 2.172743e+13 2.090941e+13 9.021034e+08 6.619099e+12 6.369807e+12 2.748174e+08 



700 607950 5.000000e-01 2.043586e+03 4.758514e-01 7.466000e-05 2.027168e-10 2.004307e-10 8.268161e-15 4.968910e+10 4.875759e+10 2.017063e+06 1.513701e+10 1.485318e+10 6.144667e+05 
700 607950 5.500000e-01 2.140050e+03 5.722655e-01 6.980000e-05 4.069753e-10 3.928031e-10 1.519314e-14 9.298475e+10 8.886549e+10 3.450283e+06 2.832795e+10 2.707276e+10 1.051131e+06 
700 607950 6.000000e-01 2.229048e+03 6.718706e-01 6.492000e-05 7.334091e-10 7.071881e-10 2.540408e-14 1.572953e+11 1.495801e+11 5.411174e+06 4.792244e+10 4.557153e+10 1.648596e+06 
700 607950 6.500000e-01 2.308819e+03 7.637940e-01 6.005000e-05 1.239380e-09 1.212889e-09 3.997773e-14 2.504037e+11 2.433336e+11 8.037386e+06 7.629259e+10 7.413792e+10 2.448812e+06 
700 607950 7.000000e-01 2.378627e+03 8.543107e-01 6.005000e-05 1.954490e-09 1.823318e-09 6.041639e-14 3.742814e+11 3.438842e+11 1.148081e+07 1.140395e+11 1.047766e+11 3.498072e+06 
700 607950 7.500000e-01 2.437849e+03 9.433174e-01 5.519000e-05 2.948191e-09 2.906430e-09 8.610861e-14 5.364674e+11 5.159974e+11 1.554623e+07 1.634611e+11 1.572226e+11 4.736913e+06 
700 607950 8.000000e-01 2.488051e+03 1.029651e+00 5.519000e-05 4.280085e-09 4.136273e-09 1.210047e-13 7.411285e+11 6.932089e+11 2.080840e+07 2.258280e+11 2.112240e+11 6.340471e+06 
700 607950 8.500000e-01 2.529372e+03 1.109684e+00 5.356000e-05 5.975580e-09 5.505340e-09 1.636560e-13 9.927660e+11 9.014315e+11 2.701517e+07 3.025114e+11 2.746770e+11 8.231929e+06 
700 607950 9.000000e-01 2.562789e+03 1.184846e+00 5.356000e-05 8.158881e-09 7.390379e-09 2.173391e-13 1.299359e+12 1.279155e+12 3.377170e+07 3.959440e+11 3.897858e+11 1.029099e+07 
700 607950 9.500000e-01 2.589510e+03 1.257237e+00 5.356000e-05 1.087313e-08 9.773261e-09 2.826119e-13 1.665123e+12 1.636093e+12 4.231051e+07 5.074109e+11 4.985625e+11 1.289323e+07 
700 607950 1.000000e+00 2.610389e+03 1.324956e+00 4.707000e-05 1.416495e-08 1.399985e-08 3.532124e-13 2.091883e+12 2.019094e+12 5.189814e+07 6.374694e+11 6.152842e+11 1.581516e+07 
700 607950 1.050000e+00 2.625784e+03 1.387594e+00 4.545000e-05 1.810277e-08 1.769279e-08 4.418714e-13 2.584698e+12 2.505527e+12 6.298960e+07 7.876615e+11 7.635302e+11 1.919544e+07 
700 607950 1.100000e+00 2.636359e+03 1.448369e+00 4.545000e-05 2.292175e-08 2.255080e-08 5.498970e-13 3.161208e+12 3.028326e+12 7.552057e+07 9.633638e+11 9.228608e+11 2.301450e+07 
700 607950 1.150000e+00 2.643045e+03 1.506558e+00 4.464000e-05 2.853858e-08 2.807824e-08 6.735735e-13 3.818498e+12 3.698064e+12 8.987002e+07 1.163686e+12 1.126977e+12 2.738783e+07 
700 607950 1.200000e+00 2.645371e+03 1.558163e+00 4.383000e-05 3.504181e-08 3.454555e-08 8.149126e-13 4.546636e+12 4.367311e+12 1.053377e+08 1.385604e+12 1.330946e+12 3.210202e+07 
700 607950 1.250000e+00 2.643978e+03 1.606428e+00 4.301000e-05 4.259701e-08 4.209460e-08 9.773358e-13 5.367722e+12 5.242575e+12 1.231491e+08 1.635856e+12 1.597706e+12 3.753061e+07 
700 607950 1.300000e+00 2.639083e+03 1.651777e+00 4.220000e-05 5.114120e-08 5.078676e-08 1.158978e-12 6.277254e+12 6.102753e+12 1.418939e+08 1.913065e+12 1.859872e+12 4.324373e+07 
700 607950 1.350000e+00 2.631158e+03 1.692370e+00 4.139000e-05 6.091118e-08 6.067213e-08 1.365396e-12 7.286719e+12 7.195231e+12 1.633896e+08 2.220735e+12 2.192844e+12 4.979534e+07 
700 607950 1.400000e+00 2.620233e+03 1.730000e+00 4.707000e-05 7.196042e-08 6.642656e-08 1.639097e-12 8.395566e+12 8.328854e+12 1.862982e+08 2.558699e+12 2.538359e+12 5.677766e+07 
700 607950 1.450000e+00 2.606002e+03 1.763332e+00 4.545000e-05 8.435430e-08 7.788023e-08 1.904221e-12 9.606977e+12 9.304992e+12 2.147409e+08 2.927925e+12 2.835872e+12 6.544668e+07 
700 607950 1.500000e+00 2.589102e+03 1.791479e+00 4.464000e-05 9.780508e-08 9.171643e-08 2.194511e-12 1.088606e+13 1.064668e+13 2.417480e+08 3.317782e+12 3.244810e+12 7.367829e+07 
700 607950 1.550000e+00 2.571714e+03 1.819014e+00 4.382000e-05 1.131645e-07 1.078271e-07 2.523515e-12 1.231366e+13 1.163365e+13 2.746904e+08 3.752909e+12 3.545631e+12 8.371896e+07 
700 607950 1.600000e+00 2.552380e+03 1.839914e+00 4.301000e-05 1.296643e-07 1.251128e-07 2.879569e-12 1.380921e+13 1.323362e+13 3.071069e+08 4.208752e+12 4.033295e+12 9.359946e+07 
700 607950 1.650000e+00 2.532880e+03 1.858994e+00 4.220000e-05 1.480120e-07 1.445799e-07 3.270761e-12 1.543806e+13 1.499810e+13 3.420442e+08 4.705223e+12 4.571109e+12 1.042484e+08 
700 607950 1.700000e+00 2.511868e+03 1.875770e+00 4.464000e-05 1.679823e-07 1.578935e-07 3.749828e-12 1.717077e+13 1.669681e+13 3.790992e+08 5.233359e+12 5.088875e+12 1.155428e+08 
700 607950 1.750000e+00 2.491585e+03 1.891641e+00 4.383000e-05 1.900584e-07 1.814429e-07 4.233050e-12 1.905155e+13 1.777206e+13 4.243133e+08 5.806626e+12 5.416614e+12 1.293242e+08 
700 607950 1.800000e+00 2.471162e+03 1.900682e+00 4.302000e-05 2.135241e-07 2.062659e-07 4.752915e-12 2.101189e+13 2.017959e+13 4.690178e+08 6.404152e+12 6.150439e+12 1.429504e+08 



700 911925 5.000000e-01 2.043561e+03 3.933490e-01 5.800000e-05 1.799046e-10 1.653482e-10 5.355478e-15 4.192085e+10 4.107483e+10 1.216171e+06 1.277469e+10 1.251685e+10 3.706082e+05 
700 911925 5.500000e-01 2.141094e+03 4.806554e-01 5.494000e-05 3.739706e-10 3.358014e-10 1.012074e-14 8.112845e+10 7.772736e+10 2.130479e+06 2.472345e+10 2.368689e+10 6.492521e+05 
700 911925 6.000000e-01 2.231570e+03 5.666433e-01 5.036000e-05 6.986722e-10 6.267766e-10 1.735013e-14 1.416537e+11 1.366937e+11 3.408714e+06 4.316955e+10 4.165782e+10 1.038820e+06 
700 911925 6.500000e-01 2.313118e+03 6.525946e-01 4.578000e-05 1.198680e-09 1.129207e-09 2.765252e-14 2.288864e+11 2.066985e+11 5.216465e+06 6.975604e+10 6.299357e+10 1.589783e+06 
700 911925 7.000000e-01 2.384785e+03 7.296368e-01 3.968000e-05 1.924765e-09 1.878920e-09 4.130949e-14 3.484929e+11 3.338669e+11 7.414229e+06 1.062102e+11 1.017522e+11 2.259634e+06 
700 911925 7.500000e-01 2.448107e+03 8.187416e-01 4.044000e-05 2.929495e-09 2.768324e-09 6.063410e-14 5.029400e+11 4.640758e+11 1.030863e+07 1.532843e+11 1.414386e+11 3.141830e+06 
700 911925 8.000000e-01 2.500923e+03 8.973591e-01 4.044000e-05 4.294988e-09 3.877073e-09 8.559886e-14 7.028366e+11 6.962385e+11 1.351886e+07 2.142122e+11 2.122009e+11 4.120316e+06 
700 911925 8.500000e-01 2.544516e+03 9.717877e-01 3.433000e-05 6.079352e-09 5.999921e-09 1.141594e-13 9.520219e+11 9.287020e+11 1.777243e+07 2.901646e+11 2.830561e+11 5.416822e+06 
700 911925 9.000000e-01 2.579909e+03 1.040580e+00 3.433000e-05 8.351170e-09 8.176533e-09 1.530426e-13 1.255506e+12 1.209502e+12 2.283154e+07 3.826692e+11 3.686458e+11 6.958888e+06 
700 911925 9.500000e-01 2.607947e+03 1.106052e+00 3.433000e-05 1.120328e-08 1.088474e-08 2.004350e-13 1.618930e+12 1.544964e+12 2.873892e+07 4.934448e+11 4.708981e+11 8.759537e+06 
700 911925 1.000000e+00 2.629746e+03 1.167759e+00 3.357000e-05 1.469924e-08 1.405169e-08 2.569668e-13 2.046734e+12 1.908464e+12 3.549615e+07 6.238463e+11 5.816984e+11 1.081926e+07 
700 911925 1.050000e+00 2.645757e+03 1.225725e+00 3.357000e-05 1.890891e-08 1.809364e-08 3.247704e-13 2.542667e+12 2.373529e+12 4.332331e+07 7.750165e+11 7.234586e+11 1.320514e+07 
700 911925 1.100000e+00 2.656371e+03 1.280605e+00 3.281000e-05 2.393524e-08 2.264214e-08 4.030284e-13 3.113822e+12 3.065909e+12 5.131320e+07 9.491180e+11 9.345106e+11 1.564067e+07 
700 911925 1.150000e+00 2.662446e+03 1.332953e+00 3.281000e-05 2.987245e-08 2.847067e-08 4.955384e-13 3.762395e+12 3.722713e+12 6.114736e+07 1.146818e+12 1.134721e+12 1.863839e+07 
700 911925 1.200000e+00 2.663172e+03 1.379258e+00 3.204000e-05 3.671540e-08 3.485819e-08 6.008288e-13 4.489904e+12 4.155580e+12 7.299067e+07 1.368584e+12 1.266671e+12 2.224857e+07 
700 911925 1.250000e+00 2.660417e+03 1.424514e+00 3.128000e-05 4.463974e-08 4.224030e-08 7.216629e-13 5.302285e+12 4.903371e+12 8.523740e+07 1.616222e+12 1.494620e+12 2.598176e+07 
700 911925 1.300000e+00 2.653653e+03 1.463871e+00 3.128000e-05 5.373129e-08 5.170577e-08 8.607266e-13 6.213164e+12 5.865955e+12 9.899769e+07 1.893889e+12 1.788045e+12 3.017637e+07 
700 911925 1.350000e+00 2.643342e+03 1.499559e+00 3.052000e-05 6.400146e-08 6.181909e-08 1.015196e-12 7.208671e+12 6.818388e+12 1.138485e+08 2.197354e+12 2.078379e+12 3.470344e+07 
700 911925 1.400000e+00 2.630426e+03 1.533783e+00 2.976000e-05 7.558918e-08 7.324198e-08 1.188494e-12 8.305489e+12 7.909439e+12 1.301038e+08 2.531707e+12 2.410971e+12 3.965867e+07 
700 911925 1.450000e+00 2.614292e+03 1.562105e+00 2.899000e-05 8.865943e-08 8.631863e-08 1.381170e-12 9.510063e+12 9.246702e+12 1.481975e+08 2.898907e+12 2.818619e+12 4.517436e+07 
700 911925 1.500000e+00 2.596703e+03 1.588347e+00 3.205000e-05 1.031825e-07 9.571164e-08 1.626930e-12 1.081422e+13 1.055684e+13 1.675414e+08 3.296466e+12 3.218002e+12 5.107117e+07 
700 911925 1.550000e+00 2.577651e+03 1.610855e+00 3.129000e-05 1.190674e-07 1.113451e-07 1.869800e-12 1.220732e+13 1.200711e+13 1.881709e+08 3.721146e+12 3.660104e+12 5.735996e+07 
700 911925 1.600000e+00 2.558094e+03 1.631894e+00 3.053000e-05 1.368794e-07 1.290173e-07 2.138001e-12 1.373587e+13 1.263106e+13 2.137924e+08 4.187112e+12 3.850314e+12 6.517047e+07 
700 911925 1.650000e+00 2.537482e+03 1.647025e+00 3.053000e-05 1.560027e-07 1.507430e-07 2.436624e-12 1.534056e+13 1.453773e+13 2.389958e+08 4.676295e+12 4.431550e+12 7.285361e+07 
700 911925 1.700000e+00 2.515959e+03 1.659643e+00 2.976000e-05 1.763817e-07 1.714335e-07 2.752477e-12 1.700653e+13 1.628791e+13 2.649829e+08 5.184158e+12 4.965085e+12 8.077572e+07 
700 911925 1.750000e+00 2.494798e+03 1.668218e+00 3.205000e-05 1.990064e-07 1.798934e-07 3.145745e-12 1.882827e+13 1.810774e+13 2.928291e+08 5.739516e+12 5.519856e+12 8.926458e+07 
700 911925 1.800000e+00 2.473327e+03 1.672806e+00 3.205000e-05 2.233397e-07 2.086608e-07 3.540816e-12 2.074835e+13 2.033901e+13 3.234180e+08 6.324851e+12 6.200056e+12 9.858961e+07 



700 1215900 5.000000e-01 2.043888e+03 3.386994e-01 4.548000e-05 1.625911e-10 1.543746e-10 3.840661e-15 3.644509e+10 3.350603e+10 8.519895e+05 1.110788e+10 1.021207e+10 2.596729e+05 
700 1215900 5.500000e-01 2.142206e+03 4.209854e-01 4.181000e-05 3.491037e-10 3.229902e-10 7.424375e-15 7.269610e+10 6.564961e+10 1.530451e+06 2.215721e+10 2.000943e+10 4.664700e+05 
700 1215900 6.000000e-01 2.233630e+03 5.031635e-01 3.742000e-05 6.678984e-10 6.291014e-10 1.295027e-14 1.300717e+11 1.199368e+11 2.496887e+06 3.964577e+10 3.655655e+10 7.610503e+05 
700 1215900 6.500000e-01 2.316584e+03 5.818927e-01 3.302000e-05 1.176342e-09 1.160069e-09 2.092569e-14 2.154712e+11 2.075326e+11 3.793481e+06 6.567684e+10 6.325698e+10 1.156276e+06 
700 1215900 7.000000e-01 2.390437e+03 6.608320e-01 3.302000e-05 1.917776e-09 1.777206e-09 3.253513e-14 3.321151e+11 3.227896e+11 5.498706e+06 1.012324e+11 9.838972e+10 1.676069e+06 
700 1215900 7.500000e-01 2.455021e+03 7.366996e-01 2.788000e-05 2.960172e-09 2.953490e-09 4.644006e-14 4.868147e+11 4.816320e+11 7.595703e+06 1.483891e+11 1.468091e+11 2.315296e+06 
700 1215900 8.000000e-01 2.509870e+03 8.097072e-01 2.788000e-05 4.379472e-09 4.288890e-09 6.654425e-14 6.861131e+11 6.607191e+11 1.034207e+07 2.091416e+11 2.014004e+11 3.152481e+06 
700 1215900 8.500000e-01 2.555126e+03 8.778363e-01 2.788000e-05 6.241681e-09 5.971717e-09 9.218999e-14 9.348053e+11 8.737847e+11 1.367308e+07 2.849516e+11 2.663503e+11 4.167898e+06 
700 1215900 9.000000e-01 2.592251e+03 9.436267e-01 2.788000e-05 8.646005e-09 8.066789e-09 1.239529e-13 1.241298e+12 1.217597e+12 1.731843e+07 3.783827e+11 3.711576e+11 5.279155e+06 
700 1215900 9.500000e-01 2.621557e+03 1.003762e+00 2.788000e-05 1.162131e-08 1.065260e-08 1.626341e-13 1.604193e+12 1.560897e+12 2.188287e+07 4.890086e+11 4.758097e+11 6.670598e+06 
700 1215900 1.000000e+00 2.644186e+03 1.061867e+00 2.494000e-05 1.527753e-08 1.503714e-08 2.058598e-13 2.032105e+12 1.968433e+12 2.717909e+07 6.194556e+11 6.000451e+11 8.285136e+06 
700 1215900 1.050000e+00 2.660725e+03 1.117807e+00 2.494000e-05 1.967272e-08 1.934716e-08 2.605679e-13 2.526644e+12 2.402492e+12 3.309452e+07 7.702152e+11 7.323673e+11 1.008845e+07 
700 1215900 1.100000e+00 2.671477e+03 1.172025e+00 2.421000e-05 2.503561e-08 2.425571e-08 3.246901e-13 3.108582e+12 2.964979e+12 4.002045e+07 9.476194e+11 9.038414e+11 1.219984e+07 
700 1215900 1.150000e+00 2.676968e+03 1.218979e+00 2.421000e-05 3.126110e-08 3.042402e-08 3.998067e-13 3.760203e+12 3.609886e+12 4.776053e+07 1.146269e+12 1.100443e+12 1.455944e+07 
700 1215900 1.200000e+00 2.676882e+03 1.260446e+00 2.384000e-05 3.841381e-08 3.741189e-08 4.853019e-13 4.482263e+12 4.252884e+12 5.618955e+07 1.366393e+12 1.296464e+12 1.712908e+07 
700 1215900 1.250000e+00 2.673006e+03 1.301720e+00 2.347000e-05 4.661026e-08 4.565583e-08 5.833364e-13 5.292322e+12 5.093078e+12 6.579585e+07 1.613344e+12 1.552603e+12 2.005764e+07 
700 1215900 1.300000e+00 2.664736e+03 1.337585e+00 2.311000e-05 5.621248e-08 5.506213e-08 6.944181e-13 6.206862e+12 5.947651e+12 7.614646e+07 1.892151e+12 1.813127e+12 2.321313e+07 
700 1215900 1.350000e+00 2.653175e+03 1.370813e+00 2.274000e-05 6.678318e-08 6.567253e-08 8.176137e-13 7.172064e+12 7.000146e+12 8.761484e+07 2.186405e+12 2.133990e+12 2.670940e+07 
700 1215900 1.400000e+00 2.638480e+03 1.401562e+00 2.531000e-05 7.888953e-08 7.190190e-08 9.774492e-13 8.283918e+12 8.060781e+12 1.000560e+08 2.525365e+12 2.457337e+12 3.050226e+07 
700 1215900 1.450000e+00 2.621542e+03 1.427119e+00 2.495000e-05 9.236076e-08 8.550549e-08 1.138636e-12 9.470452e+12 9.351054e+12 1.138787e+08 2.887097e+12 2.850694e+12 3.471632e+07 
700 1215900 1.500000e+00 2.602386e+03 1.449325e+00 2.458000e-05 1.073139e-07 1.005982e-07 1.317035e-12 1.075614e+13 1.062788e+13 1.284058e+08 3.279057e+12 3.239953e+12 3.914513e+07 
700 1215900 1.550000e+00 2.581282e+03 1.467495e+00 2.421000e-05 1.234567e-07 1.171827e-07 1.511799e-12 1.210700e+13 1.112316e+13 1.471476e+08 3.690890e+12 3.390951e+12 4.485886e+07 
700 1215900 1.600000e+00 2.560350e+03 1.484379e+00 2.385000e-05 1.411999e-07 1.356984e-07 1.725832e-12 1.356139e+13 1.264878e+13 1.646744e+08 4.134288e+12 3.856062e+12 5.020221e+07 
700 1215900 1.650000e+00 2.539686e+03 1.497907e+00 2.348000e-05 1.609415e-07 1.565839e-07 1.964015e-12 1.514275e+13 1.434468e+13 1.838342e+08 4.616394e+12 4.373085e+12 5.604342e+07 
700 1215900 1.700000e+00 2.518079e+03 1.507260e+00 2.275000e-05 1.820283e-07 1.769032e-07 2.215156e-12 1.679795e+13 1.614984e+13 2.039542e+08 5.121013e+12 4.923423e+12 6.217742e+07 
700 1215900 1.750000e+00 2.496616e+03 1.512643e+00 2.568000e-05 2.048775e-07 1.859519e-07 2.546865e-12 1.855234e+13 1.800998e+13 2.255488e+08 5.655876e+12 5.490523e+12 6.876098e+07 
700 1215900 1.800000e+00 2.475473e+03 1.516711e+00 2.531000e-05 2.291333e-07 2.116142e-07 2.857516e-12 2.037910e+13 2.001225e+13 2.481598e+08 6.212804e+12 6.100958e+12 7.565443e+07 



