412
277
475
201
335
267
364
112
138
155
392
293
313
346
378
359
447
209
601
200
146
306
111
437
304
917
337
115
37
58
437
145
168
486
304
399
3
275
93
232
496
249
656
437
606
661
333
294
158
315
205
226
151
60
218
490
328
159
125
510
236
240
132
292
152
220
260
339
388
222
215
299
186
111
125
182
103
494
312
219
424
159
553
127
118
101
242
388
143
203
99
342
170
64
285
221
340
207
148
301
226
306
160
253
163
607
104
183
368
172
173
455
360
452
281
171
327
245
598
329
233
237
53
400
122
230
319
146
85
170
159
129
243
102
139
171
70
165
294
193
297
158
221
186
163
166
290
244
308
76
238
189
498
247
463
121
750
277
80
463
265
107
346
220
923
259
772
242
291
485
134
133
450
113
271
363
522
121
293
177
386
168
354
180
490
508
311
182
468
798
253
86
351
266
310
389
30
242
516
165
331
78
398
416
118
384
438
326
12
211
181
247
113
399
226
93
257
60
255
504
450
545
429
579
367
253
459
338
523
642
352
386
922
401
100
143
456
116
607
543
240
166
476
369
423
49
246
161
498
521
125
234
458
242
397
668
334
99
159
250
307
128
207
311
172
261
129
274
282
245
205
560
467
604
163
480
300
215
122
124
195
225
487
258
374
51
114
248
99
221
205
18
289
37
246
385
460
140
221
417
