273
499
481
575
365
338
276
389
416
266
300
401
365
440
385
257
248
386
203
229
324
362
310
355
375
39
272
683
482
258
7
380
485
246
568
278
302
434
17
398
711
103
290
328
320
434
358
215
477
367
362
349
592
265
408
306
462
356
435
255
200
317
404
359
732
15
661
412
553
62
536
333
238
414
747
297
150
418
320
437
448
310
230
320
224
387
361
514
416
249
398
351
395
494
280
293
558
405
326
286
361
323
199
379
551
289
268
338
323
285
298
504
448
332
307
378
447
404
312
543
402
140
425
446
208
483
230
428
451
379
378
469
323
256
513
458
239
336
298
250
496
259
466
728
324
324
396
403
342
444
245
111
241
435
226
311
295
439
22
419
457
422
300
265
410
397
399
279
349
235
169
397
310
425
498
455
523
287
19
381
266
220
315
369
479
669
459
264
33
260
159
411
209
291
440
589
278
255
485
611
561
321
336
253
166
579
436
418
285
360
313
339
404
351
349
310
506
253
204
349
226
300
247
276
253
225
263
643
213
483
260
346
246
471
429
291
268
273
249
403
308
321
282
548
220
368
321
445
343
218
366
446
383
276
448
504
706
353
411
413
272
239
233
19
283
496
593
25
180
326
413
282
458
466
337
510
289
378
436
367
310
317
268
374
427
420
237
294
460
323
454
322
273
307
397
305
381
372
315
393
