# p = 1 atm, T = 300 K, U₀ = 30 m/s, non-reacting, no cone
# SI units (mm, m/s)
# Axial scan
# X  Y  Z  uc  vc  wc  uz  ur1  ur2  uz'  ur1'  ur2'
15.00   0.00    0.00    326 42  22  2.87    0.59    5.78    3.27    3.75    8.39
16.00   0.00    0.00    3177    204 272 2.59    0.59    0.49    2.82    2.32    2.75
17.00   0.00    0.00    1197    57  30  2.47    2.82    9.06    2.85    5.98    8.91
18.00   0.00    0.00    4709    255 36  2.52    0.85    4.94    2.87    1.67    8.08
19.00   0.00    0.00    4824    40  136 2.29    0.25    0.04    3.03    1.58    1.86
20.00   0.00    0.00    4696    82  222 1.49    0.13    -0.29   2.88    1.97    2.73
21.00   0.00    0.00    4792    135 73  0.86    0.45    -0.63   2.85    1.84    2.11
22.00   0.00    0.00    4246    573 181 1.26    0.69    -0.40   2.98    2.13    2.02
23.00   0.00    0.00    4505    199 296 1.07    0.46    -0.79   3.14    2.03    2.24
24.00   0.00    0.00    4502    130 368 0.44    0.25    -1.18   3.02    1.74    2.27
25.00   0.00    0.00    4665    118 217 -0.36   0.39    -0.78   2.80    1.67    2.68
26.00   0.00    0.00    4269    700 31  -0.28   0.34    0.53    2.99    1.78    5.67
27.00   0.00    0.00    4539    214 247 -1.30   0.29    -1.90   2.91    1.73    2.10
28.00   0.00    0.00    4577    216 207 -0.69   0.21    -1.80   3.20    2.14    2.66
29.00   0.00    0.00    4233    282 485 -1.85   0.04    -0.88   2.97    1.63    2.59
30.00   0.00    0.00    4657    142 201 -1.55   -0.14   -2.32   2.95    2.79    1.99
31.00   0.00    0.00    4606    212 182 -2.10   -0.31   -2.32   2.82    1.81    2.24
32.00   0.00    0.00    4321    491 188 -2.12   -0.06   -2.37   2.83    1.77    2.40
33.00   0.00    0.00    4442    383 175 -2.48   -0.58   -1.74   2.85    1.82    3.69
34.00   0.00    0.00    4620    175 205 -2.37   -0.41   -2.35   2.61    2.83    1.82
35.00   0.00    0.00    4262    334 404 -2.84   -0.70   -0.10   2.27    1.67    2.49
36.00   0.00    0.00    4316    442 242 -3.09   -0.94   -1.69   2.19    1.78    1.76
37.00   0.00    0.00    4449    432 119 -2.70   -0.86   -2.09   2.50    1.80    2.49
38.00   0.00    0.00    4399    442 159 -2.87   -0.90   -1.65   2.14    1.62    1.44
39.00   0.00    0.00    4623    308 69  -3.12   -1.17   -0.82   1.97    1.93    2.23
40.00   0.00    0.00    4718    212 70  -3.25   -0.74   -1.77   2.04    2.87    1.58
41.00   0.00    0.00    4595    326 79  -3.47   -0.93   -1.55   1.78    1.61    1.23
42.00   0.00    0.00    4551    141 308 -3.37   -1.35   -1.30   1.88    1.72    1.64
43.00   0.00    0.00    4027    791 182 -3.51   -0.98   1.61    1.78    1.52    7.31
44.00   0.00    0.00    4437    490 73  -3.62   -0.94   -1.40   1.71    1.61    1.44
45.00   0.00    0.00    4405    519 76  -3.40   -1.17   -1.39   1.87    1.82    1.50
46.00   0.00    0.00    4484    402 114 -3.56   -0.74   -0.82   1.81    1.96    1.40
47.00   0.00    0.00    4290    602 108 -3.57   -1.00   -0.95   1.81    1.62    1.69
48.00   0.00    0.00    4419    395 186 -3.72   -1.19   -0.98   1.76    1.59    1.57
49.00   0.00    0.00    3325    1317    358 -3.62   -0.98   -0.93   1.80    1.54    2.11
50.00   0.00    0.00    4523    339 138 -3.72   -0.96   -1.04   1.75    1.56    1.55
51.00   0.00    0.00    4574    323 103 -3.85   -0.99   -0.73   1.79    1.84    2.87
52.00   0.00    0.00    4801    54  145 -3.93   -1.16   -0.99   1.71    1.47    1.57
53.00   0.00    0.00    4769    149 82  -4.06   -1.12   -0.70   1.85    1.55    1.76
54.00   0.00    0.00    4807    43  150 -4.00   -0.67   -0.76   1.75    1.51    1.55
55.00   0.00    0.00    4583    105 312 -3.98   -1.28   -0.74   1.78    1.49    1.67
56.00   0.00    0.00    4670    48  282 -4.00   -1.36   -0.60   1.80    1.89    1.56
57.00   0.00    0.00    4605    38  357 -4.09   -0.72   -0.60   1.76    1.68    1.70
58.00   0.00    0.00    4636    39  325 -4.14   -0.92   -0.72   1.79    1.87    1.73
59.00   0.00    0.00    4633    27  340 -4.20   -1.08   -0.66   1.76    1.52    1.62
60.00   0.00    0.00    4642    73  285 -4.07   -1.26   -0.63   1.90    2.05    1.66
61.00   0.00    0.00    4559    89  352 -4.13   -1.02   -0.50   1.78    1.82    1.65
62.00   0.00    0.00    4534    111 355 -4.12   -0.86   -0.29   1.84    1.72    1.71
63.00   0.00    0.00    4720    45  235 -4.26   -0.99   -0.33   1.72    1.49    1.66
64.00   0.00    0.00    4687    1   312 -4.25   ?   -0.46   1.83    ?   1.61
65.00   0.00    0.00    4775    0   225 -4.48   ?   -0.11   1.80    ?   1.92
66.00   0.00    0.00    4779    0   221 -4.18   ?   -0.54   1.79    ?   2.11
67.00   0.00    0.00    4568    6   426 -4.20   ?   -0.27   1.81    ?   1.83
68.00   0.00    0.00    4784    21  195 -4.33   -0.80   1.14    1.80    1.90    5.63
69.00   0.00    0.00    4780    48  172 -4.42   -0.33   0.97    1.72    1.81    5.03
70.00   0.00    0.00    4708    44  248 -4.30   -0.63   -0.44   1.81    1.91    2.05
71.00   0.00    0.00    4553    161 286 -4.51   -0.86   -0.24   1.72    2.09    2.05
72.00   0.00    0.00    4534    166 300 -4.41   -0.83   -0.45   1.74    1.90    1.96
73.00   0.00    0.00    4508    208 284 -4.31   -0.67   -0.30   1.66    1.84    2.27
74.00   0.00    0.00    4607    112 281 -4.37   -0.57   -0.59   1.81    1.75    1.92
75.00   0.00    0.00    4735    82  183 -4.52   -0.82   -0.33   1.73    1.99    1.94


# 15 mm Y traverse
# X  Y  Z  uc  vc  wc  uz  uθ  ur  uz'  uθ'  ur'
15.00   51.00   0.00    1185    0   4   -0.61   ?   ?   2.24    ?   ?
15.00   49.00   0.00    491 0   142 -1.92   -0.08   ?   3.08    2.10    ?
15.00   47.00   0.00    291 0   276 -1.01   -0.18   ?   3.03    0.66    ?
15.00   45.00   0.00    234 0   6   0.59    ?   ?   3.05    ?   ?
15.00   43.00   0.00    130 0   2   0.56    ?   ?   3.07    ?   ?
15.00   41.00   0.00    30  0   4   1.62    ?   ?   2.43    ?   ?
15.00   39.00   0.00    9   0   11  ?   -3.43   ?   ?   2.45    ?
15.00   37.00   0.00    12  0   16  2.16    -3.99   ?   2.23    1.97    ?
15.00   35.00   0.00    21  0   33  2.84    -3.84   ?   1.79    2.49    ?
15.00   33.00   0.00    2   0   13  ?   -4.20   ?   ?   2.46    ?
15.00   33.00   0.00    2   0   13  ?   -4.20   ?   ?   2.46    ?
15.00   30.00   0.00    128 0   1   3.83    ?   ?   2.07    ?   ?
15.00   29.00   0.00    102 0   0   3.25    ?   ?   1.91    ?   ?
15.00   28.00   0.00    2958    0   33  3.47    -5.15   ?   1.80    1.93    ?
15.00   27.00   0.00    2644    0   43  3.42    -5.58   ?   1.80    2.60    ?
15.00   26.00   0.00    1940    0   41  3.50    -6.02   ?   1.93    2.56    ?
15.00   25.00   0.00    1512    0   55  3.80    -6.56   ?   2.16    2.89    ?
15.00   24.00   0.00    1044    8   87  4.62    -6.39   ?   2.65    3.50    ?
15.00   23.00   0.00    580 5   139 6.22    -8.34   ?   3.79    3.57    ?
15.00   22.00   0.00    480 66  186 9.41    -9.58   2.55    5.12    4.31    4.12
15.00   21.00   0.00    673 100 297 12.77   -11.61  3.51    5.58    3.75    4.40
15.00   20.00   0.00    1250    334 321 17.15   -12.12  4.40    5.62    3.64    4.42
15.00   19.00   0.00    2171    355 325 20.76   -13.05  4.63    4.92    2.76    3.47
15.00   18.00   0.00    2789    383 198 23.36   -12.42  4.20    4.11    3.82    2.94
15.00   17.00   0.00    2419    267 156 24.39   -10.82  4.34    3.75    3.12    3.11
15.00   16.00   0.00    1855    175 140 22.51   -6.04   4.36    4.79    5.38    2.60
15.00   15.00   0.00    2149    272 148 18.44   -3.44   4.37    5.55    4.94    1.91
15.00   14.00   0.00    2242    261 164 14.24   -1.65   3.90    5.70    3.14    1.83
15.00   13.00   0.00    2741    298 163 10.99   -0.71   2.94    5.27    2.74    1.93
15.00   12.00   0.00    3570    329 207 7.78    0.10    2.32    4.84    2.39    1.81
15.00   11.00   0.00    4092    99  217 5.23    0.94    2.09    4.23    2.72    2.12
15.00   10.00   0.00    4023    223 203 3.09    0.70    1.52    3.65    2.34    1.97
15.00   9.00    0.00    3399    97  177 2.52    5.57    1.10    3.26    7.97    2.14
15.00   8.00    0.00    3275    77  197 2.23    0.69    1.24    3.07    1.99    2.32
15.00   7.00    0.00    2503    122 178 2.17    3.30    1.87    3.19    6.64    1.90
15.00   6.00    0.00    2294    131 166 2.18    1.03    1.22    3.03    3.70    1.96
15.00   5.00    0.00    1870    49  185 2.66    0.63    0.78    2.96    2.32    1.99
15.00   4.00    0.00    1971    100 176 2.54    1.66    1.36    2.81    4.79    1.82
15.00   3.00    0.00    2205    50  64  2.43    1.07    1.12    2.98    3.22    1.46
15.00   2.00    0.00    2550    113 74  2.44    1.34    1.32    2.94    4.18    1.84
15.00   1.00    0.00    2228    92  175 2.40    5.65    1.03    2.79    8.05    1.72
15.00   0.00    0.00    2355    61  200 2.29    -0.29   -0.95   2.78    2.44    1.51
15.00   -1.00   0.00    3473    5   151 1.93    -0.02   ?   2.84    2.19    ?
15.00   -2.00   0.00    2703    27  163 1.76    -0.30   0.06    2.84    1.73    1.49
15.00   -3.00   0.00    2648    49  174 1.46    -0.52   -0.60   2.80    2.41    1.57
15.00   -4.00   0.00    1837    18  179 1.39    -0.21   0.76    2.77    2.16    1.39
15.00   -5.00   0.00    1604    71  184 0.81    -0.04   0.12    2.75    1.72    1.33
15.00   -6.00   0.00    1783    35  151 0.66    -2.62   0.57    2.77    6.86    1.67
15.00   -7.00   0.00    1875    22  170 0.26    -4.27   0.17    2.76    7.92    1.27
15.00   -8.00   0.00    2107    11  182 -0.13   -3.62   0.52    2.83    6.89    1.81
15.00   -9.00   0.00    2242    17  215 -0.27   -0.91   -0.20   2.84    4.00    2.21
15.00   -10.00  0.00    2792    13  229 -0.38   -0.31   0.84    3.02    2.01    2.01
15.00   -11.00  0.00    3055    24  239 0.27    -0.46   1.26    3.41    2.35    1.86
15.00   -12.00  0.00    4005    44  248 1.31    -0.69   1.41    4.18    2.57    1.99
15.00   -13.00  0.00    4364    60  274 3.27    -0.54   2.03    5.20    3.12    2.10
15.00   -14.00  0.00    4627    13  360 5.52    -0.65   2.28    5.94    3.68    1.48
15.00   -15.00  0.00    4653    22  325 8.19    -2.14   4.41    6.58    4.03    3.26
15.00   -16.00  0.00    4166    11  264 11.89   -4.05   4.52    7.23    4.86    2.06
15.00   -17.00  0.00    4738    3   259 15.57   -7.95   ?   7.89    5.97    ?
15.00   -18.00  0.00    4620    15  365 20.49   -11.30  7.81    7.88    4.71    3.65
15.00   -19.00  0.00    4610    4   386 24.57   -12.32  ?   6.75    3.52    ?
15.00   -20.00  0.00    4682    3   315 25.54   -12.17  ?   5.69    3.75    ?
15.00   -21.00  0.00    4765    0   235 23.77   -10.86  ?   5.94    4.28    ?
15.00   -22.00  0.00    4798    0   202 20.59   -9.45   ?   6.37    4.62    ?
15.00   -23.00  0.00    4756    0   244 15.50   -8.03   ?   6.46    5.31    ?
15.00   -24.00  0.00    4478    0   269 11.27   -7.02   ?   5.41    4.74    ?
15.00   -25.00  0.00    2926    0   220 8.31    -6.59   ?   3.92    4.25    ?
15.00   -26.00  0.00    3471    0   221 6.64    -6.53   ?   3.00    3.57    ?
15.00   -27.00  0.00    3217    0   139 5.97    -5.77   ?   2.60    3.68    ?
15.00   -28.00  0.00    3246    0   105 5.62    -6.02   ?   2.33    3.12    ?
15.00   -29.00  0.00    2725    0   139 5.41    -5.56   ?   2.37    2.95    ?
15.00   -30.00  0.00    2231    0   119 5.42    -5.48   ?   2.28    2.65    ?
15.00   -31.00  0.00    2378    0   109 5.39    -5.67   ?   2.23    2.76    ?
15.00   -33.00  0.00    1962    0   99  5.44    -5.39   ?   2.18    2.14    ?
15.00   -35.00  0.00    2010    0   80  5.37    -4.92   ?   2.19    2.31    ?
15.00   -37.00  0.00    20  0   4980    5.82    0.04    ?   1.68    0.30    ?
15.00   -39.00  0.00    946 0   101 4.54    -5.29   ?   2.71    2.68    ?
15.00   -41.00  0.00    928 0   102 ?   ?   ?   ?   ?    ?
15.00   -43.00  0.00    877 0   82  2.28    -4.92   ?   3.69    3.27    ?
15.00   -45.00  0.00    985 0   80  0.68    -5.20   ?   2.46    3.48    ?
15.00   -47.00  0.00    1866    0   48  -0.08   -6.01   ?   1.96    3.92    ?
15.00   -49.00  0.00    730 0   81  -1.92   -8.77   ?   5.47    6.39    ?
15.00   -51.00  0.00    4959    0   41  -0.08   -2.67   ?   1.81    4.01    ?


# 15 mm Z traverse
# X  Y  Z  uc  vc  wc  uz  uθ  ur  uz'  uθ'  ur'
15.00   0.00    -51.00  0   185 0   ?   -1.60   ?   ?   2.09    ?
15.00   0.00    -49.00  0   172 0   ?   -2.44   ?   ?   2.56    ?
15.00   0.00    -47.00  0   142 0   ?   -2.69   ?   ?   2.91    ?
15.00   0.00    -45.00  0   155 0   ?   -3.28   ?   ?   2.95    ?
15.00   0.00    -43.00  0   142 0   ?   -3.91   ?   ?   3.35    ?
15.00   0.00    -41.00  0   121 0   ?   -4.49   ?   ?   2.47    ?
15.00   0.00    -39.00  0   113 0   ?   -4.05   ?   ?   2.70    ?
15.00   0.00    -37.00  0   125 0   ?   -4.14   ?   ?   2.68    ?
15.00   0.00    -35.00  0   123 0   ?   -4.53   ?   ?   2.73    ?
15.00   0.00    -33.00  0   169 0   ?   -4.80   ?   ?   2.39    ?
15.00   0.00    -31.00  710 142 0   1.99    -5.94   ?   2.63    2.23    ?
15.00   0.00    -30.00  599 134 0   1.68    -5.14   ?   2.70    2.83    ?
15.00   0.00    -29.00  1072    163 0   1.69    -5.93   ?   2.96    2.37    ?
15.00   0.00    -28.00  1180    177 0   1.59    -6.13   ?   2.94    2.60    ?
15.00   0.00    -27.00  1108    156 0   1.82    -6.35   ?   3.12    2.36    ?
15.00   0.00    -26.00  1868    184 0   2.55    -6.49   ?   3.23    2.90    ?
15.00   0.00    -25.00  2725    250 0   3.94    -7.06   ?   4.21    3.29    ?
15.00   0.00    -24.00  2678    295 0   6.09    -7.87   ?   4.93    3.69    ?
15.00   0.00    -23.00  4662    336 2   9.62    -8.29   ?   5.91    3.64    ?
15.00   0.00    -22.00  4684    256 60  13.74   -8.83   8.54    6.34    4.05    6.53
15.00   0.00    -21.00  4506    445 49  18.06   -9.48   11.04   6.00    3.90    5.75
15.00   0.00    -20.00  4483    415 102 21.10   -10.50  9.81    5.53    3.70    3.93
15.00   0.00    -19.00  4393    479 128 22.79   -11.43  10.30   5.72    3.56    4.18
15.00   0.00    -18.00  3805    984 211 21.43   -11.73  8.72    6.81    3.53    3.70
15.00   0.00    -17.00  2881    800 164 18.02   -11.30  7.28    8.05    4.02    3.10
15.00   0.00    -16.00  2796    524 76  13.97   -9.48   6.56    7.82    4.88    2.86
15.00   0.00    -15.00  4494    416 90  10.35   -6.92   5.07    7.03    4.85    2.14
15.00   0.00    -14.00  4485    406 109 7.39    -4.05   4.51    6.34    4.57    2.59
15.00   0.00    -13.00  4455    419 126 4.64    -2.69   3.21    5.49    4.09    2.10
15.00   0.00    -12.00  3949    403 218 2.82    -1.53   2.04    4.86    3.32    2.27
15.00   0.00    -11.00  3863    355 221 1.25    -0.79   1.19    4.08    3.13    1.99
15.00   0.00    -10.00  2910    334 183 0.16    -0.35   0.89    3.40    2.34    1.79
15.00   0.00    -9.00   263 257 142 -0.01   0.18    0.89    2.93    2.00    1.53
15.00   0.00    -8.00   1823    200 101 -0.89   0.29    0.70    2.75    1.75    1.62
15.00   0.00    -7.00   1875    235 132 -0.92   0.36    0.38    2.63    1.59    1.67
15.00   0.00    -6.00   2558    190 221 -1.15   0.72    0.50    2.55    1.65    1.64
15.00   0.00    -5.00   2049    167 177 -0.84   0.93    0.22    2.46    1.42    1.56
15.00   0.00    -4.00   2354    226 168 -0.30   0.84    0.32    2.55    1.57    1.73
15.00   0.00    -3.00   2162    96  238 0.18    0.71    0.21    2.70    1.45    1.77
15.00   0.00    -2.00   2324    130 292 0.82    0.94    0.12    2.73    1.73    1.71
15.00   0.00    -1.00   2750    114 280 1.37    1.26    0.05    2.86    2.40    1.78
15.00   0.00    0.00    3013    165 318 2.19    0.61    -0.22   2.90    1.94    1.82
15.00   0.00    1.00    103 145 264 3.27    -0.59   0.92    2.33    1.91    3.96
15.00   0.00    2.00    2510    165 329 3.46    -0.78   0.72    3.02    1.83    1.82
15.00   0.00    3.00    3153    203 452 4.27    -0.53   0.90    2.99    2.03    1.77
15.00   0.00    4.00    3294    141 254 5.31    -3.07   1.22    2.98    6.22    1.84
15.00   0.00    5.00    2610    192 512 6.09    -1.37   1.47    3.05    4.41    1.72
15.00   0.00    6.00    4440    170 390 6.70    -0.45   1.93    2.94    2.08    1.83
15.00   0.00    7.00    4301    297 402 7.49    -0.63   2.20    2.93    1.96    1.80
15.00   0.00    8.00    4283    317 400 8.09    -0.43   2.30    2.89    1.91    1.75
15.00   0.00    9.00    4190    392 418 8.57    -0.32   2.63    2.86    1.87    1.76
15.00   0.00    10.00   4390    320 290 8.93    -0.59   2.60    2.89    1.87    2.00
15.00   0.00    11.00   4407    344 249 9.43    -0.62   3.09    2.87    1.91    2.03
15.00   0.00    12.00   4449    359 192 9.42    -0.94   3.48    3.08    2.00    2.16
15.00   0.00    13.00   3962    674 364 10.03   -1.45   3.42    3.47    2.38    2.01
15.00   0.00    14.00   4336    437 227 10.85   -2.22   4.07    4.00    2.70    1.98
15.00   0.00    15.00   4007    624 369 12.45   -3.05   4.28    4.76    3.05    2.36
15.00   0.00    16.00   4338    469 193 14.89   -4.45   4.83    5.65    3.72    2.56
15.00   0.00    17.00   4334    446 220 17.65   -6.60   5.62    6.10    4.36    2.52
15.00   0.00    18.00   4460    423 117 20.91   -9.59   6.20    6.24    4.75    2.84
15.00   0.00    19.00   4403    482 115 23.96   -12.27  6.88    5.79    4.51    3.63
15.00   0.00    20.00   4117    707 176 25.23   -14.46  7.39    4.88    3.21    4.19
15.00   0.00    21.00   3547    1250    203 23.93   -14.91  7.88    5.07    3.09    4.33
15.00   0.00    22.00   3345    1447    208 21.00   -14.67  8.35    5.51    3.19    5.41
15.00   0.00    23.00   2532    2248    220 16.58   -13.51  8.09    5.68    3.75    5.93
15.00   0.00    24.00   3011    1866    123 12.28   -12.21  6.51    5.23    4.38    6.31
15.00   0.00    25.00   3077    1824    99  9.09    -10.27  3.64    4.28    4.69    5.92
15.00   0.00    26.00   3709    1213    78  6.85    -8.64   2.89    3.15    4.32    5.95
15.00   0.00    27.00   3717    1283    0   5.80    -7.90   ?   2.66    3.93    ?
15.00   0.00    28.00   3364    1624    0   5.41    -7.72   ?   2.38    3.37    ?
15.00   0.00    29.00   2555    1364    0   5.14    -7.21   ?   2.35    2.93    ?
15.00   0.00    30.00   3106    1502    0   5.11    -6.81   ?   2.26    2.68    ?
15.00   0.00    31.00   2140    1080    0   5.04    -6.82   ?   2.25    2.50    ?
15.00   0.00    33.00   1402    991 0   4.83    -6.84   ?   2.26    2.50    ?
15.00   0.00    35.00   528 1042    0   4.42    -6.07   ?   2.57    2.67    ?
15.00   0.00    37.00   0   614 0   ?   -5.99   ?   ?   2.63    ?
15.00   0.00    39.00   0   968 0   ?   -6.38   ?   ?   2.78    ?
15.00   0.00    41.00   0   742 0   ?   -6.04   ?   ?   2.71    ?
15.00   0.00    43.00   0   501 0   ?   -6.11   ?   ?   2.79    ?
15.00   0.00    45.00   0   627 0   ?   -5.97   ?   ?   3.19    ?
15.00   0.00    47.00   0   603 0   ?   -5.48   ?   ?   3.05    ?
15.00   0.00    49.00   0   489 0   ?   -4.46   ?   ?   3.41    ?
15.00   0.00    51.00   0   5000    0   ?   0.03    ?   ?   0.30    ?


# 35 mm Y traverse
# X  Y  Z  uc  vc  wc  uz  uθ  ur  uz'  uθ'  ur'
35.00   51.00   0.00    135 0   9   -4.86   ?   ?   6.18    ?   ?
35.00   49.00   0.00    170 0   11  -1.55   -2.67   ?   3.95    1.64    ?
35.00   47.00   0.00    296 0   12  0.43    -3.79   ?   3.26    2.55    ?
35.00   45.00   0.00    342 0   17  1.59    -1.35   ?   3.04    3.41    ?
35.00   43.00   0.00    219 0   11  3.11    -3.38   ?   2.93    1.89    ?
35.00   41.00   0.00    271 0   7   3.94    ?   ?   2.71    ?   ?
35.00   39.00   0.00    312 0   11  5.00    -3.37   ?   2.74    3.89    ?
35.00   37.00   0.00    282 0   11  6.39    -3.88   ?   3.20    2.23    ?
35.00   35.00   0.00    373 0   25  7.64    -5.50   ?   3.63    4.30    ?
35.00   33.00   0.00    491 0   37  9.92    -5.90   ?   4.45    4.29    ?
35.00   31.00   0.00    965 0   43  13.01   -7.30   ?   4.94    3.24    ?
35.00   30.00   0.00    1215    0   69  14.60   -7.37   ?   5.09    3.85    ?
35.00   29.00   0.00    1384    0   82  16.11   -7.32   ?   4.94    3.76    ?
35.00   28.00   0.00    1603    0   127 16.95   -7.15   ?   5.03    3.49    ?
35.00   27.00   0.00    1470    0   106 17.57   -6.62   ?   5.25    3.42    ?
35.00   26.00   0.00    1604    0   121 17.82   -6.54   ?   5.72    4.03    ?
35.00   25.00   0.00    1636    0   96  17.54   -6.25   ?   6.09    3.66    ?
35.00   24.00   0.00    1573    0   91  16.47   -4.11   ?   6.72    4.07    ?
35.00   23.00   0.00    1956    0   101 15.23   -4.23   ?   7.06    3.91    ?
35.00   22.00   0.00    1435    0   71  13.05   -3.59   ?   7.45    4.28    ?
35.00   21.00   0.00    1405    0   80  11.38   -2.20   ?   7.33    3.59    ?
35.00   20.00   0.00    1383    0   74  8.50    -1.95   ?   7.14    3.22    ?
35.00   19.00   0.00    1168    1   47  6.77    -2.93   ?   6.30    3.03    ?
35.00   18.00   0.00    1078    3   40  5.04    -1.47   ?   5.82    5.15    ?
35.00   17.00   0.00    920 0   47  3.43    -1.90   ?   5.24    3.75    ?
35.00   16.00   0.00    832 0   49  1.91    -1.28   ?   4.28    5.42    ?
35.00   15.00   0.00    826 0   43  1.57    -2.56   ?   4.27    3.54    ?
35.00   14.00   0.00    814 0   47  0.90    2.18    ?   4.14    9.53    ?
35.00   13.00   0.00    731 3   45  0.92    0.65    ?   3.78    8.73    ?
35.00   12.00   0.00    676 0   55  0.02    4.04    ?   3.55    8.91    ?
35.00   11.00   0.00    643 0   72  -0.50   8.20    ?   3.64    10.21   ?
35.00   10.00   0.00    461 0   56  0.03    8.81    ?   3.54    10.53   ?
35.00   9.00    0.00    398 0   36  -0.36   12.53   ?   3.49    9.01    ?
35.00   8.00    0.00    443 0   28  -0.74   3.25    ?   3.32    8.81    ?
35.00   7.00    0.00    526 0   28  -1.08   2.71    ?   3.21    8.87    ?
35.00   6.00    0.00    287 1   21  -1.53   5.15    ?   3.04    10.04   ?
35.00   5.00    0.00    272 9   36  -1.60   6.85    ?   2.89    10.27   ?
35.00   4.00    0.00    194 5   30  -2.11   9.94    ?   2.82    9.48    ?
35.00   3.00    0.00    147 9   22  -1.58   2.18    ?   3.10    8.50    ?
35.00   2.00    0.00    140 9   38  -2.13   12.63   ?   2.61    8.27    ?
35.00   1.00    0.00    133 14  41  -3.15   6.17    -1.10   1.98    9.27    1.53
35.00   0.00    0.00    109 6   20  -2.91   0.09    ?   2.15    5.68    ?
35.00   -1.00   0.00    149 0   17  -3.16   2.35    ?   2.13    1.51    ?
35.00   -2.00   0.00    178 2   11  -3.35   1.10    ?   2.01    1.18    ?
35.00   -3.00   0.00    212 0   20  -3.36   1.24    ?   1.92    4.33    ?
35.00   -4.00   0.00    268 7   16  -3.25   0.69    ?   1.97    1.68    ?
35.00   -5.00   0.00    258 3   12  -3.55   1.14    ?   1.68    1.53    ?
35.00   -6.00   0.00    334 7   14  -3.75   0.25    ?   1.55    0.88    ?
35.00   -7.00   0.00    296 0   33  -3.72   0.08    ?   1.75    0.99    ?
35.00   -8.00   0.00    256 0   35  -3.88   -0.55   ?   1.62    1.33    ?
35.00   -9.00   0.00    228 0   26  -4.15   -7.39   ?   1.41    8.42    ?
35.00   -10.00  0.00    224 0   9   -3.95   ?   ?   1.78    ?   ?
35.00   -11.00  0.00    199 1   11  -4.04   -0.52   ?   1.65    1.25    ?
35.00   -12.00  0.00    138 0   6   -3.94   ?   ?   1.75    ?   ?
35.00   -13.00  0.00    102 0   15  -4.28   -6.63   ?   1.50    7.70    ?
35.00   -14.00  0.00    143 0   0   -4.22   ?   ?   2.04    ?   ?
35.00   -15.00  0.00    62  0   1   -3.58   ?   ?   2.33    ?   ?
35.00   -16.00  0.00    81  0   8   -3.91   ?   ?   2.76    ?   ?
35.00   -17.00  0.00    106 0   0   -3.02   ?   ?   4.05    ?   ?
35.00   -18.00  0.00    486 0   121 -3.45   -1.55   ?   3.37    2.99    ?
35.00   -19.00  0.00    704 0   112 -2.56   -1.12   ?   4.44    2.79    ?
35.00   -20.00  0.00    787 0   99  -0.97   -2.00   ?   5.49    3.56    ?
35.00   -21.00  0.00    912 0   100 0.96    -1.46   ?   7.27    4.37    ?
35.00   -22.00  0.00    1651    0   183 1.75    -2.56   ?   7.81    4.33    ?
35.00   -23.00  0.00    1269    0   152 3.90    -2.57   ?   8.80    4.15    ?
35.00   -24.00  0.00    1429    0   151 5.48    -2.02   ?   8.75    4.52    ?
35.00   -25.00  0.00    1952    0   207 7.33    -3.32   ?   9.37    5.53    ?
35.00   -26.00  0.00    977 0   108 9.50    -3.32   ?   9.52    4.81    ?
35.00   -27.00  0.00    1104    0   133 11.47   -3.37   ?   9.10    4.62    ?
35.00   -28.00  0.00    1306    0   137 12.41   -4.20   ?   8.57    4.45    ?
35.00   -29.00  0.00    1319    0   130 13.06   -4.23   ?   8.47    5.24    ?
35.00   -30.00  0.00    1658    0   196 13.27   -3.93   ?   8.07    5.14    ?
35.00   -31.00  0.00    1937    0   250 13.81   -5.22   ?   7.44    4.33    ?
35.00   -33.00  0.00    1522    0   162 13.39   -4.05   ?   6.84    4.62    ?
35.00   -35.00  0.00    1992    0   108 12.71   -3.82   ?   6.22    4.20    ?
35.00   -37.00  0.00    1336    0   91  11.49   -4.42   ?   5.60    3.76    ?
35.00   -39.00  0.00    982 0   104 10.06   -4.31   ?   5.37    4.66    ?
35.00   -41.00  0.00    1292    0   82  8.50    -3.72   ?   4.68    3.87    ?
35.00   -43.00  0.00    1182    0   114 6.84    -3.57   ?   4.63    3.32    ?
35.00   -45.00  0.00    982 0   108 4.98    -2.69   ?   4.26    3.28    ?
35.00   -47.00  0.00    692 0   87  2.94    -4.54   ?   4.29    3.32    ?
35.00   -49.00  0.00    691 0   121 -1.49   -6.68   ?   7.79    6.79    ?
35.00   -51.00  0.00    14  0   4986    -3.50   0.05    ?   5.92    0.33    ?


# 35 mm Z traverse
# X  Y  Z  uc  vc  wc  uz  uθ  ur  uz'  uθ'  ur'
35.00   0.00    -47.00  0   12  0   ?   -1.66   ?   ?   3.62    ?
35.00   0.00    -45.00  0   4   0   ?   ?   ?   ?   ?   ?
35.00   0.00    -43.00  0   2   0   ?   ?   ?   ?   ?   ?
35.00   0.00    -41.00  0   68  0   ?   -4.57   ?   ?   3.67    ?
35.00   0.00    -39.00  0   32  0   ?   -4.73   ?   ?   3.38    ?
35.00   0.00    -37.00  0   57  0   ?   -5.25   ?   ?   3.17    ?
35.00   0.00    -35.00  0   73  0   ?   -5.50   ?   ?   3.16    ?
35.00   0.00    -33.00  75  91  0   10.41   -5.64   ?   4.56    3.23    ?
35.00   0.00    -31.00  110 151 0   12.18   -5.27   ?   5.22    3.38    ?
35.00   0.00    -30.00  499 183 0   13.25   -5.18   ?   5.56    3.23    ?
35.00   0.00    -29.00  848 206 0   13.08   -5.33   ?   5.85    3.49    ?
35.00   0.00    -28.00  612 158 0   13.72   -5.79   ?   6.37    4.10    ?
35.00   0.00    -27.00  332 147 0   13.64   -5.65   ?   6.62    4.22    ?
35.00   0.00    -26.00  1386    129 0   12.97   -5.85   ?   6.96    4.42    ?
35.00   0.00    -25.00  2678    119 0   12.12   -5.43   ?   7.54    3.76    ?
35.00   0.00    -24.00  2334    83  0   10.95   -4.94   ?   7.91    4.21    ?
35.00   0.00    -23.00  2160    64  6   10.14   -4.35   ?   8.17    4.57    ?
35.00   0.00    -22.00  1907    61  37  8.70    -5.42   5.38    8.36    4.33    3.68
35.00   0.00    -21.00  1737    34  32  6.95    -4.96   2.72    8.20    4.62    3.44
35.00   0.00    -20.00  10  1   0   ?   ?   ?   ?   ?   ?
35.00   0.00    -19.00  646 40  10  5.13    -3.89   ?   7.60    3.33    ?
35.00   0.00    -18.00  899 43  17  2.49    -3.31   2.32    6.87    4.08    3.15
35.00   0.00    -17.00  815 38  9   1.18    -2.35   ?   6.22    3.08    ?
35.00   0.00    -16.00  557 30  6   -0.39   -3.09   ?   5.79    3.30    ?
35.00   0.00    -15.00  636 16  27  -1.71   -2.10   1.17    4.21    1.90    1.79
35.00   0.00    -14.00  593 24  14  -2.50   -2.27   1.01    3.70    2.21    1.30
35.00   0.00    -13.00  556 15  12  -2.97   -1.11   1.67    3.06    2.04    1.41
35.00   0.00    -12.00  497 15  15  -3.58   -1.89   1.52    2.21    2.12    1.42
35.00   0.00    -11.00  589 11  22  -3.49   -1.73   0.96    2.18    0.98    1.23
35.00   0.00    -10.00  648 20  28  -3.70   -1.63   1.45    2.08    1.24    1.84
35.00   0.00    -9.00   645 17  41  -3.52   -1.65   1.75    1.84    1.25    1.17
35.00   0.00    -8.00   496 12  44  -3.50   -1.56   1.83    1.99    1.13    1.23
35.00   0.00    -7.00   489 9   44  -3.21   ?   2.02    1.91    ?   1.61
35.00   0.00    -6.00   454 15  29  -3.39   -0.54   1.63    1.87    1.58    1.46
35.00   0.00    -5.00   364 19  32  -3.46   -2.05   1.80    1.64    1.57    1.51
35.00   0.00    -4.00   394 7   37  -3.36   ?   1.83    1.79    ?   1.65
35.00   0.00    -3.00   410 17  49  -2.90   -0.68   1.65    2.15    0.76    1.96
35.00   0.00    -2.00   330 15  58  -2.81   -0.92   2.10    2.00    1.42    1.69
35.00   0.00    -1.00   340 27  70  -2.70   -1.01   2.24    2.16    1.35    1.66
35.00   0.00    0.00    262 10  24  -2.79   ?   -6.16   2.15    ?   10.19
35.00   0.00    1.00    294 11  21  -2.61   0.97    8.49    1.89    1.33    9.58
35.00   0.00    2.00    161 13  29  -2.52   0.02    -1.89   2.22    1.50    1.45
35.00   0.00    3.00    111 10  27  -2.43   ?   -0.89   2.23    ?   1.07
35.00   0.00    4.00    75  6   22  -2.75   ?   -1.42   2.44    ?   1.60
35.00   0.00    5.00    174 17  40  -2.20   0.20    -1.52   2.47    1.52    1.65
35.00   0.00    6.00    198 16  30  -2.18   1.22    -1.77   2.58    1.39    1.84
35.00   0.00    7.00    236 16  38  -2.10   0.50    -1.85   2.75    1.51    1.68
35.00   0.00    8.00    270 20  32  -2.33   0.62    -1.34   2.73    1.21    1.26
35.00   0.00    9.00    288 17  50  -1.93   0.44    -1.05   3.12    2.77    1.15
35.00   0.00    10.00   262 31  61  -1.88   0.55    -0.92   3.32    1.93    1.59
35.00   0.00    11.00   222 12  39  -2.36   0.61    -0.67   2.68    1.30    2.05
35.00   0.00    12.00   198 16  28  -1.46   0.98    -0.14   3.25    1.90    1.18
35.00   0.00    13.00   280 8   41  -1.95   ?   -0.60   3.14    ?   1.03
35.00   0.00    14.00   318 32  33  -1.79   -10.83  -0.18   3.35    8.03    1.89
35.00   0.00    15.00   268 22  39  -1.29   0.79    -0.42   3.88    1.91    1.52
35.00   0.00    16.00   399 32  42  -1.71   -0.67   0.17    3.47    1.54    1.56
35.00   0.00    17.00   311 23  32  -1.22   0.10    0.28    3.85    2.06    2.03
35.00   0.00    18.00   269 29  30  -1.12   -0.25   -0.26   4.50    2.37    2.41
35.00   0.00    19.00   356 29  41  0.18    -1.36   0.79    4.85    2.70    2.47
35.00   0.00    20.00   285 23  28  0.89    -1.01   0.86    5.45    1.97    2.41
35.00   0.00    21.00   178 14  39  2.87    0.01    1.76    6.35    2.53    2.28
35.00   0.00    22.00   145 24  34  4.05    -0.66   1.95    7.27    2.77    2.81
35.00   0.00    23.00   183 13  43  4.61    0.53    1.29    7.53    2.78    3.02
35.00   0.00    24.00   264 14  24  6.61    -0.80   3.01    7.47    2.44    3.65
35.00   0.00    25.00   346 14  28  6.81    -1.36   3.21    8.35    3.71    3.81
35.00   0.00    26.00   282 15  24  7.93    -3.00   6.23    7.92    3.42    2.57
35.00   0.00    27.00   302 12  0   10.11   -2.10   ?   7.57    3.43    ?
35.00   0.00    28.00   287 13  0   10.82   -5.53   ?   7.87    4.44    ?
35.00   0.00    29.00   310 31  0   10.62   -3.11   ?   7.54    3.41    ?
35.00   0.00    30.00   364 46  0   10.99   -4.17   ?   7.35    4.06    ?
35.00   0.00    31.00   186 44  0   12.16   -4.76   ?   6.94    4.59    ?
35.00   0.00    33.00   218 32  0   11.56   -6.17   ?   6.62    4.56    ?
35.00   0.00    35.00   190 39  0   11.83   -5.54   ?   5.64    4.56    ?
35.00   0.00    37.00   0   39  0   ?   -5.02   ?   ?   3.45    ?
35.00   0.00    39.00   0   52  0   ?   -5.46   ?   ?   3.75    ?
35.00   0.00    41.00   0   52  0   ?   -3.53   ?   ?   3.60    ?
35.00   0.00    43.00   0   55  0   ?   -4.33   ?   ?   3.70    ?
35.00   0.00    45.00   0   60  0   ?   -4.45   ?   ?   3.31    ?
35.00   0.00    47.00   0   58  0   ?   -4.86   ?   ?   2.87    ?
35.00   0.00    49.00   0   59  0   ?   -3.60   ?   ?   3.98    ?
35.00   0.00    51.00   0   119 0   ?   -3.55   ?   ?   3.53    ?


# 75 mm Y traverse
# X  Y  Z  uc  vc  wc  uz  uθ  ur  uz'  uθ'  ur'
75.00   51.00   0.00    4149    0   851 2.17    -0.74   ?   3.86    1.62    ?
75.00   49.00   0.00    4045    0   955 2.44    -0.80   ?   3.72    1.70    ?
75.00   47.00   0.00    4502    0   498 3.38    -2.39   ?   3.79    2.58    ?
75.00   45.00   0.00    4550    0   450 4.10    -2.44   ?   4.09    2.43    ?
75.00   43.00   0.00    4598    0   402 2.72    -2.86   ?   3.88    2.70    ?
75.00   41.00   0.00    4621    0   379 1.80    -3.01   ?   3.96    2.83    ?
75.00   39.00   0.00    4570    0   430 0.78    -2.57   ?   4.01    2.70    ?
75.00   37.00   0.00    4588    0   412 -0.03   -3.04   ?   3.50    2.28    ?
75.00   35.00   0.00    4529    0   471 -0.55   -2.98   ?   3.49    2.44    ?
75.00   33.00   0.00    4466    0   534 -1.26   -2.83   ?   3.16    2.38    ?
75.00   31.00   0.00    4481    0   519 -1.61   -2.97   ?   2.93    2.30    ?
75.00   30.00   0.00    4516    0   484 -1.78   -3.14   ?   2.66    2.07    ?
75.00   29.00   0.00    4515    0   485 -2.13   -3.30   ?   2.52    2.23    ?
75.00   28.00   0.00    4481    0   519 -2.26   -3.29   ?   2.51    2.05    ?
75.00   27.00   0.00    4459    0   541 -2.48   -3.36   ?   2.31    2.12    ?
75.00   26.00   0.00    4415    0   585 -2.69   -2.99   ?   2.38    1.96    ?
75.00   25.00   0.00    4458    0   542 -2.68   -3.28   ?   2.28    1.86    ?
75.00   24.00   0.00    4366    55  579 -2.85   -3.21   0.11    2.20    1.98    2.41
75.00   23.00   0.00    1972    12  3016    -3.06   -0.36   -0.81   1.97    0.89    2.20
75.00   22.00   0.00    3385    48  1567    -3.04   -0.96   0.27    1.96    1.32    2.40
75.00   21.00   0.00    3047    21  1932    -3.07   -0.81   -0.20   1.96    1.25    2.00
75.00   20.00   0.00    4293    52  655 -3.09   -2.62   -0.91   2.05    1.95    2.00
75.00   19.00   0.00    4377    66  557 -3.20   -3.10   -0.74   1.96    1.85    2.24
75.00   18.00   0.00    4457    69  474 -3.34   -3.21   -0.86   1.82    1.85    1.97
75.00   17.00   0.00    4531    75  394 -3.25   -3.21   -0.74   1.87    1.89    1.78
75.00   16.00   0.00    4589    51  360 -3.31   -3.62   -0.70   1.84    1.85    2.30
75.00   15.00   0.00    4620    66  314 -3.38   -3.19   -1.12   1.91    1.80    2.02
75.00   14.00   0.00    4611    50  339 -3.39   -3.09   -1.10   1.99    1.80    2.32
75.00   13.00   0.00    4546    74  380 -3.44   -2.78   -1.07   1.90    2.00    2.19
75.00   12.00   0.00    4540    85  375 -3.45   -2.84   -1.01   1.91    1.87    2.09
75.00   11.00   0.00    4568    60  372 -3.32   -2.47   -0.95   1.96    1.92    2.06
75.00   10.00   0.00    4713    92  195 -3.73   -2.23   -1.25   1.82    1.93    2.08
75.00   9.00    0.00    4569    69  362 -3.51   -2.42   -1.35   1.83    1.95    1.96
75.00   8.00    0.00    4531    78  391 -3.51   -2.03   -0.47   1.84    1.97    2.30
75.00   7.00    0.00    4526    76  398 -3.40   -1.97   -1.28   1.92    2.07    1.97
75.00   6.00    0.00    4482    90  428 -3.59   -1.91   -1.09   1.88    2.36    2.21
75.00   5.00    0.00    4518    97  385 -3.37   -1.18   -1.20   1.97    2.21    2.46
75.00   4.00    0.00    4516    67  417 -3.37   -1.23   -1.11   1.96    2.32    2.14
75.00   3.00    0.00    4468    103 429 -3.43   -0.71   -1.38   1.97    2.10    1.94
75.00   2.00    0.00    4556    98  346 -3.47   -0.63   -1.33   2.05    2.13    1.88
75.00   1.00    0.00    4859    89  52  -3.68   -0.15   -1.55   1.95    2.19    2.23
75.00   0.00    0.00    4630    158 212 -3.60   -0.12   1.40    1.95    2.13    2.24
75.00   -1.00   0.00    4605    98  297 -3.57   -0.53   0.86    1.97    2.14    2.07
75.00   -2.00   0.00    4524    81  395 -3.40   -0.50   1.42    2.01    2.22    2.01
75.00   -3.00   0.00    4518    76  406 -3.51   -1.03   0.91    1.92    2.33    2.05
75.00   -4.00   0.00    4493    63  444 -3.47   -1.30   1.16    1.95    2.11    2.34
75.00   -5.00   0.00    4541    72  387 -3.76   -1.73   0.91    1.92    2.28    2.42
75.00   -6.00   0.00    4556    97  347 -3.59   -1.88   1.41    1.97    2.24    2.29
75.00   -7.00   0.00    4523    91  386 -3.51   -2.09   1.13    1.96    2.08    2.19
75.00   -8.00   0.00    4613    118 269 -3.64   -2.65   1.20    1.89    1.94    2.43
75.00   -9.00   0.00    4601    113 286 -3.59   -2.35   0.90    1.75    2.24    1.96
75.00   -10.00  0.00    4558    81  361 -3.53   -2.93   1.77    1.90    2.10    2.15
75.00   -11.00  0.00    4549    84  367 -3.68   -2.77   1.41    1.78    2.00    2.47
75.00   -12.00  0.00    4534    84  382 -3.67   -2.91   0.80    1.83    1.82    2.32
75.00   -13.00  0.00    4547    85  368 -3.68   -3.10   1.32    1.76    1.86    2.17
75.00   -14.00  0.00    4545    74  381 -3.68   -3.44   0.88    1.78    1.89    2.18
75.00   -15.00  0.00    4569    91  340 -3.63   -3.55   0.52    1.79    1.84    2.22
75.00   -16.00  0.00    4482    104 414 -3.58   -3.39   0.73    1.72    1.90    2.21
75.00   -17.00  0.00    4520    90  390 -3.59   -3.65   0.55    1.77    1.86    2.04
75.00   -18.00  0.00    4510    83  407 -3.65   -3.65   0.79    1.75    1.76    2.25
75.00   -19.00  0.00    4503    107 390 -3.48   -3.65   0.51    1.75    1.72    2.32
75.00   -20.00  0.00    4582    83  335 -3.44   -3.59   0.22    1.80    1.83    2.26
75.00   -21.00  0.00    4570    55  375 -3.28   -3.63   0.68    1.80    1.86    1.77
75.00   -22.00  0.00    4583    41  376 -3.32   -3.60   -0.08   1.85    1.75    2.46
75.00   -23.00  0.00    4585    33  382 -3.33   -3.73   0.30    1.87    1.91    3.22
75.00   -24.00  0.00    4645    25  330 -3.07   -3.91   0.43    1.91    2.01    2.42
75.00   -25.00  0.00    4589    10  401 -3.16   -3.41   ?   1.95    2.07    ?
75.00   -26.00  0.00    4618    0   382 -2.95   -3.65   ?   1.96    1.95    ?
75.00   -27.00  0.00    4623    0   377 -2.80   -3.67   ?   2.00    2.04    ?
75.00   -28.00  0.00    4655    0   345 -2.60   -3.89   ?   2.06    2.00    ?
75.00   -29.00  0.00    4650    0   350 -2.44   -3.40   ?   2.20    2.30    ?
75.00   -30.00  0.00    4647    0   353 -2.32   -3.48   ?   2.24    2.18    ?
75.00   -31.00  0.00    4678    0   322 -2.12   -3.39   ?   2.38    2.23    ?
75.00   -33.00  0.00    4660    0   340 -1.54   -2.88   ?   2.51    2.53    ?
75.00   -35.00  0.00    4673    0   327 -0.98   -2.78   ?   2.67    2.76    ?
75.00   -37.00  0.00    4687    0   313 -0.11   -2.69   ?   2.90    3.05    ?
75.00   -39.00  0.00    4706    0   294 0.35    -2.59   ?   2.81    2.80    ?
75.00   -41.00  0.00    4613    0   387 1.35    -2.38   ?   3.01    3.01    ?
75.00   -43.00  0.00    4975    0   25  0.27    -3.39   ?   1.05    2.73    ?
75.00   -45.00  0.00    4998    0   2   0.02    ?   ?   0.26    ?   ?
75.00   -47.00  0.00    4982    0   18  0.17    -2.79   ?   0.92    2.75    ?
75.00   -49.00  0.00    4981    0   19  0.12    -0.76   ?   0.79    2.44    ?
75.00   -51.00  0.00    26  0   4974    7.90    0.02    ?   3.19    0.23    ?


# 75 mm Z traverse
# X  Y  Z  uc  vc  wc  uz  uθ  ur  uz'  uθ'  ur'
75.00   0.00    -51.00  0   5000    0   ?   -0.09   ?   ?   0.37    ?
75.00   0.00    -49.00  0   5000    0   ?   -2.71   ?   ?   2.57    ?
75.00   0.00    -47.00  0   5000    0   ?   -2.76   ?   ?   2.71    ?
75.00   0.00    -45.00  0   5000    0   ?   -2.80   ?   ?   2.70    ?
75.00   0.00    -43.00  0   4849    0   ?   -2.77   ?   ?   2.75    ?
75.00   0.00    -41.00  0   5000    0   ?   -2.68   ?   ?   2.87    ?
75.00   0.00    -39.00  0   5000    0   ?   -2.77   ?   ?   2.85    ?
75.00   0.00    -37.00  0   4934    0   ?   -2.90   ?   ?   2.82    ?
75.00   0.00    -35.00  0   4220    0   ?   -2.96   ?   ?   2.65    ?
75.00   0.00    -33.00  2643    2357    0   -0.64   -2.81   ?   3.50    2.74    ?
75.00   0.00    -31.00  3663    1337    0   -1.24   -2.95   ?   3.47    2.52    ?
75.00   0.00    -30.00  4074    926 0   -1.64   -3.08   ?   3.08    2.57    ?
75.00   0.00    -29.00  4103    897 0   -2.05   -3.19   ?   2.81    2.50    ?
75.00   0.00    -28.00  4121    879 0   -2.44   -3.03   ?   2.73    2.34    ?
75.00   0.00    -27.00  4281    719 0   -2.18   -2.87   ?   2.79    2.58    ?
75.00   0.00    -26.00  4292    708 0   -2.58   -3.09   ?   2.68    2.21    ?
75.00   0.00    -25.00  4384    616 0   -2.75   -2.91   ?   2.56    2.16    ?
75.00   0.00    -24.00  4115    885 0   -2.99   -3.27   ?   2.46    2.16    ?
75.00   0.00    -23.00  4235    710 55  -3.19   -2.81   0.07    2.10    1.88    1.91
75.00   0.00    -22.00  4191    539 270 -3.27   -3.53   -0.55   2.20    2.10    2.09
75.00   0.00    -21.00  4356    447 197 -3.24   -3.50   -0.52   2.31    1.79    2.11
75.00   0.00    -20.00  4252    503 245 -3.28   -3.30   -0.64   2.18    2.03    2.25
75.00   0.00    -19.00  4250    507 243 -3.22   -3.26   -0.50   2.10    1.89    2.13
75.00   0.00    -18.00  4338    459 203 -3.36   -3.39   -0.34   2.08    1.87    2.07
75.00   0.00    -17.00  4332    419 249 -3.46   -3.38   -0.45   1.94    1.76    2.37
75.00   0.00    -16.00  4305    437 258 -3.47   -3.28   -0.39   1.92    1.89    2.20
75.00   0.00    -15.00  4353    343 304 -3.63   -3.55   -0.82   1.86    1.95    2.24
75.00   0.00    -14.00  4339    339 322 -3.40   -3.54   -0.62   2.05    1.88    2.45
75.00   0.00    -13.00  4492    243 265 -3.56   -3.55   -0.61   1.84    1.83    2.00
75.00   0.00    -12.00  4425    320 255 -3.37   -3.24   -0.42   1.88    1.67    2.29
75.00   0.00    -11.00  4250    297 453 -3.59   -3.32   -0.23   1.79    1.62    2.27
75.00   0.00    -10.00  4275    356 369 -3.51   -3.21   -0.23   1.93    1.96    2.34
75.00   0.00    -9.00   4390    255 355 -3.63   -3.04   -0.52   1.80    1.87    2.18
75.00   0.00    -8.00   4090    450 460 -3.65   -2.80   -0.49   1.97    2.03    2.26
75.00   0.00    -7.00   4362    296 342 -3.52   -2.98   -0.73   1.89    2.07    2.44
75.00   0.00    -6.00   4351    283 366 -3.72   -2.26   -0.51   1.94    2.04    2.05
75.00   0.00    -5.00   4372    295 333 -3.66   -2.24   -0.17   1.85    1.93    2.31
75.00   0.00    -4.00   4336    287 377 -3.38   -2.34   0.03    1.89    2.24    2.39
75.00   0.00    -3.00   4347    263 390 -3.39   -2.19   -0.38   1.96    2.21    2.37
75.00   0.00    -2.00   4343    276 381 -3.53   -1.66   -0.18   1.92    2.15    2.32
75.00   0.00    -1.00   4247    255 498 -3.67   -1.16   -0.13   1.89    2.14    2.39
75.00   0.00    0.00    4623    290 87  -3.47   -1.51   0.02    1.99    2.01    1.94
75.00   0.00    1.00    4361    261 378 -3.59   1.06    0.12    1.88    1.84    2.25
75.00   0.00    2.00    4343    211 446 -3.57   0.37    0.13    1.98    2.08    2.37
75.00   0.00    3.00    4351    176 473 -3.85   0.81    0.09    1.94    2.20    2.33
75.00   0.00    4.00    4419    150 431 -3.63   -0.18   0.37    2.08    2.38    2.30
75.00   0.00    5.00    4510    137 353 -3.41   0.82    -0.09   1.94    2.07    2.61
75.00   0.00    6.00    4379    146 475 -3.43   -0.20   -0.02   2.07    2.24    2.11
75.00   0.00    7.00    4607    96  297 -3.67   -1.18   0.19    1.87    1.95    2.34
75.00   0.00    8.00    4426    104 470 -3.47   -1.18   0.03    2.15    1.99    2.36
75.00   0.00    9.00    4428    119 453 -3.31   -1.78   0.47    1.93    2.41    2.50
75.00   0.00    10.00   4552    117 331 -3.80   -1.65   0.32    1.93    2.17    2.03
75.00   0.00    11.00   4517    119 364 -3.56   -1.69   -0.12   1.85    2.04    2.46
75.00   0.00    12.00   4558    91  351 -3.67   -2.12   0.04    1.80    2.07    2.36
75.00   0.00    13.00   4475    118 407 -3.54   -2.17   -0.01   1.80    2.08    2.28
75.00   0.00    14.00   4560    110 330 -3.73   -2.10   0.35    1.79    2.03    2.26
75.00   0.00    15.00   4460    133 407 -3.62   -2.85   0.34    1.81    2.00    2.09
75.00   0.00    16.00   4462    122 416 -3.64   -2.73   0.19    1.79    2.17    2.27
75.00   0.00    17.00   4511    118 371 -3.67   -2.93   0.15    1.71    1.64    2.23
75.00   0.00    18.00   4442    164 394 -3.54   -2.52   -0.13   1.88    2.03    2.63
75.00   0.00    19.00   4467    130 403 -3.68   -2.96   -0.23   1.84    1.93    2.38
75.00   0.00    20.00   4450    146 404 -3.74   -3.24   -0.18   1.77    1.85    2.22
75.00   0.00    21.00   4494    138 368 -3.61   -2.90   0.14    1.76    1.87    2.21
75.00   0.00    22.00   4478    138 384 -3.49   -3.59   0.14    1.84    1.95    2.08
75.00   0.00    23.00   4448    140 412 -3.54   -2.96   -0.08   1.89    2.05    2.39
75.00   0.00    24.00   4503    151 346 -3.49   -3.31   0.12    1.81    1.88    2.23
75.00   0.00    25.00   4523    134 343 -3.28   -3.30   -0.09   1.94    1.77    2.21
75.00   0.00    26.00   4549    143 308 -3.25   -3.16   -0.36   2.01    2.10    2.23
75.00   0.00    27.00   4790    160 50  -3.09   -3.37   -0.64   1.96    2.07    2.22
75.00   0.00    28.00   4863    137 0   -3.04   -3.39   ?   2.04    1.88    ?
75.00   0.00    29.00   4816    184 0   -3.01   -2.88   ?   2.12    2.24    ?
75.00   0.00    30.00   4841    159 0   -2.85   -2.95   ?   2.12    2.23    ?
75.00   0.00    31.00   4789    211 0   -2.69   -3.54   ?   2.33    2.01    ?
75.00   0.00    33.00   4676    324 0   -2.28   -3.39   ?   2.40    2.35    ?
75.00   0.00    35.00   0   1434    0   ?   -3.14   ?   ?   2.36    ?
75.00   0.00    37.00   0   1341    0   ?   -3.07   ?   ?   2.42    ?
75.00   0.00    39.00   0   934 0   ?   -3.11   ?   ?   2.55    ?
75.00   0.00    41.00   0   1084    0   ?   -3.29   ?   ?   2.70    ?
75.00   0.00    43.00   0   1145    0   ?   -3.12   ?   ?   2.64    ?
75.00   0.00    45.00   0   1565    0   ?   -2.88   ?   ?   2.76    ?
75.00   0.00    47.00   0   1232    0   ?   -2.99   ?   ?   2.76    ?
75.00   0.00    49.00   0   1139    0   ?   -2.99   ?   ?   2.76    ?
75.00   0.00    51.00   0   1330    0   ?   -2.56   ?   ?   2.68    ?
