# p = 1 atm, T = 500 K, U₀ = 75 m/s, non-reacting, no cone
# SI units (mm, m/s)
# Axial scan
# X  Y  Z  uc  vc  wc  uz  ur1  ur2  uz'  ur1'  ur2'
15.00   0.00    0.00    4527    380 93  25.00   -2.41   -4.46   19.00   9.84    10.95
16.00   0.00    0.00    4129    210 661 23.61   -1.58   -2.26   19.15   9.00    8.25
17.00   0.00    0.00    4203    249 548 23.09   -0.44   -4.64   18.44   8.79    8.16
18.00   0.00    0.00    4101    212 687 22.24   -0.18   -5.34   18.49   11.27   9.01
19.00   0.00    0.00    4235    226 539 20.69   0.52    -6.68   18.55   10.69   9.12
20.00   0.00    0.00    3605    253 329 19.02   -0.47   -8.23   19.03   10.71   9.26
21.00   0.00    0.00    3640    424 229 19.25   0.69    -8.52   18.66   9.92    8.44
22.00   0.00    0.00    2610    351 670 18.53   -0.34   -8.89   18.21   9.78    8.62
23.00   0.00    0.00    2779    285 518 16.12   1.89    -10.87  19.00   9.19    9.79
24.00   0.00    0.00    2340    261 407 14.36   0.16    -11.25  18.26   8.92    9.49
25.00   0.00    0.00    1440    281 245 14.62   -0.03   -13.38  17.16   10.63   13.40
26.00   0.00    0.00    2721    115 174 12.25   -0.72   -14.74  19.78   10.25   13.49
27.00   0.00    0.00    2547    300 492 12.73   0.00    -11.87  18.05   9.70    9.75
28.00   0.00    0.00    1667    85  430 11.46   -6.96   -12.42  18.93   13.77   9.41
29.00   0.00    0.00    2476    377 654 9.38    -0.90   -12.65  18.60   9.08    10.15
30.00   0.00    0.00    3966    592 442 6.12    -1.59   -12.43  19.85   8.73    8.98
31.00   0.00    0.00    4008    130 862 4.75    -4.47   -11.95  19.15   8.17    8.61
32.00   0.00    0.00    3633    55  1312    5.45    -4.27   -12.08  19.23   7.15    8.57
33.00   0.00    0.00    3753    433 814 2.31    -3.33   -12.53  18.86   8.47    9.29
34.00   0.00    0.00    3151    687 1162    3.20    -4.50   -12.52  18.80   8.28    7.92
35.00   0.00    0.00    4131    657 212 0.54    -4.15   -13.34  18.40   8.18    9.31
36.00   0.00    0.00    2987    986 1027    2.59    -4.41   -12.78  17.95   8.11    8.91
37.00   0.00    0.00    3116    457 1427    -0.39   -6.03   -12.12  18.84   7.47    8.71
38.00   0.00    0.00    3087    530 1383    -1.63   -5.63   -12.44  18.84   7.42    9.09
39.00   0.00    0.00    1395    1057    798 0.73    -5.95   -12.80  17.04   7.71    9.48
40.00   0.00    0.00    1107    964 146 -2.62   -6.24   -13.85  18.11   7.64    12.49
41.00   0.00    0.00    1064    933 886 -3.22   -6.95   -11.39  17.94   7.46    9.18
42.00   0.00    0.00    758 378 609 -6.19   -6.85   -11.48  18.03   7.97    9.42
43.00   0.00    0.00    702 428 656 -5.13   -6.36   -11.33  17.63   7.62    8.53
44.00   0.00    0.00    847 419 367 -8.19   -7.26   -10.68  17.35   6.89    7.51
45.00   0.00    0.00    778 654 759 -5.98   -7.34   -10.13  16.96   7.42    8.22
46.00   0.00    0.00    1064    9   539 -11.35  ?   -10.08  16.80   ?   8.36
47.00   0.00    0.00    803 214 541 -11.55  -7.93   -10.28  17.49   7.21    9.00
48.00   0.00    0.00    558 126 297 -10.34  -8.12   -11.71  18.67   7.04    11.67
49.00   0.00    0.00    825 226 71  -14.25  -8.00   -14.14  17.18   6.78    12.38
50.00   0.00    0.00    452 142 360 -10.35  -7.43   -10.00  15.81   7.56    10.60
51.00   0.00    0.00    482 34  235 -16.92  -7.71   -7.85   17.45   5.19    7.53
52.00   0.00    0.00    556 77  382 -17.76  -8.20   -7.44   16.14   7.37    8.38
53.00   0.00    0.00    168 102 270 -14.32  -7.81   -9.02   16.83   6.28    11.39
54.00   0.00    0.00    668 68  151 -20.83  -9.38   -12.94  16.29   7.45    12.98
55.00   0.00    0.00    371 93  320 -20.02  -7.98   -9.33   14.92   6.23    11.06
56.00   0.00    0.00    533 342 390 -18.29  -7.70   -7.73   15.04   7.17    10.33
57.00   0.00    0.00    608 64  246 -21.04  -8.08   -9.43   15.05   5.28    12.41
58.00   0.00    0.00    567 22  97  -20.59  -8.03   -12.93  14.70   5.00    12.49
59.00   0.00    0.00    528 3   249 -19.18  ?   -8.57   15.75   ?   10.91
60.00   0.00    0.00    871 3   47  -22.76  ?   -8.22   13.85   ?   9.32
61.00   0.00    0.00    626 10  356 -22.15  ?   -8.33   15.09   ?   11.27
62.00   0.00    0.00    438 78  229 -22.62  -9.25   -9.71   13.25   6.27    13.66
63.00   0.00    0.00    1030    85  51  -23.57  -8.74   -9.05   14.08   6.84    8.86
64.00   0.00    0.00    575 136 204 -23.36  -8.19   -7.93   14.39   7.32    10.27
65.00   0.00    0.00    793 224 187 -23.50  -8.20   -10.42  13.93   6.72    13.92
66.00   0.00    0.00    432 583 302 -23.20  -8.17   -8.18   12.96   7.13    13.25
67.00   0.00    0.00    576 438 256 -22.93  -8.00   -6.98   12.83   7.83    11.46
68.00   0.00    0.00    668 10  138 -22.45  ?   -13.21  14.81   ?   15.19
69.00   0.00    0.00    700 122 144 -20.66  -7.25   -14.14  14.75   7.36    16.73
70.00   0.00    0.00    740 188 287 -22.32  -7.48   -9.48   14.56   7.55    14.31
71.00   0.00    0.00    668 33  216 -22.30  -8.39   -8.68   14.06   9.03    15.70
72.00   0.00    0.00    419 22  179 -23.05  -6.79   -6.96   12.29   8.06    10.53
73.00   0.00    0.00    279 31  113 -21.34  -6.14   -12.38  15.14   8.28    12.06
74.00   0.00    0.00    449 19  98  -23.05  -4.91   -12.31  12.99   8.10    15.71
75.00   0.00    0.00    565 252 121 -23.52  -6.98   -15.98  12.16   8.47    17.46


# 15 mm Y traverse
# X  Y  Z  uc  vc  wc  uz  uθ  ur  uz'  uθ'  ur'
15.00   51.00   0.00    127 0   9   -4.71   ?   ?   18.26   ?   ?
15.00   49.00   0.00    309 0   11  1.29    -14.53  ?   15.18   13.19   ?
15.00   47.00   0.00    304 0   5   5.10    ?   ?   12.46   ?   ?
15.00   45.00   0.00    846 0   7   9.08    ?   ?   12.35   ?   ?
15.00   43.00   0.00    684 0   3   10.30   ?   ?   11.94   ?   ?
15.00   41.00   0.00    1211    0   11  13.20   -12.89  ?   11.09   3.68    ?
15.00   39.00   0.00    3838    0   69  14.61   -14.39  ?   10.60   8.75    ?
15.00   37.00   0.00    4914    0   86  15.89   -14.99  ?   10.51   7.30    ?
15.00   35.00   0.00    2260    0   24  16.21   -17.73  ?   9.91    8.14    ?
15.00   33.00   0.00    1263    0   34  16.79   -15.19  ?   9.43    6.65    ?
15.00   31.00   0.00    2055    0   65  17.45   -15.63  ?   9.59    11.19   ?
15.00   30.00   0.00    1543    0   64  17.58   -18.12  ?   9.53    9.85    ?
15.00   29.00   0.00    1280    0   69  17.51   -15.60  ?   9.82    11.25   ?
15.00   28.00   0.00    524 0   71  17.05   -16.31  ?   12.49   8.53    ?
15.00   27.00   0.00    1932    0   186 22.21   -19.55  ?   13.40   13.76   ?
15.00   26.00   0.00    489 0   115 24.53   -25.79  ?   17.16   16.76   ?
15.00   25.00   0.00    4467    0   338 35.23   -25.58  ?   18.14   17.92   ?
15.00   24.00   0.00    2127    11  167 43.28   -31.37  -1.04   17.61   17.94   9.64
15.00   23.00   0.00    3234    68  269 50.16   -38.27  -2.66   16.12   18.25   10.70
15.00   22.00   0.00    1329    323 196 54.81   -43.29  1.34    13.69   16.36   15.24
15.00   21.00   0.00    249 576 163 53.22   -41.06  6.37    16.29   18.17   18.85
15.00   20.00   0.00    277 173 100 55.44   -33.31  8.65    15.42   19.54   19.66
15.00   19.00   0.00    617 191 300 49.87   -22.40  10.23   19.11   17.75   18.55
15.00   18.00   0.00    878 170 218 46.10   -14.04  15.43   20.46   13.22   15.90
15.00   17.00   0.00    997 239 127 42.96   -10.66  16.55   21.67   9.99    13.13
15.00   16.00   0.00    1264    261 149 39.61   -7.30   11.40   22.58   8.46    11.74
15.00   15.00   0.00    2764    554 187 34.73   -6.40   9.28    22.43   9.16    9.72
15.00   14.00   0.00    3044    1027    188 27.84   -4.78   4.66    21.65   9.55    9.63
15.00   13.00   0.00    3810    969 221 21.92   -2.90   2.64    19.85   8.85    9.09
15.00   12.00   0.00    2259    887 143 17.06   -1.87   1.43    18.29   9.40    10.06
15.00   11.00   0.00    3710    1106    184 15.34   -1.97   -0.15   17.86   8.70    10.16
15.00   10.00   0.00    1073    789 127 11.26   -6.68   -0.47   17.43   14.49   10.48
15.00   9.00    0.00    3776    996 164 14.62   -4.93   0.54    17.85   11.69   10.30
15.00   8.00    0.00    1970    452 123 16.50   -7.33   0.71    18.00   11.72   10.33
15.00   7.00    0.00    2300    501 168 18.63   -12.45  1.50    18.16   15.53   10.44
15.00   6.00    0.00    2557    344 156 18.21   -8.60   0.64    17.60   12.49   9.85
15.00   5.00    0.00    2698    525 185 18.93   -11.48  1.51    17.91   13.53   9.33
15.00   4.00    0.00    3358    322 138 19.92   -11.83  1.22    18.08   13.73   9.94
15.00   3.00    0.00    1046    925 81  14.96   -5.17   1.45    17.91   7.07    9.78
15.00   2.00    0.00    2582    286 162 18.60   -9.29   1.37    18.34   9.71    9.94
15.00   1.00    0.00    2532    211 190 18.30   -6.20   1.76    17.86   7.43    10.39
15.00   0.00    0.00    2818    276 198 15.61   6.75    -1.66   16.93   7.08    9.44
15.00   -1.00   0.00    4333    435 232 15.05   8.25    0.46    16.96   9.03    8.77
15.00   -2.00   0.00    4072    715 213 12.38   7.85    0.22    16.78   8.20    8.51
15.00   -3.00   0.00    3742    449 253 10.58   9.58    -0.59   16.21   11.45   8.73
15.00   -4.00   0.00    2982    490 235 8.65    7.82    1.17    16.19   7.48    7.87
15.00   -5.00   0.00    2621    310 117 5.65    10.96   1.63    17.25   11.42   8.71
15.00   -6.00   0.00    2543    584 79  2.93    9.74    1.77    16.72   12.03   8.20
15.00   -7.00   0.00    3258    1018    85  1.81    6.19    2.22    17.19   7.21    7.82
15.00   -8.00   0.00    1872    415 50  1.10    7.25    2.96    16.50   6.19    7.47
15.00   -9.00   0.00    1907    581 222 0.95    8.73    3.86    17.34   11.21   7.56
15.00   -10.00  0.00    3385    1029    586 1.74    5.63    4.82    18.90   8.81    7.66
15.00   -11.00  0.00    3277    1106    433 4.03    6.29    5.60    20.21   8.93    8.21
15.00   -12.00  0.00    3438    982 580 9.62    5.02    6.52    21.56   9.83    7.81
15.00   -13.00  0.00    3789    779 432 13.48   3.94    8.90    23.65   11.24   8.28
15.00   -14.00  0.00    3939    560 501 21.27   5.98    10.22   24.70   10.83   8.01
15.00   -15.00  0.00    3778    843 379 26.36   4.79    13.27   24.84   13.23   9.10
15.00   -16.00  0.00    4018    649 333 31.37   3.86    16.48   25.39   12.60   11.70
15.00   -17.00  0.00    4261    471 268 33.95   2.90    22.22   25.34   16.87   13.57
15.00   -18.00  0.00    4100    575 325 38.46   -1.65   26.24   23.84   19.05   15.66
15.00   -19.00  0.00    3976    608 416 38.77   -5.03   30.97   24.10   20.25   18.07
15.00   -20.00  0.00    2147    492 206 42.27   -11.59  32.64   23.52   24.09   18.57
15.00   -21.00  0.00    2159    491 264 46.40   -16.52  29.15   22.70   23.64   19.23
15.00   -22.00  0.00    2207    492 218 52.05   -19.20  24.52   19.30   24.09   19.35
15.00   -23.00  0.00    3989    687 324 54.63   -16.40  23.82   15.40   23.27   19.14
15.00   -24.00  0.00    4232    533 235 54.17   -14.54  19.89   13.37   21.84   17.81
15.00   -25.00  0.00    4658    152 190 52.03   -13.29  16.40   13.41   21.02   17.32
15.00   -26.00  0.00    4857    0   143 48.62   -14.70  ?   14.50   21.14   ?
15.00   -27.00  0.00    4907    0   93  45.05   -14.98  ?   15.71   22.03   ?
15.00   -28.00  0.00    4936    0   64  41.25   -16.39  ?   16.01   21.91   ?
15.00   -29.00  0.00    4884    0   116 36.66   6.14    ?   16.36   24.80   ?
15.00   -30.00  0.00    4230    0   129 33.23   6.63    ?   15.81   22.05   ?
15.00   -31.00  0.00    4008    0   56  30.59   -18.14  ?   15.05   18.81   ?
15.00   -33.00  0.00    2909    0   49  26.71   -26.77  ?   13.96   13.12   ?
15.00   -35.00  0.00    1774    0   31  24.28   -22.38  ?   13.62   19.41   ?
15.00   -37.00  0.00    2646    0   81  21.95   -21.72  ?   13.21   16.42   ?
15.00   -39.00  0.00    1457    0   45  19.09   -21.81  ?   12.92   18.87   ?
15.00   -41.00  0.00    239 0   45  15.43   -20.85  ?   13.77   18.55   ?
15.00   -43.00  0.00    1594    0   86  11.25   -17.88  ?   13.79   16.49   ?
15.00   -45.00  0.00    1215    0   68  6.63    -18.94  ?   15.12   21.40   ?
15.00   -47.00  0.00    2270    0   124 2.12    -11.62  ?   16.53   19.32   ?
15.00   -49.00  0.00    994 0   102 -5.92   -6.60   ?   18.41   18.10   ?
15.00   -51.00  0.00    803 0   145 -17.48  -7.75   ?   21.71   18.26   ?


# 15 mm Z traverse
# X  Y  Z  uc  vc  wc  uz  uθ  ur  uz'  uθ'  ur'
15.00   0.00    -51.00  0   111 0   ?   -0.36   ?   ?   3.41    ?
15.00   0.00    -49.00  0   34  0   ?   -12.33  ?   ?   8.39    ?
15.00   0.00    -47.00  0   33  0   ?   -11.95  ?   ?   9.59    ?
15.00   0.00    -45.00  0   55  0   ?   -18.03  ?   ?   13.20   ?
15.00   0.00    -43.00  0   36  0   ?   -19.69  ?   ?   10.96   ?
15.00   0.00    -41.00  0   46  0   ?   -18.51  ?   ?   12.88   ?
15.00   0.00    -39.00  0   59  0   ?   -22.90  ?   ?   13.53   ?
15.00   0.00    -37.00  0   123 0   ?   -24.75  ?   ?   13.46   ?
15.00   0.00    -35.00  0   253 0   ?   -24.96  ?   ?   12.79   ?
15.00   0.00    -33.00  1533    270 0   12.53   -26.80  ?   9.50    12.58   ?
15.00   0.00    -31.00  1987    311 0   13.21   -28.12  ?   10.04   12.88   ?
15.00   0.00    -30.00  2504    356 0   14.33   -29.57  ?   11.33   14.20   ?
15.00   0.00    -29.00  2149    239 0   17.02   -29.92  ?   13.49   13.70   ?
15.00   0.00    -28.00  2138    218 0   20.55   -32.58  ?   16.15   14.04   ?
15.00   0.00    -27.00  1861    221 0   25.41   -33.52  ?   18.26   16.11   ?
15.00   0.00    -26.00  1127    216 0   30.99   -32.25  ?   19.30   15.09   ?
15.00   0.00    -25.00  1049    143 0   35.90   -33.71  ?   19.98   15.21   ?
15.00   0.00    -24.00  1164    147 35  42.75   -32.99  23.91   19.06   17.31   18.22
15.00   0.00    -23.00  971 156 96  45.22   -35.55  25.43   18.26   15.87   18.86
15.00   0.00    -22.00  306 66  35  46.92   -36.20  22.20   19.81   17.83   20.40
15.00   0.00    -21.00  879 216 110 45.30   -35.42  28.43   21.71   16.91   19.56
15.00   0.00    -20.00  1101    221 176 41.23   -35.35  27.93   23.89   18.05   18.39
15.00   0.00    -19.00  2363    379 307 37.57   -31.76  28.95   24.01   19.01   18.54
15.00   0.00    -18.00  3186    426 231 34.93   -27.06  24.02   24.06   19.87   16.94
15.00   0.00    -17.00  3945    452 278 31.57   -21.89  18.10   24.38   18.41   9.81
15.00   0.00    -16.00  3071    291 279 28.53   -15.24  16.37   24.59   15.45   9.57
15.00   0.00    -15.00  1790    217 189 24.94   -14.53  13.67   24.76   13.90   8.99
15.00   0.00    -14.00  1493    196 210 21.75   -10.75  11.76   24.93   14.36   8.25
15.00   0.00    -13.00  1668    381 249 14.85   -9.15   9.54    22.34   12.22   7.13
15.00   0.00    -12.00  1363    289 231 9.75    -6.75   8.33    21.52   10.57   6.21
15.00   0.00    -11.00  2082    561 533 4.13    -4.86   8.23    19.30   9.62    8.04
15.00   0.00    -10.00  321 125 108 1.76    -1.65   6.72    19.27   8.14    6.67
15.00   0.00    -9.00   583 234 268 -4.36   -1.55   7.72    16.17   8.21    6.92
15.00   0.00    -8.00   268 138 113 -4.34   -7.40   7.09    15.47   12.23   7.40
15.00   0.00    -7.00   103 60  77  -3.51   1.51    7.42    15.75   7.22    8.54
15.00   0.00    -6.00   459 146 97  -1.67   0.97    8.40    15.03   8.61    6.65
15.00   0.00    -5.00   284 69  140 2.38    -0.88   9.22    13.56   9.45    6.89
15.00   0.00    -4.00   2437    415 560 4.47    3.36    9.48    14.09   8.67    5.99
15.00   0.00    -3.00   762 151 200 5.60    2.42    8.44    14.23   8.21    6.97
15.00   0.00    -2.00   1700    345 661 9.89    3.19    7.53    14.56   9.17    6.70
15.00   0.00    -1.00   1337    226 149 12.61   2.05    7.87    15.48   8.50    8.06
15.00   0.00    0.00    1215    150 133 16.27   -1.07   5.85    16.23   9.06    8.97
15.00   0.00    1.00    1295    209 176 20.64   5.79    -4.33   17.19   12.01   7.48
15.00   0.00    2.00    3341    378 319 25.14   -0.99   -2.25   18.62   9.33    7.35
15.00   0.00    3.00    3042    353 328 29.02   1.52    -0.24   19.30   8.78    7.15
15.00   0.00    4.00    3135    351 344 33.51   3.64    1.91    19.20   9.96    6.64
15.00   0.00    5.00    1754    150 109 37.74   7.70    1.78    19.25   11.43   7.23
15.00   0.00    6.00    2209    256 87  40.48   3.01    4.88    18.55   8.97    6.40
15.00   0.00    7.00    4505    334 161 42.91   2.92    4.40    17.61   8.59    7.54
15.00   0.00    8.00    4664    232 104 45.15   5.36    4.76    16.73   11.29   8.91
15.00   0.00    9.00    2817    1099    197 45.84   2.79    5.85    16.79   8.24    8.39
15.00   0.00    10.00   4488    393 119 46.85   2.61    5.97    16.83   8.78    7.58
15.00   0.00    11.00   4375    576 49  46.60   2.06    7.13    16.80   7.98    12.30
15.00   0.00    12.00   4426    507 67  47.00   2.50    7.51    16.72   8.36    12.89
15.00   0.00    13.00   4456    507 37  44.94   -0.21   8.80    17.88   8.63    12.95
15.00   0.00    14.00   4416    533 51  45.66   -0.33   4.56    17.91   8.83    11.66
15.00   0.00    15.00   4463    472 65  43.98   -2.28   6.94    19.05   9.63    12.80
15.00   0.00    16.00   4521    431 48  45.91   -3.61   6.28    18.44   11.43   14.28
15.00   0.00    17.00   4558    354 88  45.98   -5.17   12.22   18.86   11.75   16.02
15.00   0.00    18.00   4108    339 65  47.31   -7.93   17.81   19.31   14.32   17.77
15.00   0.00    19.00   3643    176 106 48.66   -9.02   12.31   18.21   16.11   19.31
15.00   0.00    20.00   3585    228 126 50.93   -14.04  8.71    17.90   19.70   20.36
15.00   0.00    21.00   936 122 102 51.37   -27.90  8.00    17.79   21.70   18.55
15.00   0.00    22.00   1383    133 214 55.34   -32.43  9.61    16.82   21.05   21.19
15.00   0.00    23.00   1549    135 195 57.57   -41.65  10.12   14.09   17.73   22.13
15.00   0.00    24.00   3740    273 279 57.20   -36.13  3.66    12.54   22.62   20.28
15.00   0.00    25.00   4568    260 172 54.54   -28.13  3.69    12.30   21.05   20.17
15.00   0.00    26.00   4771    224 5   51.11   -27.27  ?   13.23   21.37   ?
15.00   0.00    27.00   4832    168 0   47.09   -19.86  ?   14.04   21.01   ?
15.00   0.00    28.00   4809    191 0   42.92   -23.19  ?   15.30   19.46   ?
15.00   0.00    29.00   3842    151 0   38.32   -24.42  ?   15.43   16.57   ?
15.00   0.00    30.00   2764    169 0   34.43   -22.02  ?   14.98   18.46   ?
15.00   0.00    31.00   1839    126 0   31.44   -21.96  ?   14.45   17.85   ?
15.00   0.00    33.00   1154    77  0   27.60   -20.59  ?   13.46   18.56   ?
15.00   0.00    35.00   448 44  0   27.28   -26.58  ?   12.77   17.69   ?
15.00   0.00    37.00   0   5000    0   ?   -0.37   ?   ?   0.72    ?
15.00   0.00    39.00   0   23  0   ?   -23.15  ?   ?   16.77   ?
15.00   0.00    41.00   0   25  0   ?   -24.79  ?   ?   16.50   ?
15.00   0.00    43.00   0   38  0   ?   -20.07  ?   ?   19.09   ?
15.00   0.00    45.00   0   13  0   ?   -23.16  ?   ?   15.89   ?
15.00   0.00    47.00   0   18  0   ?   -16.29  ?   ?   15.15   ?
15.00   0.00    49.00   0   18  0   ?   -8.43   ?   ?   19.33   ?
15.00   0.00    51.00   0   33  0   ?   -7.44   ?   ?   17.03   ?


# 35 mm Y traverse
# X  Y  Z  uc  vc  wc  uz  uθ  ur  uz'  uθ'  ur'
35.00   51.00   0.00    1888    0   303 -3.47   -19.09  ?   18.46   14.82   ?
35.00   49.00   0.00    1488    0   204 3.71    -16.58  ?   15.26   12.57   ?
35.00   47.00   0.00    2121    0   204 9.18    -16.00  ?   13.60   10.75   ?
35.00   45.00   0.00    2657    0   267 13.13   -14.01  ?   13.71   11.71   ?
35.00   43.00   0.00    2030    0   252 17.73   -11.23  ?   14.51   9.20    ?
35.00   41.00   0.00    1851    0   224 22.05   -13.32  ?   15.96   10.77   ?
35.00   39.00   0.00    3255    0   370 29.06   -14.62  ?   17.91   11.71   ?
35.00   37.00   0.00    3815    0   391 37.22   -15.11  ?   18.99   13.09   ?
35.00   35.00   0.00    4402    0   598 43.77   -17.46  ?   17.94   14.73   ?
35.00   33.00   0.00    3254    0   513 48.90   -18.90  ?   16.40   14.87   ?
35.00   31.00   0.00    2281    0   698 50.97   -20.65  ?   16.34   15.99   ?
35.00   30.00   0.00    1053    0   359 51.38   -21.81  ?   17.16   14.97   ?
35.00   29.00   0.00    603 0   281 50.94   -22.33  ?   18.13   14.73   ?
35.00   28.00   0.00    630 0   236 48.52   -21.36  ?   21.44   15.35   ?
35.00   27.00   0.00    367 0   450 38.55   -18.96  ?   23.97   14.92   ?
35.00   26.00   0.00    1465    0   323 40.27   -17.42  ?   23.93   14.14   ?
35.00   25.00   0.00    2225    0   267 37.78   -15.61  ?   24.53   11.10   ?
35.00   24.00   0.00    2225    101 154 34.82   -15.66  10.20   25.01   13.38   17.82
35.00   23.00   0.00    2020    169 157 32.16   -14.46  8.94    25.39   11.13   15.42
35.00   22.00   0.00    2585    124 99  29.51   -13.37  5.57    25.23   10.67   13.51
35.00   21.00   0.00    674 507 139 17.00   -13.80  4.58    23.50   12.63   12.56
35.00   20.00   0.00    2624    259 155 22.05   -11.63  3.32    24.38   8.24    13.39
35.00   19.00   0.00    2270    329 151 18.73   -11.96  1.37    23.30   10.02   11.88
35.00   18.00   0.00    2051    256 157 15.18   -12.84  0.63    23.00   8.44    11.52
35.00   17.00   0.00    3355    604 269 10.72   -12.94  -0.05   21.74   8.98    11.17
35.00   16.00   0.00    3487    626 173 9.13    -13.84  0.32    20.23   9.58    10.66
35.00   15.00   0.00    3762    878 360 7.62    -13.54  0.22    20.50   8.61    10.69
35.00   14.00   0.00    3729    1069    202 7.24    -13.10  1.43    20.80   8.92    10.68
35.00   13.00   0.00    3510    1123    367 6.30    -13.85  0.06    20.12   8.47    10.06
35.00   12.00   0.00    2610    2085    305 3.12    -14.54  0.84    20.31   11.31   9.76
35.00   11.00   0.00    939 1201    228 2.68    -13.38  0.24    19.28   9.78    9.07
35.00   10.00   0.00    3680    1052    268 5.53    -14.72  0.75    19.94   11.34   8.55
35.00   9.00    0.00    536 772 230 4.13    -12.99  -0.11   20.16   8.36    8.59
35.00   8.00    0.00    2773    1176    275 4.82    -13.49  -0.33   19.36   8.20    7.95
35.00   7.00    0.00    2416    1180    259 4.00    -13.86  -0.73   19.58   10.39   8.04
35.00   6.00    0.00    3093    1546    361 4.19    -12.61  -1.77   18.53   7.01    8.25
35.00   5.00    0.00    3361    1266    373 0.88    -12.96  -1.98   18.19   7.48    8.12
35.00   4.00    0.00    2597    1977    426 -1.60   -12.83  -2.28   17.94   6.86    7.63
35.00   3.00    0.00    2892    1781    327 -0.89   -13.16  -2.99   18.24   10.34   7.58
35.00   2.00    0.00    3131    1654    204 -1.47   -12.93  -3.34   17.46   9.15    7.48
35.00   1.00    0.00    2332    951 266 -2.68   -11.96  -4.35   16.91   7.98    7.52
35.00   0.00    0.00    1995    1173    387 -4.36   11.02   4.75    16.64   5.86    7.56
35.00   -1.00   0.00    2179    1389    514 -5.65   10.48   5.33    17.18   6.65    7.29
35.00   -2.00   0.00    1470    1337    369 -6.59   11.34   4.82    16.31   10.39   7.41
35.00   -3.00   0.00    1368    1503    441 -6.81   9.31    5.54    15.38   6.42    7.08
35.00   -4.00   0.00    1431    1558    475 -7.33   8.63    6.04    15.43   6.42    7.03
35.00   -5.00   0.00    903 850 330 -11.21  7.68    5.72    15.53   7.25    6.72
35.00   -6.00   0.00    838 805 192 -13.30  6.00    6.01    16.01   8.25    6.61
35.00   -7.00   0.00    1455    1439    190 -17.70  10.35   5.52    15.34   12.76   6.82
35.00   -8.00   0.00    714 779 104 -18.63  6.06    5.81    14.38   8.01    7.07
35.00   -9.00   0.00    599 800 117 -19.28  2.12    5.69    13.31   8.48    6.96
35.00   -10.00  0.00    538 445 65  -20.59  3.42    5.50    14.01   8.07    6.89
35.00   -11.00  0.00    894 201 139 -19.33  2.78    7.10    14.62   8.01    6.37
35.00   -12.00  0.00    799 761 128 -17.18  1.86    6.21    17.87   8.70    7.10
35.00   -13.00  0.00    771 528 114 -15.25  0.33    5.78    16.88   8.76    7.29
35.00   -14.00  0.00    827 494 130 -12.79  -0.12   5.87    19.29   8.54    6.85
35.00   -15.00  0.00    974 604 117 -9.64   0.50    5.73    20.45   7.41    7.77
35.00   -16.00  0.00    710 343 73  -7.02   1.34    6.07    22.58   12.71   7.16
35.00   -17.00  0.00    820 309 83  -3.30   1.76    5.78    23.66   9.53    7.67
35.00   -18.00  0.00    2765    1005    201 1.05    2.22    6.65    26.21   9.87    8.71
35.00   -19.00  0.00    3708    562 222 4.13    2.33    7.49    26.46   11.82   7.93
35.00   -20.00  0.00    2699    666 146 8.98    4.10    8.07    26.91   14.52   8.79
35.00   -21.00  0.00    3374    740 161 13.70   2.91    9.05    26.86   12.13   9.23
35.00   -22.00  0.00    3264    542 128 16.08   5.27    10.74   27.53   13.07   9.12
35.00   -23.00  0.00    3615    490 165 19.06   1.95    11.91   27.61   13.00   10.89
35.00   -24.00  0.00    3089    394 144 21.89   2.68    13.74   28.08   14.85   11.83
35.00   -25.00  0.00    3586    149 192 23.96   2.07    16.74   27.23   13.29   12.75
35.00   -26.00  0.00    4663    0   205 26.46   1.86    ?   26.90   13.56   ?
35.00   -27.00  0.00    4816    0   184 29.11   1.74    ?   26.94   13.50   ?
35.00   -28.00  0.00    4797    0   203 30.52   -0.70   ?   26.49   16.17   ?
35.00   -29.00  0.00    4693    0   307 32.70   0.53    ?   26.69   15.47   ?
35.00   -30.00  0.00    4763    0   237 35.94   0.91    ?   26.06   16.35   ?
35.00   -31.00  0.00    4694    0   306 36.62   0.81    ?   25.92   15.18   ?
35.00   -33.00  0.00    4812    0   188 39.17   0.00    ?   24.87   16.15   ?
35.00   -35.00  0.00    4836    0   164 42.27   -0.09   ?   23.28   15.58   ?
35.00   -37.00  0.00    4827    0   173 41.59   -0.46   ?   22.67   15.18   ?
35.00   -39.00  0.00    4746    0   254 39.45   -0.57   ?   22.61   15.37   ?
35.00   -41.00  0.00    229 0   243 35.75   -1.18   ?   21.30   13.92   ?
35.00   -43.00  0.00    4608    0   263 32.11   -1.76   ?   22.28   16.46   ?
35.00   -45.00  0.00    2239    0   125 26.55   -3.72   ?   22.33   16.46   ?
35.00   -47.00  0.00    1603    0   147 18.73   -3.20   ?   19.86   18.33   ?
35.00   -49.00  0.00    1036    0   134 6.22    -1.62   ?   16.69   15.53   ?
35.00   -51.00  0.00    1324    0   149 3.05    -0.74   ?   17.30   20.07   ?


# 35 mm Z traverse
# X  Y  Z  uc  vc  wc  uz  uθ  ur  uz'  uθ'  ur'
35.00   0.00    -51.00  0   298 0   ?   -8.28   ?   ?   10.18   ?
35.00   0.00    -49.00  0   247 0   ?   -11.78  ?   ?   10.32   ?
35.00   0.00    -47.00  0   279 0   ?   -14.25  ?   ?   12.62   ?
35.00   0.00    -45.00  0   328 0   ?   -16.30  ?   ?   12.19   ?
35.00   0.00    -43.00  0   373 0   ?   -17.00  ?   ?   14.02   ?
35.00   0.00    -41.00  0   326 0   ?   -17.73  ?   ?   13.93   ?
35.00   0.00    -39.00  0   291 0   ?   -16.95  ?   ?   13.81   ?
35.00   0.00    -37.00  0   355 0   ?   -17.83  ?   ?   13.98   ?
35.00   0.00    -35.00  0   314 0   ?   -17.19  ?   ?   13.86   ?
35.00   0.00    -33.00  2804    414 0   34.51   -17.23  ?   23.24   13.83   ?
35.00   0.00    -31.00  4373    577 0   35.51   -18.01  ?   23.23   14.96   ?
35.00   0.00    -30.00  4273    559 0   34.94   -18.12  ?   23.67   14.88   ?
35.00   0.00    -29.00  3019    296 0   34.77   -17.18  ?   23.91   15.46   ?
35.00   0.00    -28.00  3048    280 0   32.17   -16.85  ?   24.51   15.01   ?
35.00   0.00    -27.00  3383    392 0   32.42   -17.44  ?   24.97   14.35   ?
35.00   0.00    -26.00  2144    333 0   31.09   -16.88  ?   24.60   15.00   ?
35.00   0.00    -25.00  3303    469 0   30.30   -15.80  ?   25.97   13.79   ?
35.00   0.00    -24.00  3795    482 106 26.82   -13.95  14.99   25.70   13.31   13.27
35.00   0.00    -23.00  2615    529 225 25.38   -6.51   14.75   26.28   12.55   10.94
35.00   0.00    -22.00  1899    278 242 23.15   -14.25  12.44   26.11   13.75   9.66
35.00   0.00    -21.00  1782    301 186 20.01   -12.07  13.26   27.05   11.51   10.28
35.00   0.00    -20.00  1944    375 303 16.37   -13.57  11.46   26.45   13.04   7.96
35.00   0.00    -19.00  2093    389 308 14.29   -11.14  9.66    26.45   9.81    7.55
35.00   0.00    -18.00  1321    189 192 12.48   -11.03  10.05   26.86   8.88    7.41
35.00   0.00    -17.00  1348    226 158 5.83    -10.56  8.66    25.98   8.82    7.47
35.00   0.00    -16.00  1050    189 276 5.14    -10.98  8.49    25.33   10.47   7.58
35.00   0.00    -15.00  893 174 299 1.26    -11.86  9.86    24.46   9.85    8.04
35.00   0.00    -14.00  1168    377 310 -2.79   -9.94   9.00    23.68   7.80    6.81
35.00   0.00    -13.00  980 491 350 -5.03   -9.91   8.67    22.77   7.11    7.01
35.00   0.00    -12.00  974 454 294 -8.40   -9.72   9.12    20.69   7.14    7.19
35.00   0.00    -11.00  628 298 226 -10.72  -8.77   9.04    18.60   7.60    7.19
35.00   0.00    -10.00  601 343 281 -13.00  -8.43   9.65    17.67   6.01    7.47
35.00   0.00    -9.00   779 408 210 -13.77  -8.10   9.21    16.78   6.61    8.05
35.00   0.00    -8.00   862 537 384 -12.86  -7.38   9.39    16.33   6.29    7.19
35.00   0.00    -7.00   1354    899 454 -12.44  -7.52   9.98    17.05   6.40    6.58
35.00   0.00    -6.00   2631    1417    952 -12.61  -7.32   10.37   16.52   6.65    7.05
35.00   0.00    -5.00   1685    1298    889 -11.21  -6.42   10.32   16.29   6.68    6.56
35.00   0.00    -4.00   1022    672 632 -6.70   -6.59   10.71   17.56   6.64    6.61
35.00   0.00    -3.00   1258    975 483 -8.54   -5.87   11.09   17.17   6.97    6.65
35.00   0.00    -2.00   1274    797 370 -6.60   -5.37   10.81   16.22   6.69    6.96
35.00   0.00    -1.00   1436    1031    273 -4.53   -4.84   10.64   16.63   7.36    6.57
35.00   0.00    0.00    1236    706 287 -4.71   -4.51   11.80   16.69   7.36    6.76
35.00   0.00    1.00    1782    604 437 -2.06   4.08    -10.88  17.07   7.69    6.06
35.00   0.00    2.00    928 626 405 0.97    4.69    -10.47  17.43   7.11    6.27
35.00   0.00    3.00    2748    1512    740 1.24    4.24    -11.04  17.52   7.89    7.02
35.00   0.00    4.00    1799    831 578 2.08    4.18    -11.09  17.01   8.00    6.46
35.00   0.00    5.00    1918    745 286 4.46    4.14    -10.47  17.13   8.52    6.14
35.00   0.00    6.00    2584    894 349 6.51    3.88    -10.39  18.30   8.16    5.93
35.00   0.00    7.00    3111    1194    452 7.70    3.85    -9.90   18.42   8.35    6.51
35.00   0.00    8.00    2328    543 403 9.69    4.75    -9.50   19.64   8.50    6.66
35.00   0.00    9.00    2494    541 400 11.15   4.26    -8.90   19.72   9.57    6.39
35.00   0.00    10.00   2530    854 318 13.01   3.84    -8.64   19.81   8.95    7.40
35.00   0.00    11.00   2859    1458    625 15.34   3.86    -7.35   19.99   8.54    7.14
35.00   0.00    12.00   2340    1168    442 17.32   4.11    -6.55   20.92   8.71    7.45
35.00   0.00    13.00   2662    1119    264 18.44   4.11    -5.21   21.31   9.38    7.49
35.00   0.00    14.00   2989    1285    212 18.17   4.37    -5.41   21.60   9.09    7.40
35.00   0.00    15.00   2836    1228    191 19.78   3.91    -4.51   21.61   8.80    7.96
35.00   0.00    16.00   2814    990 200 21.56   3.34    -3.73   22.52   9.61    9.09
35.00   0.00    17.00   2253    1089    152 21.93   3.59    -3.30   22.42   9.63    9.37
35.00   0.00    18.00   3679    1096    225 21.52   4.12    -2.40   22.35   9.90    8.85
35.00   0.00    19.00   2921    1212    170 21.61   3.32    -2.80   22.88   9.44    9.64
35.00   0.00    20.00   1864    1018    152 20.75   3.02    -1.46   21.84   10.64   10.88
35.00   0.00    21.00   2438    1024    136 22.79   2.77    -1.61   22.56   10.69   11.24
35.00   0.00    22.00   3712    1151    137 22.46   2.51    -1.99   23.72   11.49   9.75
35.00   0.00    23.00   3733    1105    162 24.12   2.88    0.86    23.97   11.08   12.87
35.00   0.00    24.00   3824    1035    141 24.38   2.31    0.59    24.76   11.40   12.79
35.00   0.00    25.00   3286    918 64  24.69   0.72    3.60    24.53   12.26   13.54
35.00   0.00    26.00   3055    708 11  26.54   -0.36   4.19    24.95   13.28   17.47
35.00   0.00    27.00   4083    917 0   28.41   0.17    ?   24.98   14.33   ?
35.00   0.00    28.00   3604    779 0   29.70   -2.10   ?   25.39   14.71   ?
35.00   0.00    29.00   3107    692 0   30.12   -2.57   ?   24.95   15.52   ?
35.00   0.00    30.00   3473    771 0   30.71   -3.43   ?   25.15   15.59   ?
35.00   0.00    31.00   4267    733 0   32.35   -3.95   ?   24.75   17.24   ?
35.00   0.00    33.00   3527    703 0   33.86   -5.35   ?   24.64   16.10   ?
35.00   0.00    35.00   1665    567 0   34.48   -5.84   ?   24.00   15.45   ?
35.00   0.00    37.00   0   267 0   ?   -7.38   ?   ?   15.71   ?
35.00   0.00    39.00   0   249 0   ?   -7.11   ?   ?   15.51   ?
35.00   0.00    41.00   0   270 0   ?   -6.82   ?   ?   16.44   ?
35.00   0.00    43.00   0   299 0   ?   -7.03   ?   ?   15.35   ?
35.00   0.00    45.00   0   242 0   ?   -7.51   ?   ?   14.64   ?
35.00   0.00    47.00   0   163 0   ?   -7.45   ?   ?   16.62   ?
35.00   0.00    49.00   0   162 0   ?   -5.69   ?   ?   14.98   ?
35.00   0.00    51.00   0   246 0   ?   -8.42   ?   ?   14.80   ?


# 75 mm Y traverse
# X  Y  Z  uc  vc  wc  uz  uθ  ur  uz'  uθ'  ur'
75.00   45.00   0.00    856 0   96  30.54   -13.91  ?   21.48   9.94    ?
75.00   43.00   0.00    1243    0   124 24.77   -13.84  ?   21.56   11.96   ?
75.00   41.00   0.00    951 0   46  22.10   -11.36  ?   21.82   8.62    ?
75.00   39.00   0.00    2840    0   61  20.72   -13.20  ?   22.40   9.44    ?
75.00   37.00   0.00    2998    0   55  17.35   -12.75  ?   22.30   8.66    ?
75.00   35.00   0.00    3003    0   107 13.82   -11.95  ?   22.11   7.80    ?
75.00   33.00   0.00    3318    0   83  11.42   -12.37  ?   20.98   7.53    ?
75.00   31.00   0.00    2513    0   99  8.04    -14.97  ?   19.23   10.12   ?
75.00   30.00   0.00    1790    0   70  7.17    -12.64  ?   18.36   6.76    ?
75.00   29.00   0.00    451 0   40  4.41    -12.65  ?   19.59   7.26    ?
75.00   28.00   0.00    2575    0   116 3.05    -13.26  ?   18.23   7.32    ?
75.00   27.00   0.00    525 0   73  1.87    -14.00  ?   18.06   8.06    ?
75.00   26.00   0.00    1912    0   117 -0.95   -13.44  ?   17.94   7.06    ?
75.00   25.00   0.00    1566    5   89  -2.52   -13.80  ?   16.66   5.80    ?
75.00   24.00   0.00    1725    80  100 -3.03   -13.65  -6.76   16.56   6.69    8.08
75.00   23.00   0.00    3357    206 303 -3.83   -12.50  -7.66   15.43   6.49    8.39
75.00   22.00   0.00    1357    122 215 -5.85   -12.51  -5.60   14.67   7.18    8.96
75.00   21.00   0.00    628 135 86  -5.35   -12.03  -4.69   15.51   5.37    8.11
75.00   20.00   0.00    1508    177 266 -6.19   -13.25  -6.88   13.45   6.95    7.79
75.00   19.00   0.00    1164    195 230 -8.71   -12.80  -7.41   13.26   6.73    8.29
75.00   18.00   0.00    1622    131 263 -10.62  -12.41  -6.35   13.43   6.68    7.49
75.00   17.00   0.00    1921    105 341 -12.72  -12.74  -7.93   12.46   7.31    7.90
75.00   16.00   0.00    1183    81  347 -12.03  -12.50  -6.25   12.35   6.42    8.41
75.00   15.00   0.00    796 83  165 -12.65  -11.91  -7.46   11.80   8.00    6.62
75.00   14.00   0.00    704 151 181 -14.81  -12.42  -7.09   12.14   10.04   9.02
75.00   13.00   0.00    976 193 288 -14.19  -11.22  -7.24   11.98   6.43    7.63
75.00   12.00   0.00    571 332 196 -10.59  -13.32  -7.52   18.33   11.88   7.65
75.00   11.00   0.00    352 249 157 -4.82   -14.03  -6.79   22.63   13.22   8.03
75.00   10.00   0.00    1035    305 324 -18.00  -10.72  -6.78   11.36   6.68    7.96
75.00   9.00    0.00    612 240 260 -18.52  -10.94  -6.25   11.24   6.49    8.78
75.00   8.00    0.00    748 279 189 -18.06  -12.43  -7.40   11.98   10.78   7.85
75.00   7.00    0.00    763 280 237 -18.21  -9.82   -6.84   11.33   6.42    7.87
75.00   6.00    0.00    544 217 186 -18.41  -8.42   -7.04   11.20   7.42    7.20
75.00   5.00    0.00    489 375 196 -17.59  -8.23   -7.17   12.87   7.84    7.52
75.00   4.00    0.00    252 546 146 -0.11   -14.21  -6.50   25.35   14.17   7.97
75.00   3.00    0.00    426 284 123 -18.82  -10.22  -7.33   12.05   10.29   8.33
75.00   2.00    0.00    724 375 158 -18.55  -6.88   -6.41   10.87   7.86    7.81
75.00   1.00    0.00    649 188 137 -18.02  -7.30   -11.46  12.05   7.59    10.16
75.00   0.00    0.00    445 215 125 -17.77  5.38    6.88    11.31   7.48    7.48
75.00   -1.00   0.00    725 353 151 -17.36  6.11    7.09    11.10   9.97    7.79
75.00   -2.00   0.00    714 400 156 -17.19  8.53    6.86    11.52   11.11   7.51
75.00   -3.00   0.00    617 408 133 -17.83  6.08    7.16    11.28   14.65   8.31
75.00   -4.00   0.00    813 588 161 -17.16  8.49    6.83    10.80   14.41   7.82
75.00   -5.00   0.00    1093    620 182 -17.11  0.85    7.38    11.45   9.23    7.35
75.00   -6.00   0.00    991 453 192 -18.53  0.55    7.49    10.75   12.01   7.89
75.00   -7.00   0.00    1104    350 213 -18.03  0.33    6.56    11.13   10.06   8.13
75.00   -8.00   0.00    1314    552 203 -15.89  -0.85   7.64    11.03   11.85   7.74
75.00   -9.00   0.00    1170    537 119 -15.77  -2.59   7.03    11.04   10.87   8.45
75.00   -10.00  0.00    1508    799 43  -15.30  4.52    6.76    11.17   13.38   7.90
75.00   -11.00  0.00    2220    1143    119 -14.77  -3.87   6.25    11.18   12.33   7.78
75.00   -12.00  0.00    1257    556 61  -14.14  10.02   6.00    10.45   12.92   8.69
75.00   -13.00  0.00    1012    496 4   -12.88  ?   6.22    11.36   ?   8.21
75.00   -14.00  0.00    1179    452 20  -12.33  5.27    6.73    11.57   19.12   8.23
75.00   -15.00  0.00    998 318 43  -12.36  3.15    6.46    10.39   17.67   8.05
75.00   -16.00  0.00    855 211 49  -11.38  -9.85   6.84    10.98   13.25   7.73
75.00   -17.00  0.00    1212    328 74  -10.88  -9.37   6.99    10.28   12.06   7.83
75.00   -18.00  0.00    800 216 41  -10.57  -11.87  5.59    10.50   13.30   8.51
75.00   -19.00  0.00    1283    400 91  -10.07  -8.33   6.13    10.76   10.88   8.87
75.00   -20.00  0.00    1547    429 115 -8.60   -8.06   6.93    10.09   11.22   7.35
75.00   -21.00  0.00    1276    370 113 -8.82   -10.13  6.41    10.53   12.69   7.99
75.00   -22.00  0.00    1232    317 114 -7.08   -9.01   6.22    10.02   14.87   9.12
75.00   -23.00  0.00    1346    130 87  -4.74   -9.48   5.58    9.80    13.79   8.43
75.00   -24.00  0.00    1447    177 72  -4.59   -6.99   5.92    10.30   11.44   8.48
75.00   -25.00  0.00    2610    34  100 -4.78   -7.50   5.04    10.52   13.38   6.66
75.00   -26.00  0.00    3044    0   111 -4.60   -8.76   ?   10.75   13.65   ?
75.00   -27.00  0.00    2308    0   68  -3.03   -9.59   ?   10.80   14.76   ?
75.00   -28.00  0.00    2241    0   85  -2.84   -6.22   ?   11.37   14.73   ?
75.00   -29.00  0.00    2474    0   97  -1.73   -7.64   ?   11.50   13.58   ?
75.00   -30.00  0.00    2455    0   102 -0.23   -4.93   ?   11.30   15.28   ?
75.00   -31.00  0.00    3080    0   129 1.38    -6.30   ?   11.40   14.12   ?
75.00   -33.00  0.00    2436    0   70  3.08    -3.21   ?   11.72   13.39   ?
75.00   -35.00  0.00    4077    0   4   5.62    ?   ?   12.78   ?   ?
75.00   -37.00  0.00    4884    0   116 7.96    -2.67   ?   13.02   15.49   ?
75.00   -39.00  0.00    1054    0   505 11.29   -1.34   ?   12.83   13.81   ?
75.00   -41.00  0.00    1535    0   609 13.57   -1.19   ?   14.66   12.93   ?
75.00   -43.00  0.00    4681    0   319 19.61   -0.95   ?   16.16   12.92   ?
75.00   -45.00  0.00    3698    0   68  24.79   0.85    ?   16.99   13.16   ?
75.00   -47.00  0.00    3844    0   249 32.08   -1.25   ?   17.47   12.73   ?
75.00   -49.00  0.00    3006    0   435 37.69   -2.66   ?   16.95   12.93   ?
75.00   -51.00  0.00    1387    0   819 35.88   -3.06   ?   22.86   11.95   ?


# 75 mm Z traverse
# X  Y  Z  uc  vc  wc  uz  uθ  ur  uz'  uθ'  ur'
75.00   0.00    -51.00  0   307 0   ?   -8.13   ?   ?   8.92    ?
75.00   0.00    -49.00  0   313 0   ?   -12.86  ?   ?   8.93    ?
75.00   0.00    -47.00  0   291 0   ?   -12.92  ?   ?   8.22    ?
75.00   0.00    -45.00  0   231 0   ?   -13.77  ?   ?   8.89    ?
75.00   0.00    -43.00  0   126 0   ?   -13.32  ?   ?   8.53    ?
75.00   0.00    -41.00  0   85  0   ?   -14.19  ?   ?   9.35    ?
75.00   0.00    -39.00  0   132 0   ?   -14.27  ?   ?   8.61    ?
75.00   0.00    -37.00  0   65  0   ?   -12.27  ?   ?   8.68    ?
75.00   0.00    -35.00  0   56  0   ?   -13.93  ?   ?   7.74    ?
75.00   0.00    -33.00  992 61  0   5.07    -13.20  ?   13.22   7.59    ?
75.00   0.00    -31.00  1582    140 0   4.13    -13.71  ?   13.47   7.94    ?
75.00   0.00    -30.00  1443    187 0   2.57    -13.40  ?   13.30   7.77    ?
75.00   0.00    -29.00  2182    158 0   0.61    -13.88  ?   13.66   7.60    ?
75.00   0.00    -28.00  1215    98  0   -1.31   -12.89  ?   13.47   7.24    ?
75.00   0.00    -27.00  817 74  0   -2.12   -12.92  ?   14.37   8.74    ?
75.00   0.00    -26.00  1057    99  0   -3.31   -14.59  ?   12.94   8.11    ?
75.00   0.00    -25.00  922 84  0   -3.38   -12.89  ?   12.83   8.02    ?
75.00   0.00    -24.00  539 62  6   -4.04   -13.38  ?   13.14   7.64    ?
75.00   0.00    -23.00  454 391 101 -3.84   -1.47   4.59    13.19   4.90    8.53
75.00   0.00    -22.00  672 75  80  -6.70   -13.90  2.78    12.99   6.69    9.28
75.00   0.00    -21.00  444 72  34  -7.34   -12.53  5.22    14.58   6.02    7.26
75.00   0.00    -20.00  461 120 75  -7.04   -14.22  4.11    13.59   10.95   8.55
75.00   0.00    -19.00  382 19  60  -8.04   -10.56  1.76    12.90   4.03    9.71
75.00   0.00    -18.00  333 50  93  -10.20  -12.16  3.70    11.81   5.10    8.43
75.00   0.00    -17.00  298 137 92  -9.20   -12.04  3.73    13.41   8.19    8.99
75.00   0.00    -16.00  316 128 92  -10.45  -13.48  3.50    11.42   8.90    9.41
75.00   0.00    -15.00  248 107 79  -9.88   -12.41  3.70    13.76   6.89    8.17
75.00   0.00    -14.00  309 145 123 -11.93  -12.51  3.86    12.29   6.42    8.18
75.00   0.00    -13.00  253 193 117 -13.13  -12.77  3.09    11.68   7.40    9.42
75.00   0.00    -12.00  269 151 101 -12.67  -11.73  4.88    11.23   6.65    7.77
75.00   0.00    -11.00  231 136 123 -14.01  -11.42  4.14    9.71    6.80    8.71
75.00   0.00    -10.00  224 115 78  -14.73  -11.92  4.51    12.07   6.97    7.68
75.00   0.00    -9.00   150 93  72  -14.41  -10.80  3.64    12.10   6.62    8.17
75.00   0.00    -8.00   458 297 143 -16.49  -11.58  3.90    10.53   6.46    8.20
75.00   0.00    -7.00   315 224 127 -16.67  -10.09  4.13    12.80   7.25    7.83
75.00   0.00    -6.00   307 224 52  -16.72  -10.60  4.15    10.36   6.50    9.05
75.00   0.00    -5.00   219 161 69  -17.59  -9.08   4.40    11.20   7.35    9.30
75.00   0.00    -4.00   302 184 204 -16.62  -8.71   5.22    11.49   7.09    7.92
75.00   0.00    -3.00   308 174 82  -18.73  -9.80   4.21    10.52   7.27    8.16
75.00   0.00    -2.00   295 173 88  -18.34  -8.44   6.08    11.75   8.08    7.55
75.00   0.00    -1.00   281 203 60  -17.98  -7.52   5.02    12.77   7.02    8.41
75.00   0.00    0.00    463 268 100 -17.86  -7.20   6.55    11.87   8.35    7.73
75.00   0.00    1.00    451 348 152 -18.82  5.96    -11.81  11.40   8.01    14.42
75.00   0.00    2.00    442 242 116 -18.27  6.37    -5.37   11.61   8.03    8.39
75.00   0.00    3.00    326 200 149 -17.11  4.72    -5.14   11.30   8.22    8.31
75.00   0.00    4.00    321 214 180 -18.62  4.08    -5.33   10.67   8.26    9.10
75.00   0.00    5.00    201 125 109 -18.52  3.40    -5.21   9.62    8.99    8.78
75.00   0.00    6.00    159 97  92  -18.22  3.64    -2.37   10.72   8.59    9.18
75.00   0.00    7.00    187 111 119 -15.86  0.61    -7.46   12.10   9.49    8.68
75.00   0.00    8.00    186 104 92  -16.68  0.30    -6.91   10.87   8.79    8.07
75.00   0.00    9.00    329 161 231 -16.21  -1.95   -4.98   11.94   10.06   8.96
75.00   0.00    10.00   345 139 249 -16.07  -0.55   -4.63   10.97   9.74    9.00
75.00   0.00    11.00   317 136 272 -15.46  -2.39   -6.45   11.84   9.40    8.13
75.00   0.00    12.00   324 109 203 -13.80  -3.91   -5.83   11.90   9.75    8.11
75.00   0.00    13.00   363 110 129 -14.94  0.58    -5.07   12.05   10.93   8.71
75.00   0.00    14.00   238 82  145 -13.48  -3.56   -6.05   12.28   11.30   8.69
75.00   0.00    15.00   252 81  144 -14.69  -4.95   -5.99   11.42   10.89   8.08
75.00   0.00    16.00   263 78  113 -13.14  0.17    -4.78   12.38   13.49   9.54
75.00   0.00    17.00   432 125 189 -13.79  -7.22   -7.10   11.35   9.04    7.81
75.00   0.00    18.00   798 151 280 -14.09  -4.43   -5.41   10.90   12.68   8.64
75.00   0.00    19.00   517 176 154 -13.25  7.38    -5.53   11.51   15.12   8.40
75.00   0.00    20.00   411 97  134 -12.41  -2.98   -6.14   10.49   13.53   9.09
75.00   0.00    21.00   465 149 158 -10.76  -9.15   -6.48   12.33   10.17   8.78
75.00   0.00    22.00   780 179 265 -9.84   3.70    -6.05   10.98   13.87   9.12
75.00   0.00    23.00   411 109 128 -9.24   -7.40   -4.96   11.20   11.99   9.06
75.00   0.00    24.00   413 112 94  -8.56   -9.31   -8.33   12.27   9.29    8.93
75.00   0.00    25.00   815 129 101 -9.03   -9.07   -8.89   10.97   10.30   7.65
75.00   0.00    26.00   1106    194 85  -7.03   -7.33   -6.45   12.11   10.35   8.28
75.00   0.00    27.00   740 172 0   -5.18   -10.29  ?   10.97   10.74   ?
75.00   0.00    28.00   1327    263 0   -4.08   -9.11   ?   10.83   10.71   ?
75.00   0.00    29.00   844 157 0   -2.81   -8.57   ?   11.46   11.32   ?
75.00   0.00    30.00   780 142 0   -2.73   -8.49   ?   11.37   11.04   ?
75.00   0.00    31.00   561 116 0   -1.37   -10.83  ?   11.87   11.46   ?
75.00   0.00    33.00   440 104 0   1.10    -8.59   ?   10.91   12.46   ?
75.00   0.00    35.00   0   87  0   ?   -7.54   ?   ?   11.60   ?
75.00   0.00    37.00   0   133 0   ?   -4.08   ?   ?   12.01   ?
75.00   0.00    39.00   0   114 0   ?   -7.00   ?   ?   13.51   ?
75.00   0.00    41.00   0   135 0   ?   -4.77   ?   ?   13.40   ?
75.00   0.00    43.00   0   107 0   ?   -5.23   ?   ?   15.12   ?
75.00   0.00    45.00   0   188 0   ?   -2.27   ?   ?   12.29   ?
75.00   0.00    47.00   0   247 0   ?   -1.16   ?   ?   12.55   ?
75.00   0.00    49.00   0   767 0   ?   -2.54   ?   ?   12.74   ?
75.00   0.00    51.00   0   1530    0   ?   -2.90   ?   ?   12.91   ?
