01 4.516286e-09 6.598145e-13 1.774827e+03 3.930533e+07
02 8.042821e-09 1.175608e-12 1.767757e+03 7.066563e+07
03 1.164792e-08 1.710806e-12 1.770842e+03 1.017212e+08
04 1.409185e-08 2.082820e-12 1.765187e+03 1.242912e+08
05 1.589728e-08 2.357704e-12 1.758716e+03 1.426317e+08
06 1.741840e-08 2.601147e-12 1.753858e+03 1.576700e+08
07 1.948694e-08 2.903008e-12 1.755573e+03 1.762372e+08
08 2.032361e-08 3.077071e-12 1.750383e+03 1.853441e+08
09 2.091114e-08 3.183553e-12 1.745489e+03 1.926843e+08
10 2.140566e-08 3.278599e-12 1.741412e+03 2.004494e+08
11 2.156938e-08 3.320333e-12 1.735912e+03 2.041923e+08
12 2.172545e-08 3.396680e-12 1.732179e+03 2.070802e+08
13 2.176227e-08 3.419550e-12 1.728553e+03 2.110623e+08
14 2.331687e-08 3.653424e-12 1.733017e+03 2.243537e+08
15 2.325579e-08 3.661872e-12 1.729817e+03 2.257922e+08
16 2.307166e-08 3.685665e-12 1.726331e+03 2.253974e+08
17 2.289031e-08 3.681058e-12 1.723794e+03 2.253587e+08
18 2.278638e-08 3.671427e-12 1.720968e+03 2.270016e+08
19 2.255273e-08 3.649343e-12 1.718692e+03 2.260810e+08
20 2.232626e-08 3.658367e-12 1.716310e+03 2.254204e+08
21 2.252268e-08 3.694454e-12 1.715942e+03 2.272869e+08
22 2.219560e-08 3.658737e-12 1.713837e+03 2.271876e+08
23 2.188745e-08 3.623088e-12 1.711390e+03 2.253774e+08
24 2.156996e-08 3.607821e-12 1.709005e+03 2.229465e+08
25 2.115061e-08 3.559847e-12 1.706500e+03 2.218666e+08
26 2.089155e-08 3.522775e-12 1.704391e+03 2.198834e+08
27 2.054654e-08 3.478069e-12 1.702342e+03 2.169835e+08
28 2.027088e-08 3.473270e-12 1.700534e+03 2.152062e+08
29 1.856011e-08 3.218071e-12 1.691866e+03 2.026355e+08
30 1.823763e-08 3.160949e-12 1.689791e+03 1.993368e+08
31 1.786110e-08 3.134179e-12 1.687342e+03 1.943761e+08
32 1.932628e-08 3.366505e-12 1.695072e+03 2.076304e+08
33 1.946542e-08 3.386750e-12 1.695918e+03 2.109431e+08
34 1.966402e-08 3.417818e-12 1.696455e+03 2.127486e+08
35 2.008455e-08 3.486748e-12 1.698572e+03 2.183947e+08
36 1.754243e-08 3.116399e-12 1.685591e+03 1.953760e+08
37 1.830958e-08 3.241594e-12 1.689595e+03 2.026926e+08
38 1.970394e-08 3.460761e-12 1.696753e+03 2.155289e+08
39 1.966457e-08 3.466265e-12 1.696761e+03 2.158446e+08
40 1.913331e-08 3.374404e-12 1.694332e+03 2.119982e+08
41 1.723623e-08 3.111352e-12 1.684618e+03 1.952258e+08
42 1.906974e-08 3.381183e-12 1.694388e+03 2.124651e+08
43 1.821340e-08 3.271343e-12 1.690106e+03 2.039569e+08
44 1.880368e-08 3.357505e-12 1.693182e+03 2.096607e+08
45 1.848006e-08 3.320260e-12 1.692004e+03 2.090140e+08
46 1.826048e-08 3.295255e-12 1.691107e+03 2.069297e+08
47 1.654521e-08 3.029604e-12 1.682353e+03 1.920477e+08
48 1.694780e-08 3.096960e-12 1.684654e+03 1.959879e+08
49 1.672187e-08 3.078237e-12 1.683783e+03 1.936656e+08
50 1.649371e-08 3.025225e-12 1.682828e+03 1.918434e+08
51 1.646778e-08 3.037861e-12 1.683118e+03 1.923519e+08
52 1.624261e-08 3.014302e-12 1.682461e+03 1.911298e+08
53 1.590948e-08 2.951345e-12 1.680632e+03 1.874787e+08
54 1.571421e-08 2.923433e-12 1.679842e+03 1.858610e+08
55 1.609731e-08 2.990260e-12 1.682189e+03 1.898041e+08
56 1.535245e-08 2.860176e-12 1.678408e+03 1.821904e+08
57 1.516600e-08 2.834207e-12 1.677813e+03 1.806718e+08
58 1.506596e-08 2.821283e-12 1.677634e+03 1.799886e+08
59 1.543067e-08 2.881491e-12 1.679838e+03 1.835463e+08
60 1.528349e-08 2.846261e-12 1.679250e+03 1.815107e+08
61 1.508407e-08 2.819050e-12 1.678586e+03 1.799284e+08
62 1.493423e-08 2.790915e-12 1.677924e+03 1.782768e+08
63 1.469885e-08 2.805037e-12 1.676873e+03 1.753058e+08
64 1.457986e-08 2.792101e-12 1.676824e+03 1.782091e+08
65 1.445810e-08 2.770153e-12 1.676095e+03 1.769320e+08
66 1.430087e-08 2.746093e-12 1.675495e+03 1.749732e+08
67 1.413743e-08 2.717147e-12 1.675211e+03 1.738349e+08
68 1.401081e-08 2.692768e-12 1.674409e+03 1.723785e+08
69 1.386584e-08 2.670487e-12 1.673891e+03 1.705263e+08
70 1.370869e-08 2.640424e-12 1.673402e+03 1.692961e+08
71 1.360066e-08 2.619143e-12 1.672920e+03 1.680486e+08
72 1.346318e-08 2.597333e-12 1.672443e+03 1.667613e+08
73 1.333185e-08 2.622119e-12 1.672086e+03 1.651498e+08
74 1.323058e-08 2.603401e-12 1.671616e+03 1.638694e+08
75 1.308879e-08 2.582737e-12 1.671120e+03 1.658187e+08
76 1.295971e-08 2.564395e-12 1.670692e+03 1.642388e+08
77 1.285898e-08 2.538130e-12 1.670267e+03 1.631646e+08
78 1.273529e-08 2.520484e-12 1.669863e+03 1.621169e+08
79 1.262020e-08 2.503739e-12 1.669704e+03 1.606264e+08
80 1.252342e-08 2.477522e-12 1.669140e+03 1.595670e+08
81 1.247335e-08 2.471236e-12 1.669476e+03 1.592637e+08
82 1.244029e-08 2.470078e-12 1.669714e+03 1.592791e+08
83 1.235165e-08 2.452081e-12 1.669209e+03 1.577253e+08
84 1.225143e-08 2.426725e-12 1.668847e+03 1.566971e+08
85 1.216817e-08 2.415564e-12 1.668844e+03 1.560317e+08
86 1.204352e-08 2.440200e-12 1.668154e+03 1.546067e+08
87 1.196093e-08 2.426688e-12 1.667890e+03 1.561852e+08
88 1.185041e-08 2.404079e-12 1.667863e+03 1.552810e+08
89 1.175144e-08 2.386558e-12 1.665741e+03 1.542127e+08
90 1.166844e-08 2.372127e-12 1.666970e+03 1.528931e+08
91 1.143148e-08 2.328497e-12 1.665853e+03 1.506703e+08
92 1.137229e-08 2.316044e-12 1.665618e+03 1.499192e+08
93 1.129939e-08 2.303402e-12 1.665242e+03 1.491662e+08
94 1.105242e-08 2.255007e-12 1.663944e+03 1.461543e+08
95 1.101919e-08 2.246957e-12 1.663879e+03 1.456634e+08
96 1.097336e-08 2.238822e-12 1.663820e+03 1.451673e+08
97 1.094739e-08 2.236352e-12 1.663979e+03 1.446417e+08
98 1.092142e-08 2.268120e-12 1.664160e+03 1.445235e+08
99 1.091265e-08 2.266307e-12 1.664311e+03 1.443762e+08
