79
294
304
382
662
219
303
483
512
256
282
102
294
700
479
309
382
281
355
767
387
432
367
400
352
567
573
569
378
598
335
532
19
395
473
312
506
685
406
872
836
460
385
508
423
202
275
908
27
530
294
417
375
605
332
234
338
293
724
225
408
316
395
132
393
194
388
225
17
0
0
318
434
289
421
322
376
258
195
131
340
241
564
696
307
478
337
358
453
395
74
381
434
126
469
490
379
483
219
484
633
368
425
207
151
340
618
0
289
441
374
15
6
309
432
218
317
502
681
605
161
368
406
436
802
449
286
551
163
145
225
376
344
390
454
377
487
720
686
396
471
480
534
19
659
309
257
330
229
202
433
338
180
217
306
440
265
641
558
316
281
401
47
386
264
474
459
357
478
243
144
803
342
286
159
587
388
457
524
446
300
451
637
277
287
533
285
359
321
342
3
5
303
567
198
383
166
383
134
247
21
263
297
341
243
419
190
456
252
362
233
472
254
457
362
516
380
450
214
511
260
313
411
512
448
301
331
302
412
603
201
256
415
431
417
469
352
400
370
511
376
549
300
92
297
440
248
796
71
185
12
240
328
458
0
451
510
455
457
327
325
369
423
272
300
124
400
465
412
357
509
352
248
447
312
491
592
409
226
291
304
279
68
299
509
397
625
391
414
311
244
273
403
325
19
419
580
427
305
335
