892
347
565
1256
240
403
345
800
439
709
394
680
274
370
451
685
325
807
503
655
449
505
162
383
432
509
389
345
228
491
294
815
312
508
479
433
566
245
298
512
622
481
400
488
526
279
269
668
0
217
640
616
324
524
370
309
0
558
397
231
581
221
327
484
391
243
679
379
375
362
458
540
374
726
301
363
212
443
932
284
509
145
468
440
307
819
322
437
503
509
695
886
703
368
303
536
376
639
504
574
418
436
323
977
511
323
573
63
452
388
462
182
295
614
446
95
576
435
418
390
413
818
564
422
348
656
508
353
616
270
260
860
317
376
389
311
348
312
413
543
277
414
381
544
446
625
576
186
493
492
311
289
474
373
418
473
466
581
393
249
450
368
22
326
609
436
732
754
400
1028
355
300
384
637
636
520
635
270
724
402
445
774
333
376
374
359
444
544
418
249
427
612
693
539
244
512
658
650
262
362
371
365
353
316
343
544
796
244
110
463
543
230
573
585
651
548
418
515
431
506
743
564
497
226
780
271
616
325
535
424
282
353
792
811
446
339
613
335
223
404
393
680
608
522
491
177
457
287
412
482
533
471
396
451
344
395
235
431
435
665
599
189
403
301
0
454
753
739
606
300
716
900
338
454
136
425
740
314
386
706
482
1089
436
331
850
504
577
569
590
312
419
588
330
407
455
559
566
298
526
829
