   1.1760700e+01
   1.3426800e+01
   2.1406000e+01
   3.9009400e+01
   5.6781800e+01
   7.2528800e+01
   9.0054500e+01
   1.1129670e+02
   1.2812590e+02
   1.2722350e+02
   1.1019840e+02
   8.3798000e+01
   7.1366500e+01
   5.0378000e+01
   3.3684700e+01
   1.9812700e+01
   1.2819100e+01
   1.3211600e+01
   1.7674400e+01
   1.5723000e+01
   1.3061500e+01
   9.4290000e+00
   1.0588000e+01
   1.0844400e+01
   1.5811400e+01
   2.0757300e+01
   2.4496600e+01
   3.7898600e+01
   5.2081000e+01
   5.8888900e+01
   6.6434000e+01
   6.8210600e+01
   7.7144600e+01
   7.2924500e+01
   7.8401200e+01
   7.9906200e+01
   7.5584900e+01
   8.6721600e+01
   8.0839000e+01
   8.5553800e+01
   7.0970000e+01
   7.8630800e+01
   7.7028300e+01
   7.0831500e+01
   6.5086500e+01
   6.6265600e+01
   7.3873900e+01
   6.8819600e+01
   6.9648600e+01
   6.1572200e+01
   5.8017200e+01
   4.9989800e+01
   3.6609500e+01
   3.2534100e+01
   2.7613600e+01
   2.3891400e+01
   2.0904500e+01
   1.5117800e+01
   1.4339200e+01
   1.8500000e+01
   1.9088000e+01
   2.0656000e+01
   1.8930900e+01
   2.0485000e+01
   3.3403200e+01
   5.3894400e+01
   5.7030700e+01
   4.6852800e+01
   3.2064000e+01
   2.7745800e+01
   3.5359200e+01
   5.0663600e+01
   5.7373900e+01
   5.6504800e+01
   6.1336800e+01
   6.0600400e+01
   5.7808300e+01
   6.0578200e+01
   6.3541000e+01
   6.0016800e+01
   6.4813000e+01
   6.1948000e+01
   5.2386200e+01
   4.1337000e+01
   5.1636600e+01
   5.9816200e+01
   5.4548600e+01
   3.7842300e+01
   3.3959300e+01
   3.0929000e+01
   3.3796000e+01
   2.8258400e+01
   2.9319000e+01
   3.1938400e+01
   3.4438500e+01
   3.0294500e+01
   3.7862000e+01
   3.9708500e+01
   4.9564800e+01
   5.9526200e+01
   5.8065200e+01
   6.9258000e+01
   7.2589600e+01
   7.2459800e+01
   7.5505100e+01
   7.7285400e+01
   7.7368800e+01
   8.1347200e+01
   8.6663800e+01
   8.7403100e+01
   8.9763400e+01
   1.0283580e+02
   1.1995500e+02
   1.1706480e+02
   1.2310060e+02
   1.2494330e+02
   1.3179330e+02
   1.4399660e+02
   1.5305160e+02
   1.5769970e+02
   1.6047480e+02
   1.7447830e+02
   1.9056500e+02
   1.8025600e+02
   1.8713700e+02
   1.8557510e+02
   2.0676510e+02
   2.1946790e+02
   2.2278580e+02
   2.2959800e+02
   2.3152370e+02
   2.4100510e+02
   2.4289960e+02
   2.4838440e+02
   2.5106920e+02
   2.6165530e+02
   2.6909000e+02
   2.6435670e+02
   2.7070880e+02
   2.8137040e+02
   2.8288000e+02
   2.9122000e+02
   2.9781000e+02
   2.8936720e+02
   2.9804000e+02
   3.1553000e+02
   3.1800000e+02
   3.2569000e+02
   3.3227000e+02
   3.1253000e+02
   3.1016000e+02
   2.9951060e+02
   3.0250000e+02
   3.0126000e+02
   3.0209320e+02
   3.0585380e+02
   3.1270830e+02
   3.2156000e+02
   3.2813720e+02
   3.1273110e+02
   3.3053800e+02
   3.3975150e+02
   3.3867890e+02
   3.3575000e+02
   3.3574000e+02
   3.4034000e+02
   3.3668000e+02
   3.4338000e+02
   3.3254000e+02
   3.5159000e+02
   3.5817000e+02
   3.5526000e+02
   3.6338000e+02
   3.5983000e+02
   3.6284000e+02
   3.6777000e+02
   3.6543000e+02
   3.6883000e+02
   3.7556000e+02
   3.6302000e+02
   3.5831000e+02
   3.5116000e+02
   3.4184000e+02
   3.6556000e+02
   3.9258000e+02
   3.8366000e+02
   3.6863000e+02
   3.5887000e+02
   3.7197000e+02
   3.7745000e+02
   3.9356000e+02
   3.9244000e+02
   4.1532000e+02
   3.8446000e+02
   3.8101000e+02
   3.9198000e+02
   3.8511000e+02
   3.9878000e+02
   4.0324000e+02
   3.9191000e+02
   3.7768000e+02
   3.8994000e+02
   4.0496000e+02
   4.0782000e+02
   4.2824000e+02
   3.9790000e+02
   4.0082000e+02
   4.0453000e+02
   4.0771000e+02
   4.1213000e+02
   4.1076000e+02
   4.2222000e+02
   4.2194000e+02
   4.2137000e+02
   4.1831000e+02
   4.2074000e+02
   4.2374000e+02
   4.2763000e+02
   4.2030000e+02
   4.3617000e+02
   4.3556000e+02
   4.3282000e+02
   4.2671000e+02
   4.3150000e+02
   4.2722000e+02
   4.2036000e+02
   4.3696000e+02
   4.3647000e+02
   4.2690000e+02
   4.5157000e+02
   4.4434000e+02
   4.4028000e+02
   4.4757000e+02
   4.5501000e+02
   4.5580000e+02
   4.5832000e+02
   4.6857000e+02
   4.5839000e+02
   4.3736000e+02
   4.1731000e+02
   4.5387000e+02
   4.6472000e+02
   4.5611000e+02
   4.6068000e+02
   4.5097000e+02
   4.7526000e+02
   4.5990000e+02
   4.6067000e+02
   4.5175000e+02
   4.5382000e+02
   4.5228000e+02
   4.6719000e+02
   4.6336000e+02
   4.8066000e+02
   4.7018000e+02
   4.4819000e+02
   4.5427000e+02
   4.4185000e+02
   4.0884000e+02
   4.4332000e+02
   4.4608000e+02
   4.6069000e+02
   4.8240000e+02
   4.6264000e+02
   4.6198000e+02
   4.5525000e+02
   4.6377000e+02
   4.5579000e+02
   4.6367000e+02
   4.4518000e+02
   4.4284000e+02
   4.5668000e+02
   4.5741000e+02
   4.6087000e+02
   4.6414000e+02
   4.6003000e+02
   4.4566000e+02
   4.4966000e+02
   4.5701000e+02
   4.6525000e+02
   4.7018000e+02
   4.6072000e+02
   4.6627000e+02
   4.5897000e+02
   4.5322000e+02
   4.5670000e+02
   4.5315000e+02
   4.5566000e+02
   4.4631000e+02
   4.4350000e+02
   4.5063000e+02
   4.4198000e+02
   4.3689000e+02
   4.5416000e+02
   4.7028000e+02
   4.4350000e+02
   3.9273000e+02
   4.0334000e+02
   4.2153000e+02
   4.3463000e+02
   4.2462000e+02
   4.2644000e+02
   4.2893000e+02
   4.1615000e+02
   4.0420000e+02
   3.9451000e+02
   3.9612000e+02
   3.9891000e+02
   3.9841000e+02
   3.9267000e+02
   3.9582000e+02
   3.9647000e+02
   3.9755000e+02
   3.9661000e+02
   3.9928000e+02
   3.7346000e+02
   3.8780000e+02
   3.9377000e+02
   3.9552000e+02
   3.9531000e+02
   3.9149000e+02
   3.8489000e+02
   3.7651900e+02
   3.7347000e+02
   3.7517000e+02
   3.7763000e+02
   3.8015000e+02
   3.7994000e+02
   3.6441000e+02
   3.6255000e+02
   3.6466000e+02
   3.5470000e+02
   3.5463000e+02
   3.4662000e+02
   3.4451000e+02
   3.4858000e+02
   3.5808000e+02
   3.4483000e+02
   3.2923000e+02
   3.2847000e+02
   3.2444000e+02
   3.3352000e+02
   3.1097000e+02
   3.1453000e+02
   3.1389000e+02
   3.0501000e+02
   3.1282000e+02
   2.9541000e+02
   2.8962000e+02
   2.9442000e+02
   3.0099000e+02
   2.9700000e+02
   2.9180000e+02
   2.8321000e+02
   2.7288000e+02
   2.7718000e+02
   2.7275000e+02
   2.8407310e+02
   2.7775000e+02
   2.9242000e+02
   2.8568000e+02
   2.7653000e+02
   2.7039000e+02
   2.5658000e+02
   2.4901000e+02
   2.6144000e+02
   2.6555000e+02
   2.5325770e+02
   2.5267820e+02
   2.5165000e+02
   2.5194000e+02
   2.4508000e+02
   2.2518000e+02
   2.1703000e+02
   2.2876000e+02
   2.2997000e+02
   2.2202000e+02
   2.2427000e+02
   2.0512350e+02
   1.9875580e+02
   1.8852580e+02
   1.7646420e+02
   1.5820700e+02
   1.4213970e+02
   1.4137570e+02
   1.3727620e+02
   1.3416580e+02
   1.3567970e+02
   1.2148780e+02
   1.0369710e+02
   1.1014880e+02
   1.4022460e+02
   1.5118980e+02
   1.7242980e+02
   1.7398490e+02
   1.8434000e+02
   1.9189550e+02
   1.8659000e+02
   1.8237740e+02
   1.8664270e+02
   1.8203870e+02
   1.9007900e+02
   1.9029680e+02
   1.8287800e+02
   1.6795180e+02
   1.7074820e+02
   1.7120570e+02
   1.7092600e+02
   1.7940560e+02
   1.7552340e+02
   1.7739630e+02
   1.5918930e+02
   1.6124570e+02
   1.6576750e+02
   1.6133830e+02
   1.5965110e+02
   1.5858640e+02
   1.5839370e+02
   1.5559620e+02
   1.4589230e+02
   1.4966940e+02
   1.4997960e+02
   1.4605750e+02
   1.4715250e+02
   1.4764810e+02
   1.4333700e+02
   1.4074360e+02
   1.3889920e+02
   1.4008130e+02
   1.3782780e+02
   1.3727830e+02
   1.3989610e+02
   1.3829380e+02
   1.3721260e+02
   1.3834690e+02
   1.3620990e+02
   1.3491590e+02
   1.2923690e+02
   1.3067500e+02
   1.3858020e+02
   1.3414350e+02
   1.3548770e+02
   1.2838810e+02
   1.2193300e+02
   1.2008100e+02
   1.2242210e+02
   1.2041900e+02
   1.1642570e+02
   1.1265720e+02
   1.1583820e+02
   1.1027870e+02
   1.1272520e+02
   1.0934420e+02
   1.0553200e+02
   9.8293300e+01
   1.1028610e+02
   1.1676900e+02
   1.1177020e+02
   1.1546020e+02
   1.1101700e+02
   1.1081220e+02
   1.0805050e+02
   1.0909490e+02
   1.0680520e+02
   1.0042270e+02
   1.0181020e+02
   1.0701140e+02
   1.0677390e+02
   1.0302880e+02
   1.0659390e+02
   9.8513200e+01
   1.1248910e+02
   1.0032410e+02
   9.3187400e+01
   9.6072900e+01
   9.8665200e+01
   9.5511200e+01
   9.2168600e+01
   9.6458700e+01
   9.0146300e+01
   8.8616600e+01
   8.3361600e+01
   8.5026200e+01
   8.7626000e+01
   8.9988600e+01
   9.4460700e+01
   9.2188800e+01
   8.1606100e+01
   8.5247200e+01
   8.8432200e+01
   8.6157000e+01
   8.5301000e+01
   8.5972100e+01
   8.4092800e+01
   7.9718200e+01
   7.7882800e+01
   7.3477400e+01
   7.7058600e+01
   7.4366600e+01
   7.2527200e+01
   8.0314200e+01
   7.8287000e+01
   7.8321600e+01
   6.7527600e+01
   7.1378600e+01
   7.3973700e+01
   7.1168900e+01
   7.0456800e+01
   6.8838000e+01
   6.1991000e+01
   5.5895200e+01
   4.9888800e+01
   4.4685000e+01
   4.8285200e+01
   5.1413200e+01
   5.1373000e+01
   6.1257200e+01
   5.3591400e+01
   5.6617200e+01
   5.8525000e+01
   5.5467400e+01
   4.5401400e+01
   4.6197200e+01
   4.1213400e+01
   4.3167200e+01
   3.4450800e+01
   3.4211000e+01
   3.3359600e+01
   3.7817900e+01
   4.2965800e+01
   3.8094400e+01
   3.9934800e+01
   3.5755800e+01
   3.1876700e+01
   3.2381600e+01
   2.8470000e+01
   2.3549200e+01
   2.3203000e+01
   1.8859300e+01
   1.4914000e+01
   1.8414000e+01
